time,+/Nck/!SD/nckServoDataActCurr32 [u1; 1],+/Nck/!SD/nckServoDataActCurr32 [u1; 2],+/Nck/!SD/nckServoDataActCurr32 [u1; 4],+/Nck/!SD/nckServoDataActPos1stEnc32 [u1; 2],+/Nck/!SD/nckServoDataActPos1stEnc32 [u1; 3],+/Nck/!SD/nckServoDataActPos1stEnc32 [u1; 4],+/Channel/!RP/rpa [u1; 15],+/Nck/!SD/nckServoDataActCurr32 [u1; 3],+/Nck/!SD/nckServoDataActPos1stEnc32 [u1; 1]
0.000000,0.184570,-0.115360,1.845700,204.315960,-334.870270,4224361.500000,1.000000,3.150510,-399.500890
0.002000,0.183290,-0.116640,2.194340,204.315960,-334.870390,4224386.500000,,3.144100,
0.004000,0.183290,-0.117920,2.235350,204.315960,-334.870510,4224411.500000,,3.141540,
0.006000,0.182010,-0.119200,2.020020,204.315960,-334.870640,4224437.000000,,3.138980,
0.008000,0.182010,-0.119200,1.702150,204.315960,-334.870730,4224462.500000,1.000000,3.136410,-399.500920
0.010000,0.182010,-0.119200,1.661130,204.315950,-334.870820,4224487.500000,,3.137700,
0.012000,0.182010,-0.119200,1.661130,204.315930,-334.870910,4224513.000000,,3.141540,
0.014000,0.182010,-0.120480,2.009770,204.315930,-334.871060,4224538.000000,,3.144100,
0.016000,0.182010,-0.119200,1.886720,204.315930,-334.871150,4224563.500000,1.000000,3.151790,-399.500920
0.018000,0.182010,-0.091000,1.845700,204.315950,-334.871280,4224588.500000,,3.162050,
0.020000,0.182010,0.278140,1.804690,204.316480,-334.871370,4224614.000000,,3.167180,
0.022000,0.183290,0.311460,1.497070,204.317760,-334.871460,4224639.500000,,3.172300,
0.024000,0.182010,0.334530,1.640630,204.319020,-334.871490,4224665.000000,1.000000,3.171020,-399.500920
0.026000,0.183290,0.434510,1.538090,204.320130,-334.871490,4224690.000000,,3.167180,
0.028000,0.183290,0.557560,1.989260,204.321430,-334.871490,4224715.000000,,3.165890,
0.030000,0.184570,0.654970,2.143070,204.323230,-334.871550,4224740.500000,,3.171020,
0.032000,0.183290,0.762630,2.050780,204.325650,-334.871610,4224766.000000,1.000000,3.176150,-399.500950
0.034000,0.183290,0.875430,1.866210,204.328860,-334.871610,4224791.000000,,3.174870,
0.036000,0.183290,1.018980,1.804690,204.332980,-334.871610,4224816.500000,,3.174870,
0.038000,0.183290,1.176640,1.979000,204.338260,-334.871610,4224841.500000,,3.169740,
0.040000,0.183290,1.329160,2.009770,204.344960,-334.871610,4224867.000000,1.000000,3.168460,-399.500950
0.040000,0.183290,1.329160,2.009770,204.344960,-334.871610,4224867.000000,1.000000,3.168460,-399.500950
0.042000,0.184570,1.467590,2.163570,204.353360,-334.871640,4224892.500000,,3.169740,
0.044000,0.184570,1.585510,1.876460,204.363650,-334.871700,4224917.500000,,3.172300,
0.046000,0.184570,1.668820,1.835450,204.376010,-334.871730,4224943.000000,,3.174870,
0.048000,0.184570,1.717530,1.507320,204.390500,-334.871770,4224968.500000,1.000000,3.181270,-399.500950
0.050000,0.184570,1.740600,1.650880,204.407170,-334.871770,4224993.500000,,3.183840,
0.052000,0.185850,1.748290,1.753420,204.425920,-334.871800,4225018.500000,,3.188960,
0.054000,0.184570,1.730350,1.855960,204.446730,-334.871830,4225044.000000,,3.192810,
0.056000,0.184570,1.668820,2.009770,204.469510,-334.871860,4225069.500000,1.000000,3.197940,-399.500950
0.058000,0.184570,1.580380,1.886720,204.494090,-334.871860,4225095.000000,,3.201780,
0.060000,0.184570,1.485530,1.896970,204.520190,-334.871860,4225120.000000,,3.206910,
0.062000,0.184570,1.386840,1.876460,204.547610,-334.871860,4225145.000000,,3.209470,
0.064000,0.184570,1.272770,1.814940,204.576160,-334.871830,4225170.500000,1.000000,3.210750,-399.500950
0.066000,0.184570,1.158690,1.763670,204.605650,-334.871860,4225196.000000,,3.215880,
0.068000,0.184570,1.068970,1.999510,204.635770,-334.871860,4225221.000000,,3.218440,
0.070000,0.185850,1.002320,2.112300,204.666320,-334.871830,4225246.500000,,3.218440,
0.072000,0.184570,0.944640,1.640630,204.697170,-334.871830,4225272.000000,1.000000,3.224850,-399.500950
0.074000,0.184570,0.888240,1.814940,204.728230,-334.871830,4225297.000000,,3.226140,
0.076000,0.185850,0.848510,1.415040,204.759310,-334.871830,4225322.000000,,3.227420,
0.078000,0.185850,0.811340,1.712400,204.790330,-334.871830,4225347.500000,,3.232540,
0.080000,0.185850,0.788270,1.773930,204.821230,-334.871830,4225373.000000,1.000000,3.236390,-399.500950
0.082000,0.185850,0.771610,1.497070,204.852100,-334.871800,4225398.500000,,3.236390,
0.084000,0.184570,0.737000,1.773930,204.882980,-334.871800,4225423.500000,,3.240230,
0.086000,0.184570,0.678040,1.743160,204.914000,-334.871800,4225449.000000,,3.244080,
0.088000,0.184570,0.615230,2.132810,204.945070,-334.871770,4225474.000000,1.000000,3.244080,-399.500950
0.090000,0.185850,0.540890,1.958500,204.976240,-334.871770,4225499.500000,,3.245360,
0.092000,0.184570,0.476810,2.061040,205.007430,-334.871770,4225524.500000,,3.251770,
0.094000,0.183290,0.435790,1.876460,205.038560,-334.871770,4225550.000000,,3.249210,
0.096000,0.182010,0.417850,1.773930,205.069610,-334.871770,4225575.500000,1.000000,3.250490,-399.500950
0.098000,0.180730,0.402470,1.825200,205.100630,-334.871770,4225600.500000,,3.253050,
0.100000,0.180730,0.389650,2.030270,205.131590,-334.871770,4225625.500000,,3.251770,
0.102000,0.180730,0.390930,1.999510,205.162490,-334.871770,4225651.000000,,3.253050,
0.104000,0.179440,0.412720,1.876460,205.193300,-334.871770,4225676.500000,1.000000,3.255620,-399.500950
0.106000,0.176880,0.437070,1.927730,205.224080,-334.871770,4225702.000000,,3.254330,
0.108000,0.175600,0.457580,1.671390,205.254870,-334.871770,4225727.500000,,3.256900,
0.110000,0.175600,0.480650,1.589360,205.285710,-334.871770,4225752.500000,,3.259460,
0.112000,0.174320,0.506290,1.476560,205.316570,-334.871770,4225777.500000,1.000000,3.258180,-399.500980
0.114000,0.173030,0.529360,1.876460,205.347520,-334.871770,4225803.000000,,3.260740,
0.116000,0.171750,0.542180,2.450680,205.378560,-334.871770,4225828.500000,,3.263310,
0.118000,0.170470,0.561400,2.050780,205.409670,-334.871770,4225853.500000,,3.264590,
0.120000,0.170470,0.572940,2.071290,205.440900,-334.871770,4225879.000000,1.000000,3.264590,-399.501010
0.122000,0.169190,0.588320,1.650880,205.472170,-334.871770,4225904.000000,,3.269710,
0.124000,0.167910,0.594730,1.609860,205.503540,-334.871770,4225929.500000,,3.271000,
0.126000,0.167910,0.601140,1.681640,205.534990,-334.871730,4225954.500000,,3.273560,
0.128000,0.165340,0.625490,1.968750,205.566410,-334.871730,4225980.000000,1.000000,3.277400,-399.501010
0.130000,0.166630,0.679320,1.937990,205.597780,-334.871730,4226005.500000,,3.278690,
0.132000,0.164060,0.729310,1.866210,205.629120,-334.871730,4226031.000000,,3.281250,
0.134000,0.162780,0.765200,1.763670,205.660540,-334.871730,4226056.000000,,3.285100,
0.136000,0.162780,0.788270,1.527830,205.692080,-334.871700,4226081.000000,1.000000,3.286380,-399.501040
0.138000,0.161500,0.788270,1.486820,205.723720,-334.871700,4226106.500000,,3.288940,
0.140000,0.161500,0.784420,1.527830,205.755460,-334.871700,4226132.000000,,3.291500,
0.142000,0.161500,0.779300,1.948240,205.787260,-334.871700,4226157.000000,,3.294070,
0.144000,0.161500,0.779300,2.266110,205.819090,-334.871700,4226182.500000,1.000000,3.294070,-399.501040
0.146000,0.160220,0.786990,2.081540,205.850880,-334.871700,4226207.500000,,3.299190,
0.148000,0.160220,0.789550,1.927730,205.882680,-334.871700,4226233.000000,,3.301760,
0.150000,0.161500,0.779300,1.743160,205.914470,-334.871670,4226258.000000,,3.304320,
0.152000,0.161500,0.769040,2.050780,205.946290,-334.871670,4226283.500000,1.000000,3.309450,-399.501070
0.154000,0.162780,0.754940,1.855960,205.978100,-334.871640,4226309.000000,,3.312010,
0.156000,0.165340,0.743410,2.143070,206.009920,-334.871640,4226334.500000,,3.312010,
0.158000,0.166630,0.719060,1.937990,206.041720,-334.871610,4226359.500000,,3.315860,
0.160000,0.167910,0.693420,1.886720,206.073530,-334.871610,4226384.500000,1.000000,3.317140,-399.501070
0.162000,0.169190,0.666500,1.650880,206.105350,-334.871610,4226410.000000,,3.319700,
0.164000,0.171750,0.625490,1.620120,206.137220,-334.871610,4226435.500000,,3.320980,
0.166000,0.174320,0.572940,1.958500,206.169170,-334.871610,4226461.000000,,3.320980,
0.168000,0.176880,0.517820,1.753420,206.201110,-334.871610,4226486.000000,1.000000,3.323550,-399.501040
0.170000,0.178160,0.483220,2.050780,206.232970,-334.871610,4226511.500000,,3.326110,
0.172000,0.180730,0.462710,1.937990,206.264690,-334.871610,4226536.500000,,3.328670,
0.174000,0.182010,0.439640,1.999510,206.296370,-334.871610,4226562.000000,,3.329960,
0.176000,0.184570,0.415280,1.968750,206.327960,-334.871610,4226587.000000,1.000000,3.332520,-399.501040
0.178000,0.184570,0.407590,1.722660,206.359440,-334.871610,4226612.500000,,3.335080,
0.180000,0.187130,0.433230,2.020020,206.390720,-334.871580,4226638.000000,,3.333800,
0.182000,0.188420,0.479370,2.071290,206.421830,-334.871550,4226663.000000,,3.335080,
0.184000,0.189700,0.528080,2.112300,206.452870,-334.871550,4226688.000000,1.000000,3.337650,-399.501040
0.186000,0.190980,0.540890,1.609860,206.483960,-334.871550,4226713.500000,,3.336360,
0.188000,0.190980,0.531920,1.671390,206.515230,-334.871550,4226739.000000,,3.337650,
0.190000,0.193540,0.506290,1.507320,206.546620,-334.871550,4226764.500000,,3.338930,
0.192000,0.192260,0.480650,1.486820,206.578090,-334.871550,4226789.500000,1.000000,3.337650,-399.501010
0.194000,0.192260,0.466550,1.886720,206.609630,-334.871550,4226815.000000,,3.340210,
0.196000,0.192260,0.478090,1.599610,206.641110,-334.871550,4226840.000000,,3.341490,
0.198000,0.192260,0.498600,1.917480,206.672580,-334.871550,4226865.500000,,3.341490,
0.200000,0.190980,0.517820,1.743160,206.704040,-334.871550,4226890.500000,1.000000,3.346620,-399.501010
0.202000,0.189700,0.539610,1.784180,206.735500,-334.871550,4226916.000000,,3.349180,
0.204000,0.189700,0.554990,2.122560,206.766970,-334.871550,4226941.500000,,3.349180,
0.206000,0.185850,0.574220,1.794430,206.798450,-334.871550,4226966.500000,,3.353030,
0.208000,0.184570,0.602420,2.030270,206.829900,-334.871520,4226991.500000,1.000000,3.355590,-399.501010
0.208000,0.184570,0.602420,2.030270,206.829900,-334.871520,4226991.500000,1.000000,3.355590,-399.501010
0.210000,0.184570,0.642150,1.794430,206.861280,-334.871520,4227017.000000,,3.354310,
0.212000,0.183290,0.674190,2.050780,206.892680,-334.871520,4227042.500000,,3.358150,
0.214000,0.182010,0.701110,1.753420,206.924120,-334.871520,4227068.000000,,3.359440,
0.216000,0.180730,0.704960,1.784180,206.955700,-334.871520,4227093.000000,1.000000,3.359440,-399.501040
0.218000,0.179440,0.697270,1.804690,206.987370,-334.871490,4227118.500000,,3.359440,
0.220000,0.180730,0.690860,1.866210,207.019120,-334.871490,4227143.500000,,3.360720,
0.222000,0.178160,0.687010,1.907230,207.050860,-334.871490,4227169.000000,,3.363280,
0.224000,0.176880,0.663940,1.599610,207.082720,-334.871490,4227194.000000,1.000000,3.364560,-399.501040
0.226000,0.176880,0.624210,1.568850,207.114690,-334.871490,4227219.500000,,3.368410,
0.228000,0.176880,0.587040,1.743160,207.146680,-334.871490,4227245.000000,,3.369690,
0.230000,0.178160,0.583190,2.255860,207.178540,-334.871490,4227270.000000,,3.372250,
0.232000,0.176880,0.596010,2.040530,207.210310,-334.871460,4227295.500000,1.000000,3.377380,-399.501040
0.234000,0.175600,0.619080,2.122560,207.241960,-334.871460,4227320.500000,,3.378660,
0.236000,0.176880,0.642150,1.773930,207.273590,-334.871460,4227346.000000,,3.381230,
0.238000,0.176880,0.640870,1.650880,207.305210,-334.871460,4227371.500000,,3.382510,
0.240000,0.176880,0.633180,1.855960,207.336840,-334.871460,4227397.000000,1.000000,3.382510,-399.501040
0.242000,0.176880,0.620360,1.784180,207.368480,-334.871460,4227422.000000,,3.383790,
0.244000,0.178160,0.598570,1.958500,207.400210,-334.871430,4227447.000000,,3.383790,
0.246000,0.178160,0.598570,1.876460,207.431850,-334.871430,4227472.500000,,3.383790,
0.248000,0.178160,0.606260,1.804690,207.463460,-334.871430,4227498.000000,1.000000,3.385070,-399.501040
0.250000,0.179440,0.603700,1.640630,207.495060,-334.871430,4227523.000000,,3.385070,
0.252000,0.179440,0.576780,1.456050,207.526730,-334.871460,4227548.500000,,3.387630,
0.254000,0.180730,0.540890,1.445800,207.558460,-334.871430,4227574.000000,,3.388920,
0.256000,0.180730,0.507570,1.866210,207.590190,-334.871430,4227599.000000,1.000000,3.391480,-399.501040
0.258000,0.180730,0.481930,2.184080,207.621890,-334.871430,4227624.000000,,3.394040,
0.260000,0.180730,0.471680,2.112300,207.653520,-334.871400,4227649.500000,,3.395320,
0.262000,0.179440,0.480650,1.937990,207.685040,-334.871400,4227675.000000,,3.396610,
0.264000,0.179440,0.492190,1.691890,207.716510,-334.871400,4227700.500000,1.000000,3.397890,-399.501040
0.266000,0.179440,0.494750,1.896970,207.747970,-334.871400,4227725.500000,,3.396610,
0.268000,0.179440,0.483220,1.835450,207.779500,-334.871370,4227750.500000,,3.396610,
0.270000,0.180730,0.474240,2.102050,207.811040,-334.871400,4227776.000000,,3.397890,
0.272000,0.179440,0.475520,1.907230,207.842560,-334.871370,4227801.500000,1.000000,3.397890,-399.501040
0.274000,0.178160,0.480650,1.907230,207.874070,-334.871370,4227826.500000,,3.397890,
0.276000,0.178160,0.478090,1.620120,207.905590,-334.871400,4227852.000000,,3.399170,
0.278000,0.178160,0.470400,1.712400,207.937160,-334.871400,4227877.500000,,3.400450,
0.280000,0.178160,0.479370,1.794430,207.968660,-334.871370,4227902.500000,1.000000,3.401730,-399.501040
0.282000,0.178160,0.510130,1.794430,208.000050,-334.871370,4227927.500000,,3.404300,
0.284000,0.176880,0.553710,2.132810,208.031360,-334.871370,4227953.000000,,3.405580,
0.286000,0.175600,0.583190,1.937990,208.062700,-334.871370,4227978.500000,,3.406860,
0.288000,0.174320,0.612670,1.937990,208.094060,-334.871340,4228004.000000,1.000000,3.406860,-399.501040
0.290000,0.174320,0.620360,1.958500,208.125490,-334.871340,4228029.000000,,3.408140,
0.292000,0.175600,0.617800,1.876460,208.157010,-334.871340,4228054.000000,,3.408140,
0.294000,0.175600,0.611390,1.968750,208.188630,-334.871340,4228079.500000,,3.409420,
0.296000,0.175600,0.617800,2.266110,208.220280,-334.871340,4228105.000000,1.000000,3.409420,-399.501040
0.298000,0.175600,0.633180,2.030270,208.251920,-334.871340,4228130.000000,,3.410710,
0.300000,0.176880,0.646000,1.702150,208.283620,-334.871340,4228155.500000,,3.413270,
0.302000,0.176880,0.643430,1.702150,208.315370,-334.871340,4228181.000000,,3.411990,
0.304000,0.178160,0.630620,1.456050,208.347170,-334.871340,4228206.000000,1.000000,3.414550,-399.501040
0.306000,0.179440,0.617800,1.712400,208.378980,-334.871340,4228231.500000,,3.415830,
0.308000,0.180730,0.610110,1.753420,208.410780,-334.871340,4228256.500000,,3.418400,
0.310000,0.182010,0.613950,1.835450,208.442520,-334.871340,4228282.000000,,3.420960,
0.312000,0.182010,0.625490,1.896970,208.474200,-334.871340,4228307.500000,1.000000,3.424800,-399.501040
0.314000,0.182010,0.651120,1.784180,208.505800,-334.871340,4228332.500000,,3.424800,
0.316000,0.183290,0.657530,1.763670,208.537400,-334.871340,4228357.500000,,3.424800,
0.318000,0.184570,0.648560,1.907230,208.569030,-334.871340,4228383.000000,,3.426090,
0.320000,0.188420,0.626770,1.948240,208.600720,-334.871310,4228408.500000,1.000000,3.427370,-399.501040
0.322000,0.188420,0.608830,1.835450,208.632430,-334.871310,4228434.000000,,3.426090,
0.324000,0.189700,0.588320,1.968750,208.664170,-334.871310,4228459.000000,,3.427370,
0.326000,0.190980,0.556270,2.020020,208.695970,-334.871310,4228484.500000,,3.427370,
0.328000,0.190980,0.528080,1.804690,208.727770,-334.871310,4228509.500000,1.000000,3.427370,-399.501040
0.330000,0.193540,0.502440,1.763670,208.759550,-334.871310,4228535.000000,,3.428650,
0.332000,0.194820,0.493470,1.896970,208.791290,-334.871310,4228560.000000,,3.429930,
0.334000,0.194820,0.488340,1.743160,208.822970,-334.871310,4228585.500000,,3.431210,
0.336000,0.194820,0.484500,1.968750,208.854640,-334.871310,4228611.000000,1.000000,3.432500,-399.501010
0.338000,0.194820,0.483220,1.609860,208.886230,-334.871310,4228636.500000,,3.433780,
0.340000,0.194820,0.489620,1.743160,208.917770,-334.871310,4228661.000000,,3.433780,
0.342000,0.194820,0.506290,1.753420,208.949230,-334.871280,4228686.500000,,3.435060,
0.344000,0.196110,0.517820,2.235350,208.980650,-334.871280,4228712.000000,1.000000,3.435060,-399.501010
0.346000,0.194820,0.520390,2.163570,209.012070,-334.871280,4228737.500000,,3.435060,
0.348000,0.194820,0.538330,2.081540,209.043460,-334.871280,4228762.500000,,3.436340,
0.350000,0.193540,0.558840,1.876460,209.074830,-334.871280,4228788.000000,,3.436340,
0.352000,0.193540,0.569090,1.640630,209.106230,-334.871280,4228813.000000,1.000000,3.435060,-399.501010
0.354000,0.193540,0.562680,1.927730,209.137760,-334.871280,4228838.500000,,3.435060,
0.356000,0.193540,0.552430,1.866210,209.169310,-334.871280,4228863.500000,,3.435060,
0.358000,0.193540,0.542180,1.907230,209.200930,-334.871280,4228889.000000,,3.436340,
0.360000,0.192260,0.533200,1.989260,209.232560,-334.871280,4228914.500000,1.000000,3.436340,-399.501010
0.360000,0.192260,0.533200,1.989260,209.232560,-334.871280,4228914.500000,1.000000,3.436340,-399.501010
0.362000,0.190980,0.531920,1.773930,209.264210,-334.871280,4228940.000000,,3.437620,
0.364000,0.189700,0.548580,1.743160,209.295760,-334.871250,4228965.000000,,3.438900,
0.366000,0.188420,0.571660,1.158690,209.327300,-334.871250,4228990.000000,,3.440190,
0.368000,0.187130,0.589600,1.517580,209.358860,-334.871250,4229015.500000,1.000000,3.440190,-399.501010
0.370000,0.187130,0.602420,1.743160,209.390380,-334.871250,4229041.000000,,3.441470,
0.372000,0.185850,0.617800,2.061040,209.421950,-334.871250,4229066.500000,,3.442750,
0.374000,0.184570,0.629330,2.276370,209.453520,-334.871250,4229091.500000,,3.441470,
0.376000,0.183290,0.629330,1.855960,209.485180,-334.871250,4229116.500000,1.000000,3.444030,-399.501040
0.378000,0.182010,0.621640,1.814940,209.516890,-334.871250,4229142.000000,,3.444030,
0.380000,0.180730,0.610110,1.599610,209.548650,-334.871250,4229167.500000,,3.445310,
0.382000,0.180730,0.611390,1.691890,209.580350,-334.871250,4229192.500000,,3.445310,
0.384000,0.178160,0.607540,1.999510,209.612080,-334.871250,4229218.000000,1.000000,3.446590,-399.501040
0.386000,0.178160,0.593440,2.009770,209.643840,-334.871250,4229243.500000,,3.447880,
0.388000,0.176880,0.572940,1.896970,209.675630,-334.871250,4229268.500000,,3.447880,
0.390000,0.175600,0.569090,1.743160,209.707350,-334.871250,4229293.500000,,3.449160,
0.392000,0.174320,0.567810,1.763670,209.739040,-334.871220,4229319.000000,1.000000,3.450440,-399.501040
0.394000,0.174320,0.570370,1.476560,209.770720,-334.871220,4229344.500000,,3.451720,
0.396000,0.174320,0.576780,1.753420,209.802350,-334.871220,4229370.000000,,3.450440,
0.398000,0.173030,0.597290,1.999510,209.833880,-334.871220,4229395.000000,,3.453000,
0.400000,0.173030,0.621640,2.245610,209.865400,-334.871220,4229420.000000,1.000000,3.451720,-399.501040
0.402000,0.174320,0.620360,2.102050,209.897020,-334.871220,4229445.500000,,3.451720,
0.404000,0.173030,0.610110,1.896970,209.928730,-334.871220,4229471.000000,,3.451720,
0.406000,0.174320,0.584470,1.958500,209.960490,-334.871220,4229496.000000,,3.453000,
0.408000,0.174320,0.561400,1.845700,209.992290,-334.871220,4229521.500000,1.000000,3.451720,-399.501040
0.410000,0.175600,0.551150,2.050780,210.024050,-334.871220,4229547.000000,,3.454280,
0.412000,0.175600,0.540890,1.958500,210.055770,-334.871220,4229572.000000,,3.455570,
0.414000,0.176880,0.524230,1.814940,210.087490,-334.871220,4229597.000000,,3.455570,
0.416000,0.178160,0.520390,1.763670,210.119160,-334.871190,4229622.500000,1.000000,3.458130,-399.501040
0.418000,0.178160,0.524230,1.497070,210.150760,-334.871190,4229648.000000,,3.458130,
0.420000,0.180730,0.524230,1.558590,210.182340,-334.871190,4229673.500000,,3.459410,
0.422000,0.182010,0.521670,1.896970,210.213880,-334.871190,4229698.500000,,3.459410,
0.424000,0.183290,0.528080,1.814940,210.245410,-334.871190,4229724.000000,1.000000,3.458130,-399.501040
0.426000,0.184570,0.517820,1.835450,210.276980,-334.871190,4229749.000000,,3.459410,
0.428000,0.185850,0.488340,1.927730,210.308620,-334.871190,4229774.500000,,3.458130,
0.430000,0.188420,0.493470,1.825200,210.340230,-334.871190,4229800.000000,,3.458130,
0.432000,0.189700,0.503720,1.845700,210.371780,-334.871190,4229825.000000,1.000000,3.456850,-399.501040
0.434000,0.189700,0.516540,1.794430,210.403350,-334.871190,4229850.500000,,3.458130,
0.436000,0.190980,0.520390,1.968750,210.434950,-334.871190,4229875.500000,,3.458130,
0.438000,0.192260,0.522950,1.989260,210.466570,-334.871190,4229901.000000,,3.459410,
0.440000,0.193540,0.525510,1.968750,210.498170,-334.871190,4229926.000000,1.000000,3.460690,-399.501040
0.442000,0.193540,0.534480,1.599610,210.529770,-334.871190,4229951.500000,,3.461980,
0.444000,0.193540,0.562680,1.753420,210.561280,-334.871190,4229977.000000,,3.463260,
0.446000,0.193540,0.590880,1.650880,210.592740,-334.871190,4230002.500000,,3.464540,
0.448000,0.193540,0.620360,1.773930,210.624180,-334.871190,4230027.500000,1.000000,3.465820,-399.501040
0.450000,0.194820,0.651120,1.845700,210.655550,-334.871190,4230052.500000,,3.464540,
0.452000,0.194820,0.669070,1.640630,210.687030,-334.871190,4230078.000000,,3.464540,
0.454000,0.193540,0.654970,1.753420,210.718630,-334.871190,4230103.500000,,3.465820,
0.456000,0.193540,0.629330,1.804690,210.750350,-334.871190,4230128.500000,1.000000,3.463260,-399.501010
0.458000,0.193540,0.616520,2.122560,210.782100,-334.871190,4230154.000000,,3.464540,
0.460000,0.193540,0.603700,2.071290,210.813900,-334.871190,4230179.000000,,3.463260,
0.462000,0.192260,0.587040,2.143070,210.845700,-334.871190,4230204.500000,,3.464540,
0.464000,0.190980,0.580630,1.937990,210.877520,-334.871190,4230229.500000,1.000000,3.464540,-399.501040
0.466000,0.190980,0.569090,1.753420,210.909350,-334.871190,4230255.000000,,3.465820,
0.468000,0.189700,0.557560,1.866210,210.941150,-334.871190,4230280.500000,,3.467100,
0.470000,0.189700,0.551150,1.876460,210.972930,-334.871190,4230306.000000,,3.469670,
0.472000,0.189700,0.570370,2.009770,211.004590,-334.871150,4230331.000000,1.000000,3.472230,-399.501040
0.474000,0.189700,0.596010,1.855960,211.036180,-334.871150,4230356.000000,,3.470950,
0.476000,0.188420,0.612670,1.814940,211.067670,-334.871150,4230381.500000,,3.472230,
0.478000,0.188420,0.624210,1.743160,211.099230,-334.871150,4230407.000000,,3.472230,
0.480000,0.189700,0.611390,1.404790,211.130830,-334.871150,4230432.000000,1.000000,3.470950,-399.501040
0.482000,0.188420,0.597290,1.415040,211.162480,-334.871150,4230457.500000,,3.470950,
0.484000,0.188420,0.592160,1.722660,211.194110,-334.871150,4230482.500000,,3.469670,
0.486000,0.188420,0.585750,2.245610,211.225770,-334.871150,4230508.000000,,3.470950,
0.488000,0.187130,0.557560,2.194340,211.257520,-334.871150,4230533.500000,1.000000,3.469670,-399.501040
0.490000,0.187130,0.519100,2.040530,211.289350,-334.871150,4230558.500000,,3.469670,
0.492000,0.185850,0.489620,1.681640,211.321150,-334.871150,4230584.000000,,3.470950,
0.494000,0.185850,0.465270,1.579100,211.352920,-334.871150,4230609.500000,,3.470950,
0.496000,0.185850,0.461430,1.691890,211.384630,-334.871150,4230634.500000,1.000000,3.473510,-399.501040
0.498000,0.185850,0.480650,1.979000,211.416170,-334.871150,4230659.500000,,3.473510,
0.500000,0.185850,0.537050,2.071290,211.447530,-334.871150,4230685.000000,,3.474790,
0.502000,0.184570,0.581910,1.835450,211.478820,-334.871150,4230710.500000,,3.474790,
0.504000,0.184570,0.602420,1.917480,211.510180,-334.871150,4230736.000000,1.000000,3.472230,-399.501040
0.506000,0.184570,0.603700,1.650880,211.541660,-334.871120,4230761.000000,,3.473510,
0.508000,0.185850,0.594730,1.517580,211.573180,-334.871120,4230786.500000,,3.470950,
0.510000,0.187130,0.599850,1.620120,211.604720,-334.871120,4230811.500000,,3.469670,
0.512000,0.185850,0.621640,2.122560,211.636250,-334.871150,4230837.000000,1.000000,3.469670,-399.501040
0.514000,0.187130,0.621640,2.296880,211.667850,-334.871150,4230862.000000,,3.470950,
0.516000,0.185850,0.620360,2.081540,211.699480,-334.871150,4230887.500000,,3.470950,
0.518000,0.184570,0.611390,2.020020,211.731120,-334.871150,4230913.000000,,3.472230,
0.520000,0.185850,0.602420,1.814940,211.762800,-334.871150,4230938.000000,1.000000,3.474790,-399.501040
0.520000,0.185850,0.602420,1.814940,211.762800,-334.871150,4230938.000000,1.000000,3.474790,-399.501040
0.522000,0.184570,0.598570,1.876460,211.794450,-334.871150,4230963.000000,,3.476070,
0.524000,0.184570,0.617800,2.040530,211.826000,-334.871120,4230988.500000,,3.477360,
0.526000,0.184570,0.646000,2.081540,211.857530,-334.871120,4231014.000000,,3.477360,
0.528000,0.183290,0.654970,1.876460,211.889050,-334.871120,4231039.500000,1.000000,3.477360,-399.501040
0.530000,0.183290,0.672910,1.866210,211.920590,-334.871120,4231064.500000,,3.476070,
0.532000,0.183290,0.671630,1.476560,211.952220,-334.871120,4231090.000000,,3.474790,
0.534000,0.183290,0.666500,1.579100,211.983930,-334.871120,4231115.000000,,3.474790,
0.536000,0.183290,0.654970,1.825200,212.015670,-334.871120,4231140.500000,1.000000,3.473510,-399.501040
0.538000,0.182010,0.644710,1.763670,212.047470,-334.871120,4231165.500000,,3.472230,
0.540000,0.183290,0.622920,1.948240,212.079300,-334.871150,4231191.000000,,3.474790,
0.542000,0.182010,0.596010,1.937990,212.111150,-334.871150,4231216.500000,,3.474790,
0.544000,0.182010,0.575500,1.896970,212.142970,-334.871150,4231241.500000,1.000000,3.474790,-399.501040
0.546000,0.180730,0.569090,1.681640,212.174730,-334.871120,4231266.500000,,3.477360,
0.548000,0.180730,0.572940,1.784180,212.206380,-334.871120,4231292.000000,,3.479920,
0.550000,0.180730,0.616520,1.825200,212.237850,-334.871120,4231317.500000,,3.478640,
0.552000,0.180730,0.671630,1.999510,212.269200,-334.871120,4231343.000000,1.000000,3.481200,-399.501040
0.554000,0.180730,0.685730,2.020020,212.300600,-334.871120,4231368.500000,,3.481200,
0.556000,0.182010,0.675480,1.671390,212.332110,-334.871120,4231393.500000,,3.479920,
0.558000,0.182010,0.654970,1.743160,212.363690,-334.871120,4231418.500000,,3.479920,
0.560000,0.182010,0.624210,1.384280,212.395400,-334.871090,4231444.000000,1.000000,3.478640,-399.501040
0.562000,0.184570,0.611390,1.497070,212.427090,-334.871090,4231469.500000,,3.476070,
0.564000,0.183290,0.601140,1.968750,212.458830,-334.871120,4231494.500000,,3.477360,
0.566000,0.185850,0.590880,1.722660,212.490570,-334.871120,4231520.000000,,3.474790,
0.568000,0.184570,0.567810,1.917480,212.522370,-334.871120,4231545.000000,1.000000,3.476070,-399.501040
0.570000,0.187130,0.547300,1.743160,212.554120,-334.871120,4231570.500000,,3.477360,
0.572000,0.187130,0.524230,2.102050,212.585910,-334.871120,4231595.500000,,3.476070,
0.574000,0.187130,0.511410,1.896970,212.617600,-334.871120,4231621.000000,,3.478640,
0.576000,0.188420,0.529360,1.958500,212.649170,-334.871090,4231646.500000,1.000000,3.479920,-399.501040
0.578000,0.188420,0.571660,2.071290,212.680570,-334.871090,4231672.000000,,3.482480,
0.580000,0.189700,0.601140,1.794430,212.711930,-334.871090,4231697.000000,,3.481200,
0.582000,0.189700,0.612670,2.143070,212.743270,-334.871090,4231722.000000,,3.481200,
0.584000,0.189700,0.626770,1.732910,212.774670,-334.871090,4231747.500000,1.000000,3.478640,-399.501040
0.586000,0.190980,0.624210,2.050780,212.806120,-334.871090,4231773.000000,,3.478640,
0.588000,0.192260,0.612670,1.794430,212.837680,-334.871090,4231798.000000,,3.477360,
0.590000,0.192260,0.607540,1.907230,212.869250,-334.871120,4231823.500000,,3.476070,
0.592000,0.193540,0.592160,1.784180,212.900890,-334.871120,4231849.000000,1.000000,3.476070,-399.501040
0.594000,0.192260,0.567810,1.548340,212.932650,-334.871120,4231874.000000,,3.474790,
0.596000,0.194820,0.548580,1.466310,212.964400,-334.871120,4231899.000000,,3.476070,
0.598000,0.193540,0.537050,1.773930,212.996170,-334.871120,4231924.500000,,3.478640,
0.600000,0.193540,0.551150,2.173830,213.027830,-334.871120,4231950.000000,1.000000,3.479920,-399.501040
0.602000,0.194820,0.589600,2.163570,213.059330,-334.871090,4231975.500000,,3.481200,
0.604000,0.193540,0.626770,2.050780,213.090770,-334.871090,4232000.500000,,3.482480,
0.606000,0.193540,0.639590,1.681640,213.122270,-334.871090,4232025.500000,,3.482480,
0.608000,0.193540,0.652400,1.640630,213.153730,-334.871090,4232051.000000,1.000000,3.481200,-399.501040
0.610000,0.193540,0.671630,1.763670,213.185200,-334.871090,4232076.500000,,3.481200,
0.612000,0.193540,0.689580,1.743160,213.216670,-334.871090,4232101.500000,,3.479920,
0.614000,0.193540,0.708800,2.009770,213.248150,-334.871090,4232127.000000,,3.478640,
0.616000,0.193540,0.713930,2.040530,213.279720,-334.871090,4232152.500000,1.000000,3.477360,-399.501040
0.618000,0.192260,0.702390,1.722660,213.311370,-334.871090,4232177.500000,,3.476070,
0.620000,0.193540,0.679320,1.650880,213.343120,-334.871120,4232203.000000,,3.477360,
0.622000,0.190980,0.644710,1.291990,213.374950,-334.871120,4232228.000000,,3.477360,
0.624000,0.190980,0.608830,1.579100,213.406830,-334.871120,4232253.500000,1.000000,3.478640,-399.501040
0.626000,0.190980,0.584470,2.091800,213.438670,-334.871090,4232279.000000,,3.481200,
0.628000,0.189700,0.594730,2.235350,213.470350,-334.871090,4232304.000000,,3.482480,
0.630000,0.189700,0.621640,2.255860,213.501920,-334.871090,4232329.000000,,3.483760,
0.632000,0.188420,0.643430,1.937990,213.533480,-334.871090,4232354.500000,1.000000,3.483760,-399.501040
0.634000,0.187130,0.649840,1.784180,213.565000,-334.871090,4232380.000000,,3.483760,
0.636000,0.187130,0.652400,1.784180,213.596570,-334.871090,4232405.500000,,3.482480,
0.638000,0.185850,0.638310,1.948240,213.628220,-334.871090,4232430.500000,,3.482480,
0.640000,0.185850,0.617800,2.061040,213.659930,-334.871090,4232456.000000,1.000000,3.479920,-399.501040
0.642000,0.184570,0.602420,2.009770,213.691600,-334.871090,4232481.000000,,3.478640,
0.644000,0.184570,0.587040,1.917480,213.723330,-334.871090,4232506.500000,,3.477360,
0.646000,0.183290,0.571660,1.548340,213.755020,-334.871090,4232531.500000,,3.477360,
0.648000,0.183290,0.552430,1.722660,213.786730,-334.871090,4232557.000000,1.000000,3.477360,-399.501040
0.650000,0.182010,0.548580,1.681640,213.818330,-334.871090,4232582.500000,,3.478640,
0.652000,0.182010,0.565250,1.845700,213.849850,-334.871090,4232607.500000,,3.479920,
0.654000,0.180730,0.590880,2.040530,213.881270,-334.871090,4232632.500000,,3.482480,
0.656000,0.179440,0.606260,1.948240,213.912720,-334.871090,4232658.000000,1.000000,3.482480,-399.501040
0.658000,0.178160,0.611390,1.968750,213.944170,-334.871090,4232683.500000,,3.482480,
0.660000,0.179440,0.607540,1.671390,213.975650,-334.871090,4232709.000000,,3.482480,
0.662000,0.179440,0.615230,1.845700,214.007130,-334.871090,4232734.000000,,3.482480,
0.664000,0.179440,0.626770,1.896970,214.038620,-334.871090,4232759.500000,1.000000,3.482480,-399.501040
0.666000,0.179440,0.634460,2.040530,214.070180,-334.871090,4232784.500000,,3.479920,
0.668000,0.179440,0.637020,2.194340,214.101750,-334.871090,4232810.000000,,3.478640,
0.670000,0.178160,0.638310,1.497070,214.133380,-334.871090,4232835.000000,,3.477360,
0.672000,0.179440,0.633180,1.753420,214.165020,-334.871120,4232860.500000,1.000000,3.477360,-399.501040
0.674000,0.180730,0.622920,1.435550,214.196730,-334.871120,4232886.000000,,3.478640,
0.676000,0.182010,0.622920,1.538090,214.228390,-334.871090,4232911.500000,,3.479920,
0.678000,0.180730,0.638310,1.835450,214.259990,-334.871090,4232936.500000,,3.479920,
0.680000,0.180730,0.667790,1.845700,214.291500,-334.871090,4232961.500000,1.000000,3.483760,-399.501040
0.682000,0.182010,0.693420,1.927730,214.323000,-334.871090,4232987.000000,,3.482480,
0.684000,0.179440,0.722900,1.845700,214.354450,-334.871090,4233012.500000,,3.483760,
0.686000,0.182010,0.725460,1.886720,214.385960,-334.871090,4233038.000000,,3.482480,
0.688000,0.183290,0.719060,1.948240,214.417530,-334.871060,4233063.000000,1.000000,3.482480,-399.501040
0.690000,0.184570,0.699830,1.968750,214.449170,-334.871090,4233088.000000,,3.482480,
0.692000,0.184570,0.671630,2.163570,214.480960,-334.871090,4233113.500000,,3.481200,
0.694000,0.184570,0.644710,1.958500,214.512760,-334.871090,4233139.000000,,3.479920,
0.696000,0.184570,0.622920,2.061040,214.544600,-334.871090,4233164.000000,1.000000,3.479920,-399.501040
0.698000,0.185850,0.601140,1.896970,214.576430,-334.871090,4233189.500000,,3.481200,
0.700000,0.187130,0.588320,1.691890,214.608250,-334.871090,4233215.000000,,3.481200,
0.702000,0.188420,0.588320,1.886720,214.640000,-334.871090,4233240.000000,,3.482480,
0.704000,0.189700,0.597290,1.773930,214.671650,-334.871090,4233265.000000,1.000000,3.482480,-399.501040
0.704000,0.189700,0.597290,1.773930,214.671650,-334.871090,4233265.000000,1.000000,3.482480,-399.501040
0.706000,0.188420,0.603700,1.927730,214.703280,-334.871090,4233290.500000,,3.483760,
0.708000,0.188420,0.613950,1.599610,214.734820,-334.871090,4233316.000000,,3.483760,
0.710000,0.189700,0.644710,1.609860,214.766280,-334.871090,4233341.500000,,3.485050,
0.712000,0.189700,0.671630,1.609860,214.797670,-334.871060,4233366.500000,1.000000,3.485050,-399.501040
0.714000,0.190980,0.710080,2.102050,214.828980,-334.871060,4233391.500000,,3.483760,
0.716000,0.192260,0.719060,2.061040,214.860400,-334.871060,4233417.000000,,3.483760,
0.718000,0.190980,0.716490,1.958500,214.891910,-334.871090,4233442.500000,,3.481200,
0.720000,0.192260,0.688290,1.835450,214.923550,-334.871090,4233467.500000,1.000000,3.479920,-399.501040
0.722000,0.193540,0.649840,1.712400,214.955320,-334.871090,4233493.000000,,3.479920,
0.724000,0.193540,0.599850,1.773930,214.987180,-334.871090,4233518.500000,,3.481200,
0.726000,0.193540,0.558840,1.650880,215.019040,-334.871090,4233543.500000,,3.479920,
0.728000,0.193540,0.546020,1.855960,215.050860,-334.871090,4233568.500000,1.000000,3.481200,-399.501040
0.730000,0.193540,0.552430,1.937990,215.082520,-334.871090,4233594.000000,,3.481200,
0.732000,0.193540,0.562680,1.784180,215.114120,-334.871090,4233619.500000,,3.482480,
0.734000,0.190980,0.574220,1.691890,215.145680,-334.871090,4233645.000000,,3.482480,
0.736000,0.190980,0.596010,1.435550,215.177170,-334.871090,4233670.000000,1.000000,3.485050,-399.501040
0.738000,0.190980,0.621640,1.538090,215.208570,-334.871060,4233695.000000,,3.483760,
0.740000,0.192260,0.649840,1.732910,215.239940,-334.871060,4233720.500000,,3.483760,
0.742000,0.192260,0.670350,2.081540,215.271350,-334.871060,4233746.000000,,3.482480,
0.744000,0.190980,0.671630,2.245610,215.302860,-334.871090,4233771.500000,1.000000,3.481200,-399.501040
0.746000,0.190980,0.660100,2.204590,215.334460,-334.871090,4233796.500000,,3.478640,
0.748000,0.189700,0.652400,1.753420,215.366070,-334.871090,4233822.000000,,3.478640,
0.750000,0.189700,0.639590,1.773930,215.397750,-334.871090,4233847.000000,,3.477360,
0.752000,0.189700,0.631900,1.958500,215.429380,-334.871090,4233872.500000,1.000000,3.478640,-399.501040
0.754000,0.188420,0.620360,1.845700,215.461070,-334.871090,4233897.500000,,3.478640,
0.756000,0.188420,0.602420,2.050780,215.492780,-334.871090,4233923.000000,,3.479920,
0.758000,0.187130,0.578060,1.855960,215.524520,-334.871090,4233948.500000,,3.481200,
0.760000,0.185850,0.575500,1.794430,215.556170,-334.871090,4233974.000000,1.000000,3.482480,-399.501040
0.762000,0.184570,0.599850,1.814940,215.587720,-334.871090,4233998.500000,,3.483760,
0.764000,0.184570,0.634460,1.640630,215.619170,-334.871060,4234024.000000,,3.482480,
0.766000,0.184570,0.654970,1.763670,215.650650,-334.871060,4234049.500000,,3.482480,
0.768000,0.184570,0.667790,1.979000,215.682140,-334.871090,4234075.000000,1.000000,3.481200,-399.501040
0.770000,0.184570,0.669070,2.132810,215.713700,-334.871090,4234100.000000,,3.479920,
0.772000,0.184570,0.662660,1.937990,215.745350,-334.871090,4234125.500000,,3.478640,
0.774000,0.182010,0.653690,1.876460,215.776990,-334.871090,4234150.500000,,3.477360,
0.776000,0.182010,0.651120,1.896970,215.808670,-334.871090,4234176.000000,1.000000,3.478640,-399.501040
0.778000,0.182010,0.660100,1.722660,215.840300,-334.871090,4234201.000000,,3.479920,
0.780000,0.182010,0.687010,2.091800,215.871860,-334.871090,4234226.500000,,3.479920,
0.782000,0.182010,0.692140,2.009770,215.903430,-334.871090,4234252.000000,,3.481200,
0.784000,0.180730,0.692140,1.794430,215.935030,-334.871090,4234277.500000,1.000000,3.479920,-399.501040
0.786000,0.180730,0.680600,1.589360,215.966670,-334.871090,4234302.500000,,3.481200,
0.788000,0.180730,0.669070,1.435550,215.998380,-334.871060,4234327.500000,,3.482480,
0.790000,0.180730,0.649840,1.589360,216.030080,-334.871060,4234353.000000,,3.482480,
0.792000,0.180730,0.625490,1.743160,216.061830,-334.871060,4234378.500000,1.000000,3.482480,-399.501040
0.794000,0.180730,0.601140,1.855960,216.093580,-334.871090,4234403.500000,,3.479920,
0.796000,0.180730,0.574220,2.030270,216.125380,-334.871090,4234429.000000,,3.479920,
0.798000,0.182010,0.548580,1.825200,216.157150,-334.871090,4234454.000000,,3.478640,
0.800000,0.180730,0.529360,1.876460,216.188920,-334.871090,4234479.500000,1.000000,3.478640,-399.501040
0.802000,0.180730,0.530640,1.681640,216.220600,-334.871090,4234504.500000,,3.479920,
0.804000,0.182010,0.543460,2.102050,216.252200,-334.871090,4234530.000000,,3.479920,
0.806000,0.180730,0.547300,1.999510,216.283800,-334.871090,4234555.500000,,3.479920,
0.808000,0.182010,0.544740,2.091800,216.315350,-334.871090,4234581.000000,1.000000,3.481200,-399.501040
0.810000,0.182010,0.551150,2.245610,216.346880,-334.871090,4234606.000000,,3.482480,
0.812000,0.182010,0.572940,1.620120,216.378330,-334.871090,4234631.000000,,3.482480,
0.814000,0.182010,0.617800,1.876460,216.409650,-334.871060,4234656.500000,,3.483760,
0.816000,0.183290,0.647280,1.538090,216.440980,-334.871060,4234682.000000,1.000000,3.482480,-399.501040
0.818000,0.183290,0.660100,1.876460,216.472380,-334.871090,4234707.500000,,3.481200,
0.820000,0.184570,0.662660,1.958500,216.503800,-334.871090,4234732.500000,,3.481200,
0.822000,0.184570,0.640870,1.640630,216.535370,-334.871090,4234757.500000,,3.478640,
0.824000,0.184570,0.599850,1.876460,216.567090,-334.871090,4234783.000000,1.000000,3.479920,-399.501040
0.826000,0.184570,0.562680,1.691890,216.598910,-334.871090,4234808.500000,,3.478640,
0.828000,0.185850,0.544740,2.153320,216.630680,-334.871090,4234833.500000,,3.478640,
0.830000,0.185850,0.552430,1.989260,216.662370,-334.871090,4234859.000000,,3.479920,
0.832000,0.187130,0.558840,2.132810,216.694030,-334.871090,4234884.500000,1.000000,3.478640,-399.501040
0.834000,0.187130,0.560120,1.907230,216.725680,-334.871090,4234909.500000,,3.479920,
0.836000,0.187130,0.563960,1.722660,216.757290,-334.871090,4234934.500000,,3.479920,
0.838000,0.185850,0.572940,1.743160,216.788890,-334.871090,4234960.000000,,3.482480,
0.840000,0.187130,0.596010,1.794430,216.820400,-334.871090,4234985.500000,1.000000,3.481200,-399.501040
0.842000,0.188420,0.628050,1.907230,216.851810,-334.871090,4235011.000000,,3.482480,
0.844000,0.187130,0.656250,1.794430,216.883220,-334.871060,4235036.000000,,3.481200,
0.846000,0.188420,0.676760,1.907230,216.914630,-334.871090,4235061.000000,,3.481200,
0.848000,0.189700,0.679320,1.650880,216.946150,-334.871090,4235086.500000,1.000000,3.479920,-399.501040
0.850000,0.189700,0.656250,1.394530,216.977770,-334.871090,4235112.000000,,3.478640,
0.852000,0.190980,0.630620,1.415040,217.009510,-334.871090,4235137.000000,,3.478640,
0.854000,0.190980,0.620360,1.743160,217.041200,-334.871090,4235162.500000,,3.478640,
0.856000,0.192260,0.599850,2.194340,217.072950,-334.871090,4235188.000000,1.000000,3.479920,-399.501040
0.858000,0.190980,0.554990,2.194340,217.104800,-334.871090,4235213.000000,,3.478640,
0.860000,0.190980,0.511410,2.071290,217.136700,-334.871090,4235238.000000,,3.481200,
0.862000,0.189700,0.497310,1.661130,217.168470,-334.871090,4235263.500000,,3.481200,
0.864000,0.189700,0.513980,1.794430,217.200100,-334.871090,4235289.000000,1.000000,3.482480,-399.501040
0.864000,0.189700,0.513980,1.794430,217.200100,-334.871090,4235289.000000,1.000000,3.482480,-399.501040
0.866000,0.189700,0.548580,1.640630,217.231600,-334.871060,4235314.500000,,3.483760,
0.868000,0.189700,0.581910,1.876460,217.263080,-334.871060,4235340.000000,,3.483760,
0.870000,0.189700,0.603700,2.091800,217.294490,-334.871090,4235365.000000,,3.482480,
0.872000,0.189700,0.616520,2.071290,217.325930,-334.871090,4235390.000000,1.000000,3.481200,-399.501040
0.874000,0.188420,0.616520,1.866210,217.357450,-334.871090,4235415.500000,,3.479920,
0.876000,0.188420,0.598570,1.589360,217.389070,-334.871090,4235441.000000,,3.479920,
0.878000,0.188420,0.592160,1.681640,217.420670,-334.871090,4235466.000000,,3.479920,
0.880000,0.189700,0.621640,1.517580,217.452180,-334.871090,4235491.500000,1.000000,3.481200,-399.501040
0.882000,0.188420,0.628050,2.204590,217.483720,-334.871090,4235516.500000,,3.479920,
0.884000,0.187130,0.626770,2.173830,217.515300,-334.871090,4235542.000000,,3.479920,
0.886000,0.187130,0.607540,2.081540,217.546950,-334.871090,4235567.000000,,3.481200,
0.888000,0.187130,0.585750,1.979000,217.578630,-334.871090,4235592.500000,1.000000,3.481200,-399.501040
0.890000,0.187130,0.565250,1.804690,217.610320,-334.871090,4235618.000000,,3.482480,
0.892000,0.187130,0.549870,1.671390,217.642030,-334.871090,4235643.500000,,3.482480,
0.894000,0.185850,0.551150,1.937990,217.673710,-334.871060,4235668.500000,,3.483760,
0.896000,0.185850,0.557560,1.989260,217.705310,-334.871090,4235693.500000,1.000000,3.482480,-399.501040
0.898000,0.184570,0.558840,1.753420,217.736920,-334.871090,4235719.000000,,3.481200,
0.900000,0.184570,0.552430,1.753420,217.768550,-334.871090,4235744.500000,,3.479920,
0.902000,0.184570,0.547300,1.558590,217.800170,-334.871090,4235769.500000,,3.479920,
0.904000,0.183290,0.547300,1.517580,217.831800,-334.871090,4235795.000000,1.000000,3.479920,-399.501040
0.906000,0.183290,0.552430,1.702150,217.863400,-334.871090,4235820.000000,,3.479920,
0.908000,0.182010,0.560120,1.702150,217.894970,-334.871090,4235845.500000,,3.479920,
0.910000,0.182010,0.562680,1.917480,217.926570,-334.871090,4235870.500000,,3.481200,
0.912000,0.180730,0.580630,1.968750,217.958100,-334.871090,4235896.000000,1.000000,3.481200,-399.501040
0.914000,0.180730,0.583190,1.794430,217.989650,-334.871090,4235921.500000,,3.481200,
0.916000,0.180730,0.602420,1.866210,218.021150,-334.871090,4235947.000000,,3.483760,
0.918000,0.180730,0.620360,1.763670,218.052630,-334.871090,4235972.000000,,3.483760,
0.920000,0.179440,0.635740,1.814940,218.084120,-334.871090,4235997.000000,1.000000,3.482480,-399.501040
0.922000,0.179440,0.638310,2.061040,218.115630,-334.871090,4236022.500000,,3.482480,
0.924000,0.179440,0.621640,2.071290,218.147250,-334.871090,4236048.000000,,3.482480,
0.926000,0.180730,0.598570,1.917480,218.178920,-334.871090,4236073.000000,,3.482480,
0.928000,0.179440,0.584470,1.825200,218.210630,-334.871090,4236098.500000,1.000000,3.481200,-399.501040
0.930000,0.180730,0.596010,1.579100,218.242250,-334.871090,4236124.000000,,3.481200,
0.932000,0.179440,0.612670,1.773930,218.273880,-334.871090,4236149.000000,,3.481200,
0.934000,0.180730,0.612670,1.712400,218.305560,-334.871090,4236174.500000,,3.479920,
0.936000,0.180730,0.596010,1.804690,218.337280,-334.871090,4236199.500000,1.000000,3.479920,-399.501040
0.938000,0.179440,0.583190,1.763670,218.369000,-334.871090,4236225.000000,,3.479920,
0.940000,0.180730,0.580630,1.876460,218.400680,-334.871090,4236250.500000,,3.482480,
0.942000,0.179440,0.590880,2.132810,218.432300,-334.871090,4236275.500000,,3.482480,
0.944000,0.179440,0.599850,1.927730,218.463880,-334.871090,4236300.500000,1.000000,3.483760,-399.501040
0.946000,0.180730,0.622920,1.999510,218.495380,-334.871060,4236326.000000,,3.485050,
0.948000,0.180730,0.637020,2.071290,218.526900,-334.871060,4236351.500000,,3.482480,
0.950000,0.182010,0.640870,1.671390,218.558380,-334.871090,4236377.000000,,3.483760,
0.952000,0.180730,0.640870,1.917480,218.589900,-334.871090,4236402.000000,1.000000,3.481200,-399.501040
0.954000,0.180730,0.622920,1.855960,218.621520,-334.871090,4236427.500000,,3.481200,
0.956000,0.182010,0.598570,1.927730,218.653200,-334.871090,4236452.500000,,3.479920,
0.958000,0.183290,0.566530,1.640630,218.684950,-334.871090,4236478.000000,,3.481200,
0.960000,0.183290,0.538330,1.886720,218.716750,-334.871090,4236503.000000,1.000000,3.481200,-399.501040
0.962000,0.184570,0.522950,1.661130,218.748470,-334.871090,4236528.500000,,3.479920,
0.964000,0.184570,0.521670,1.517580,218.780180,-334.871090,4236554.000000,,3.481200,
0.966000,0.185850,0.521670,1.302250,218.811840,-334.871090,4236579.000000,,3.479920,
0.968000,0.185850,0.528080,1.743160,218.843480,-334.871090,4236604.000000,1.000000,3.482480,-399.501040
0.970000,0.187130,0.543460,2.163570,218.875000,-334.871090,4236629.500000,,3.482480,
0.972000,0.185850,0.566530,2.102050,218.906490,-334.871090,4236655.000000,,3.483760,
0.974000,0.185850,0.590880,2.091800,218.937940,-334.871090,4236680.500000,,3.482480,
0.976000,0.187130,0.597290,1.732910,218.969420,-334.871090,4236705.500000,1.000000,3.482480,-399.501040
0.978000,0.187130,0.608830,1.661130,219.000870,-334.871060,4236731.000000,,3.482480,
0.980000,0.188420,0.616520,1.773930,219.032350,-334.871060,4236756.000000,,3.483760,
0.982000,0.188420,0.635740,1.743160,219.063830,-334.871090,4236781.500000,,3.482480,
0.984000,0.188420,0.644710,2.020020,219.095320,-334.871090,4236806.500000,1.000000,3.481200,-399.501040
0.986000,0.189700,0.630620,2.112300,219.126920,-334.871090,4236832.000000,,3.479920,
0.988000,0.189700,0.606260,1.845700,219.158650,-334.871090,4236857.500000,,3.479920,
0.990000,0.189700,0.578060,1.691890,219.190370,-334.871090,4236882.500000,,3.479920,
0.992000,0.189700,0.557560,1.743160,219.222150,-334.871090,4236908.000000,1.000000,3.481200,-399.501040
0.994000,0.189700,0.547300,1.435550,219.253850,-334.871090,4236933.000000,,3.481200,
0.996000,0.190980,0.551150,2.112300,219.285520,-334.871090,4236958.500000,,3.482480,
0.998000,0.188420,0.572940,2.296880,219.317090,-334.871060,4236984.000000,,3.483760,
1.000000,0.189700,0.597290,2.327640,219.348650,-334.871060,4237009.500000,1.000000,3.482480,-399.501040
1.002000,0.188420,0.608830,2.030270,219.380170,-334.871090,4237034.500000,,3.483760,
1.004000,0.188420,0.616520,1.743160,219.411730,-334.871090,4237059.500000,,3.482480,
1.006000,0.188420,0.617800,1.794430,219.443330,-334.871090,4237085.000000,,3.481200,
1.008000,0.187130,0.624210,1.866210,219.474930,-334.871090,4237110.500000,1.000000,3.482480,-399.501040
1.010000,0.187130,0.622920,2.081540,219.506530,-334.871090,4237135.500000,,3.482480,
1.012000,0.185850,0.629330,1.876460,219.538180,-334.871090,4237161.000000,,3.481200,
1.014000,0.185850,0.625490,1.907230,219.569790,-334.871090,4237186.500000,,3.481200,
1.016000,0.187130,0.621640,1.517580,219.601500,-334.871090,4237211.500000,1.000000,3.481200,-399.501040
1.018000,0.184570,0.612670,1.579100,219.633190,-334.871090,4237236.500000,,3.481200,
1.020000,0.185850,0.592160,1.732910,219.664930,-334.871090,4237262.000000,,3.481200,
1.022000,0.184570,0.569090,1.691890,219.696700,-334.871090,4237287.500000,,3.481200,
1.024000,0.183290,0.548580,1.979000,219.728470,-334.871090,4237313.000000,1.000000,3.482480,-399.501040
1.026000,0.183290,0.533200,1.896970,219.760220,-334.871090,4237338.000000,,3.483760,
1.028000,0.183290,0.530640,1.896970,219.791930,-334.871060,4237363.000000,,3.482480,
1.030000,0.182010,0.546020,1.620120,219.823470,-334.871060,4237388.500000,,3.483760,
1.032000,0.180730,0.575500,1.763670,219.854980,-334.871060,4237414.000000,1.000000,3.483760,-399.501040
1.032000,0.180730,0.575500,1.763670,219.854980,-334.871060,4237414.000000,1.000000,3.483760,-399.501040
1.034000,0.180730,0.587040,1.886720,219.886520,-334.871090,4237439.000000,,3.482480,
1.036000,0.180730,0.583190,2.009770,219.918110,-334.871060,4237464.500000,,3.481200,
1.038000,0.179440,0.576780,2.163570,219.949750,-334.871090,4237490.000000,,3.481200,
1.040000,0.179440,0.576780,1.620120,219.981400,-334.871090,4237515.000000,1.000000,3.481200,-399.501040
1.042000,0.179440,0.580630,1.794430,220.013030,-334.871090,4237540.000000,,3.481200,
1.042000,0.179440,0.580630,1.794430,220.013030,-334.871090,4237540.000000,,3.481200,
1.044000,0.179440,0.583190,1.476560,220.044650,-334.871090,4237565.500000,,3.482480,
1.046000,0.179440,0.576780,1.527830,220.076320,-334.871090,4237591.000000,,3.481200,
1.048000,0.179440,0.579350,1.855960,220.107970,-334.871090,4237616.500000,1.000000,3.482480,-399.501040
1.050000,0.179440,0.587040,1.896970,220.139570,-334.871090,4237641.500000,,3.482480,
1.052000,0.178160,0.593440,1.968750,220.171140,-334.871090,4237666.500000,,3.483760,
1.054000,0.176880,0.589600,1.743160,220.202770,-334.871060,4237692.000000,,3.485050,
1.056000,0.178160,0.580630,2.091800,220.234410,-334.871060,4237717.500000,1.000000,3.483760,-399.501070
1.058000,0.178160,0.565250,1.917480,220.266070,-334.871060,4237742.500000,,3.485050,
1.060000,0.178160,0.543460,1.989260,220.297810,-334.871060,4237768.000000,,3.482480,
1.062000,0.178160,0.522950,2.040530,220.329570,-334.871090,4237793.500000,,3.482480,
1.064000,0.178160,0.526790,1.886720,220.361280,-334.871090,4237818.500000,1.000000,3.479920,-399.501070
1.066000,0.176880,0.531920,2.050780,220.392940,-334.871090,4237844.000000,,3.482480,
1.068000,0.176880,0.531920,1.804690,220.424610,-334.871090,4237869.000000,,3.481200,
1.070000,0.179440,0.530640,1.784180,220.456300,-334.871090,4237894.500000,,3.482480,
1.072000,0.179440,0.530640,1.497070,220.487930,-334.871090,4237920.000000,1.000000,3.481200,-399.501070
1.074000,0.179440,0.535770,1.732910,220.519580,-334.871090,4237945.000000,,3.481200,
1.076000,0.179440,0.553710,1.794430,220.551130,-334.871090,4237970.000000,,3.483760,
1.078000,0.178160,0.590880,1.445800,220.582580,-334.871060,4237995.500000,,3.485050,
1.080000,0.178160,0.633180,1.599610,220.613950,-334.871060,4238021.000000,1.000000,3.485050,-399.501070
1.082000,0.180730,0.672910,1.650880,220.645280,-334.871060,4238046.500000,,3.485050,
1.084000,0.180730,0.699830,2.153320,220.676680,-334.871060,4238071.500000,,3.483760,
1.086000,0.182010,0.685730,1.937990,220.708250,-334.871060,4238097.000000,,3.483760,
1.088000,0.182010,0.651120,1.948240,220.740010,-334.871060,4238122.000000,1.000000,3.483760,-399.501070
1.090000,0.182010,0.621640,1.732910,220.771800,-334.871090,4238147.500000,,3.482480,
1.092000,0.182010,0.596010,1.712400,220.803650,-334.871090,4238172.500000,,3.482480,
1.094000,0.183290,0.574220,1.825200,220.835530,-334.871090,4238198.000000,,3.481200,
1.096000,0.183290,0.557560,1.712400,220.867370,-334.871090,4238223.500000,1.000000,3.482480,-399.501040
1.098000,0.184570,0.546020,1.968750,220.899170,-334.871090,4238249.000000,,3.481200,
1.100000,0.184570,0.543460,2.040530,220.930950,-334.871090,4238273.500000,,3.482480,
1.102000,0.184570,0.548580,1.671390,220.962650,-334.871090,4238299.000000,,3.483760,
1.104000,0.183290,0.557560,1.743160,220.994290,-334.871060,4238324.500000,1.000000,3.485050,-399.501040
1.106000,0.184570,0.580630,1.620120,221.025850,-334.871060,4238350.000000,,3.483760,
1.108000,0.185850,0.607540,1.579100,221.057330,-334.871060,4238375.000000,,3.485050,
1.110000,0.185850,0.638310,1.886720,221.088750,-334.871060,4238400.500000,,3.485050,
1.112000,0.187130,0.639590,2.358400,221.120300,-334.871090,4238425.500000,1.000000,3.482480,-399.501040
1.114000,0.187130,0.633180,2.194340,221.151870,-334.871060,4238451.000000,,3.482480,
1.116000,0.185850,0.630620,2.081540,221.183500,-334.871060,4238476.000000,,3.482480,
1.118000,0.185850,0.629330,1.702150,221.215120,-334.871060,4238501.500000,,3.482480,
1.120000,0.185850,0.610110,1.825200,221.246860,-334.871090,4238527.000000,1.000000,3.482480,-399.501040
1.122000,0.187130,0.575500,1.958500,221.278660,-334.871090,4238552.500000,,3.482480,
1.124000,0.187130,0.535770,1.979000,221.310530,-334.871090,4238577.500000,,3.482480,
1.126000,0.185850,0.501160,1.845700,221.342420,-334.871090,4238602.500000,,3.483760,
1.128000,0.185850,0.485780,2.020020,221.374250,-334.871060,4238628.000000,1.000000,3.483760,-399.501040
1.130000,0.185850,0.501160,1.579100,221.405900,-334.871060,4238653.500000,,3.485050,
1.132000,0.185850,0.543460,1.763670,221.437420,-334.871060,4238679.000000,,3.485050,
1.134000,0.184570,0.580630,1.589360,221.468870,-334.871060,4238704.000000,,3.485050,
1.136000,0.185850,0.599850,1.743160,221.500320,-334.871060,4238729.000000,1.000000,3.483760,-399.501040
1.138000,0.184570,0.598570,2.009770,221.531850,-334.871060,4238754.500000,,3.483760,
1.140000,0.184570,0.596010,1.927730,221.563400,-334.871060,4238780.000000,,3.483760,
1.142000,0.183290,0.611390,2.009770,221.594920,-334.871060,4238805.000000,,3.482480,
1.144000,0.182010,0.634460,1.794430,221.626450,-334.871060,4238830.500000,1.000000,3.483760,-399.501040
1.146000,0.183290,0.637020,1.845700,221.658050,-334.871090,4238856.000000,,3.481200,
1.148000,0.183290,0.643430,1.814940,221.689650,-334.871090,4238881.000000,,3.482480,
1.150000,0.182010,0.642150,1.927730,221.721270,-334.871090,4238906.000000,,3.481200,
1.152000,0.182010,0.634460,2.040530,221.752930,-334.871090,4238931.500000,1.000000,3.483760,-399.501040
1.154000,0.180730,0.612670,1.743160,221.784670,-334.871090,4238957.000000,,3.482480,
1.156000,0.180730,0.596010,1.784180,221.816420,-334.871060,4238982.500000,,3.483760,
1.158000,0.179440,0.601140,1.507320,221.848070,-334.871060,4239007.500000,,3.485050,
1.160000,0.179440,0.615230,1.579100,221.879650,-334.871060,4239032.500000,1.000000,3.486330,-399.501040
1.162000,0.179440,0.622920,1.671390,221.911250,-334.871060,4239058.000000,,3.485050,
1.164000,0.179440,0.625490,1.896970,221.942870,-334.871060,4239083.500000,,3.483760,
1.166000,0.179440,0.622920,2.091800,221.974520,-334.871060,4239108.500000,,3.483760,
1.168000,0.179440,0.621640,1.825200,222.006200,-334.871060,4239134.000000,1.000000,3.482480,-399.501070
1.170000,0.178160,0.620360,1.948240,222.037900,-334.871090,4239159.500000,,3.481200,
1.172000,0.178160,0.612670,2.122560,222.069630,-334.871090,4239184.500000,,3.481200,
1.174000,0.178160,0.594730,1.814940,222.101380,-334.871090,4239209.500000,,3.481200,
1.176000,0.178160,0.571660,2.020020,222.133190,-334.871090,4239235.000000,1.000000,3.481200,-399.501070
1.178000,0.176880,0.560120,2.112300,222.164950,-334.871090,4239260.500000,,3.481200,
1.180000,0.176880,0.561400,2.184080,222.196660,-334.871090,4239286.000000,,3.483760,
1.182000,0.176880,0.601140,1.845700,222.228150,-334.871060,4239311.000000,,3.483760,
1.184000,0.175600,0.654970,1.763670,222.259550,-334.871060,4239336.000000,1.000000,3.485050,-399.501070
1.186000,0.176880,0.675480,1.568850,222.290950,-334.871060,4239361.500000,,3.485050,
1.188000,0.176880,0.661380,1.845700,222.322490,-334.871060,4239387.000000,,3.485050,
1.190000,0.176880,0.639590,1.763670,222.354100,-334.871060,4239412.500000,,3.483760,
1.192000,0.175600,0.617800,1.579100,222.385800,-334.871060,4239437.500000,1.000000,3.483760,-399.501070
1.194000,0.175600,0.603700,1.620120,222.417500,-334.871060,4239463.000000,,3.482480,
1.196000,0.176880,0.598570,1.773930,222.449250,-334.871060,4239488.000000,,3.482480,
1.198000,0.176880,0.592160,1.927730,222.481000,-334.871090,4239513.500000,,3.481200,
1.200000,0.176880,0.585750,1.999510,222.512760,-334.871090,4239538.500000,1.000000,3.479920,-399.501070
1.202000,0.178160,0.574220,2.081540,222.544490,-334.871090,4239564.000000,,3.481200,
1.204000,0.176880,0.556270,1.702150,222.576280,-334.871090,4239589.500000,,3.481200,
1.206000,0.176880,0.548580,1.814940,222.608000,-334.871090,4239615.000000,,3.482480,
1.208000,0.176880,0.571660,1.548340,222.639600,-334.871060,4239640.000000,1.000000,3.485050,-399.501070
1.210000,0.176880,0.619080,1.794430,222.671020,-334.871060,4239665.000000,,3.486330,
1.212000,0.178160,0.661380,1.661130,222.702420,-334.871060,4239690.500000,,3.485050,
1.214000,0.178160,0.666500,1.896970,222.733870,-334.871060,4239716.000000,,3.483760,
1.216000,0.179440,0.665220,1.917480,222.765400,-334.871060,4239741.000000,1.000000,3.485050,-399.501070
1.216000,0.179440,0.665220,1.917480,222.765400,-334.871060,4239741.000000,1.000000,3.485050,-399.501070
1.218000,0.178160,0.649840,1.650880,222.797030,-334.871060,4239766.500000,,3.482480,
1.220000,0.180730,0.625490,1.538090,222.828700,-334.871060,4239791.500000,,3.482480,
1.222000,0.179440,0.596010,1.435550,222.860470,-334.871060,4239817.000000,,3.481200,
1.224000,0.180730,0.560120,1.896970,222.892270,-334.871090,4239842.000000,1.000000,3.481200,-399.501070
1.226000,0.182010,0.526790,2.173830,222.924120,-334.871090,4239867.500000,,3.479920,
1.228000,0.182010,0.502440,2.317380,222.955950,-334.871090,4239893.000000,,3.481200,
1.230000,0.182010,0.492190,2.061040,222.987700,-334.871090,4239918.500000,,3.481200,
1.232000,0.180730,0.508850,1.794430,223.019320,-334.871090,4239943.500000,1.000000,3.483760,-399.501070
1.234000,0.180730,0.543460,1.640630,223.050830,-334.871090,4239968.500000,,3.483760,
1.236000,0.182010,0.587040,1.855960,223.082230,-334.871060,4239994.000000,,3.485050,
1.238000,0.182010,0.624210,1.927730,223.113600,-334.871060,4240019.500000,,3.483760,
1.240000,0.183290,0.640870,1.927730,223.144970,-334.871060,4240044.500000,1.000000,3.483760,-399.501070
1.242000,0.183290,0.665220,2.061040,223.176350,-334.871060,4240070.000000,,3.482480,
1.244000,0.182010,0.679320,1.753420,223.207790,-334.871060,4240095.000000,,3.482480,
1.246000,0.183290,0.695980,1.671390,223.239300,-334.871060,4240120.500000,,3.482480,
1.248000,0.183290,0.692140,1.640630,223.270840,-334.871060,4240145.500000,1.000000,3.482480,-399.501070
1.250000,0.184570,0.694700,1.517580,223.302470,-334.871090,4240171.000000,,3.479920,
1.252000,0.185850,0.672910,1.845700,223.334200,-334.871090,4240196.500000,,3.479920,
1.254000,0.184570,0.637020,2.163570,223.366040,-334.871090,4240222.000000,,3.478640,
1.256000,0.184570,0.583190,2.050780,223.397980,-334.871090,4240247.000000,1.000000,3.479920,-399.501040
1.258000,0.183290,0.544740,1.835450,223.429900,-334.871090,4240272.000000,,3.481200,
1.260000,0.183290,0.544740,1.825200,223.461670,-334.871090,4240297.500000,,3.483760,
1.262000,0.183290,0.569090,1.702150,223.493300,-334.871060,4240323.000000,,3.485050,
1.264000,0.183290,0.587040,1.876460,223.524870,-334.871060,4240348.500000,1.000000,3.483760,-399.501040
1.266000,0.183290,0.594730,2.009770,223.556430,-334.871060,4240373.500000,,3.486330,
1.268000,0.182010,0.611390,1.650880,223.587920,-334.871060,4240398.500000,,3.482480,
1.270000,0.182010,0.619080,1.845700,223.619430,-334.871060,4240424.000000,,3.482480,
1.272000,0.183290,0.620360,1.548340,223.651000,-334.871060,4240449.500000,1.000000,3.482480,-399.501070
1.274000,0.182010,0.615230,1.630370,223.682600,-334.871060,4240474.500000,,3.479920,
1.276000,0.182010,0.608830,1.732910,223.714250,-334.871090,4240500.000000,,3.478640,
1.278000,0.182010,0.596010,1.804690,223.745900,-334.871090,4240525.500000,,3.479920,
1.280000,0.182010,0.575500,1.968750,223.777620,-334.871090,4240550.500000,1.000000,3.478640,-399.501070
1.282000,0.179440,0.570370,1.845700,223.809300,-334.871090,4240575.500000,,3.479920,
1.284000,0.179440,0.579350,1.968750,223.840900,-334.871090,4240601.000000,,3.481200,
1.286000,0.179440,0.594730,1.979000,223.872420,-334.871090,4240626.500000,,3.483760,
1.288000,0.179440,0.604980,1.968750,223.903950,-334.871060,4240652.000000,1.000000,3.485050,-399.501070
1.290000,0.179440,0.610110,1.937990,223.935470,-334.871060,4240677.000000,,3.485050,
1.292000,0.178160,0.606260,2.194340,223.967030,-334.871060,4240702.500000,,3.485050,
1.294000,0.176880,0.615230,1.999510,223.998520,-334.871060,4240727.500000,,3.485050,
1.296000,0.176880,0.624210,1.845700,224.030080,-334.871060,4240753.000000,1.000000,3.482480,-399.501070
1.298000,0.176880,0.629330,1.773930,224.061650,-334.871060,4240778.000000,,3.482480,
1.300000,0.176880,0.626770,1.599610,224.093310,-334.871060,4240803.500000,,3.481200,
1.302000,0.176880,0.621640,1.876460,224.124950,-334.871090,4240829.000000,,3.479920,
1.304000,0.175600,0.611390,1.753420,224.156680,-334.871090,4240854.000000,1.000000,3.478640,-399.501070
1.306000,0.174320,0.594730,1.609860,224.188430,-334.871090,4240879.000000,,3.479920,
1.308000,0.175600,0.589600,1.814940,224.220120,-334.871090,4240904.500000,,3.481200,
1.310000,0.174320,0.607540,1.753420,224.251690,-334.871090,4240930.000000,,3.482480,
1.312000,0.173030,0.646000,1.999510,224.283160,-334.871090,4240955.500000,1.000000,3.483760,-399.501070
1.314000,0.174320,0.665220,2.009770,224.314620,-334.871060,4240981.000000,,3.483760,
1.316000,0.173030,0.692140,1.958500,224.346050,-334.871060,4241006.000000,,3.485050,
1.318000,0.171750,0.699830,1.845700,224.377520,-334.871060,4241031.000000,,3.483760,
1.320000,0.173030,0.706240,1.753420,224.409030,-334.871060,4241056.500000,1.000000,3.483760,-399.501070
1.322000,0.173030,0.689580,1.712400,224.440670,-334.871060,4241082.000000,,3.483760,
1.324000,0.173030,0.649840,1.855960,224.472430,-334.871060,4241107.000000,,3.481200,
1.326000,0.174320,0.612670,1.825200,224.504270,-334.871090,4241132.500000,,3.479920,
1.328000,0.175600,0.587040,1.753420,224.536120,-334.871090,4241157.500000,1.000000,3.479920,-399.501070
1.330000,0.174320,0.569090,1.804690,224.567950,-334.871090,4241183.000000,,3.479920,
1.332000,0.175600,0.557560,1.794430,224.599750,-334.871090,4241208.000000,,3.478640,
1.334000,0.175600,0.558840,1.435550,224.631500,-334.871090,4241233.500000,,3.479920,
1.336000,0.175600,0.572940,1.579100,224.663130,-334.871090,4241259.000000,1.000000,3.481200,-399.501070
1.338000,0.174320,0.590880,1.907230,224.694700,-334.871090,4241284.500000,,3.482480,
1.340000,0.175600,0.612670,2.153320,224.726180,-334.871090,4241309.500000,,3.483760,
1.342000,0.175600,0.646000,2.081540,224.757600,-334.871060,4241334.500000,,3.483760,
1.344000,0.174320,0.675480,2.132810,224.788970,-334.871060,4241360.000000,1.000000,3.485050,-399.501070
1.346000,0.175600,0.697270,1.866210,224.820340,-334.871060,4241385.500000,,3.483760,
1.348000,0.175600,0.713930,1.599610,224.851750,-334.871060,4241410.500000,,3.482480,
1.350000,0.176880,0.716490,1.855960,224.883220,-334.871060,4241436.000000,,3.481200,
1.352000,0.176880,0.695980,1.968750,224.914870,-334.871090,4241461.000000,1.000000,3.479920,-399.501070
1.354000,0.178160,0.661380,2.040530,224.946590,-334.871090,4241486.500000,,3.478640,
1.356000,0.178160,0.607540,2.030270,224.978500,-334.871090,4241511.500000,,3.478640,
1.358000,0.179440,0.562680,1.917480,225.010410,-334.871090,4241537.000000,,3.478640,
1.360000,0.179440,0.548580,1.650880,225.042250,-334.871090,4241562.500000,1.000000,3.478640,-399.501070
1.362000,0.180730,0.562680,1.661130,225.073930,-334.871090,4241588.000000,,3.479920,
1.364000,0.179440,0.572940,1.435550,225.105580,-334.871090,4241613.000000,,3.481200,
1.366000,0.180730,0.570370,2.061040,225.137220,-334.871090,4241638.000000,,3.482480,
1.368000,0.180730,0.578060,2.204590,225.168820,-334.871090,4241663.500000,1.000000,3.483760,-399.501070
1.368000,0.180730,0.578060,2.204590,225.168820,-334.871090,4241663.500000,1.000000,3.483760,-399.501070
1.370000,0.179440,0.601140,2.091800,225.200320,-334.871060,4241689.000000,,3.483760,
1.372000,0.180730,0.617800,1.896970,225.231780,-334.871060,4241714.000000,,3.482480,
1.374000,0.180730,0.633180,1.753420,225.263230,-334.871060,4241739.500000,,3.482480,
1.376000,0.182010,0.635740,1.650880,225.294750,-334.871060,4241765.000000,1.000000,3.481200,-399.501070
1.378000,0.180730,0.637020,1.763670,225.326280,-334.871090,4241790.000000,,3.479920,
1.380000,0.182010,0.625490,2.030270,225.357880,-334.871090,4241815.500000,,3.477360,
1.382000,0.180730,0.629330,1.722660,225.389450,-334.871090,4241840.500000,,3.477360,
1.384000,0.180730,0.617800,1.866210,225.421080,-334.871090,4241866.000000,1.000000,3.477360,-399.501070
1.386000,0.182010,0.601140,1.476560,225.452770,-334.871090,4241891.500000,,3.477360,
1.388000,0.182010,0.576780,1.486820,225.484500,-334.871090,4241916.500000,,3.478640,
1.390000,0.182010,0.552430,1.681640,225.516250,-334.871090,4241941.500000,,3.479920,
1.392000,0.180730,0.543460,1.609860,225.547930,-334.871090,4241967.000000,1.000000,3.481200,-399.501070
1.394000,0.180730,0.552430,1.999510,225.579530,-334.871090,4241992.500000,,3.481200,
1.396000,0.180730,0.581910,1.999510,225.611020,-334.871060,4242018.000000,,3.482480,
1.398000,0.179440,0.608830,2.071290,225.642460,-334.871060,4242043.000000,,3.481200,
1.400000,0.179440,0.631900,1.620120,225.673870,-334.871060,4242068.500000,1.000000,3.482480,-399.501070
1.402000,0.179440,0.644710,1.804690,225.705370,-334.871090,4242093.500000,,3.479920,
1.404000,0.178160,0.634460,1.979000,225.736950,-334.871090,4242119.000000,,3.477360,
1.406000,0.179440,0.615230,2.143070,225.768630,-334.871090,4242144.000000,,3.477360,
1.408000,0.178160,0.606260,2.153320,225.800320,-334.871090,4242169.500000,1.000000,3.477360,-399.501070
1.410000,0.178160,0.610110,1.825200,225.831970,-334.871090,4242195.000000,,3.477360,
1.412000,0.178160,0.624210,1.835450,225.863570,-334.871090,4242220.000000,,3.477360,
1.414000,0.178160,0.622920,1.517580,225.895170,-334.871090,4242245.000000,,3.478640,
1.416000,0.176880,0.612670,1.661130,225.926800,-334.871090,4242270.500000,1.000000,3.477360,-399.501070
1.418000,0.176880,0.604980,1.794430,225.958420,-334.871090,4242296.000000,,3.479920,
1.420000,0.175600,0.608830,1.948240,225.990010,-334.871060,4242321.500000,,3.482480,
1.422000,0.174320,0.606260,1.896970,226.021580,-334.871060,4242346.500000,,3.481200,
1.424000,0.174320,0.590880,1.814940,226.053210,-334.871060,4242372.000000,1.000000,3.479920,-399.501070
1.426000,0.175600,0.579350,1.999510,226.084820,-334.871090,4242397.000000,,3.479920,
1.428000,0.174320,0.562680,1.835450,226.116500,-334.871090,4242422.500000,,3.477360,
1.430000,0.175600,0.548580,2.040530,226.148190,-334.871090,4242447.500000,,3.478640,
1.432000,0.174320,0.535770,1.691890,226.179930,-334.871090,4242473.000000,1.000000,3.476070,-399.501070
1.434000,0.174320,0.525510,1.876460,226.211620,-334.871090,4242498.500000,,3.477360,
1.436000,0.173030,0.530640,1.876460,226.243300,-334.871090,4242524.000000,,3.477360,
1.438000,0.173030,0.534480,1.763670,226.274900,-334.871090,4242548.500000,,3.478640,
1.440000,0.174320,0.534480,1.784180,226.306500,-334.871090,4242574.000000,1.000000,3.479920,-399.501070
1.442000,0.174320,0.543460,1.558590,226.338040,-334.871090,4242599.500000,,3.478640,
1.444000,0.171750,0.560120,1.794430,226.369520,-334.871090,4242625.000000,,3.479920,
1.446000,0.171750,0.580630,1.794430,226.400970,-334.871060,4242650.500000,,3.481200,
1.448000,0.171750,0.617800,1.425290,226.432340,-334.871060,4242675.500000,1.000000,3.481200,-399.501100
1.450000,0.171750,0.638310,1.507320,226.463730,-334.871060,4242700.500000,,3.479920,
1.452000,0.171750,0.635740,1.732910,226.495190,-334.871090,4242726.000000,,3.479920,
1.454000,0.173030,0.615230,2.163570,226.526780,-334.871090,4242751.500000,,3.477360,
1.456000,0.173030,0.567810,1.979000,226.558500,-334.871090,4242776.500000,1.000000,3.477360,-399.501100
1.458000,0.173030,0.528080,2.132810,226.590300,-334.871090,4242802.000000,,3.478640,
1.460000,0.173030,0.515260,1.681640,226.622060,-334.871090,4242827.500000,,3.477360,
1.462000,0.171750,0.522950,1.712400,226.653730,-334.871090,4242852.500000,,3.477360,
1.464000,0.173030,0.537050,1.886720,226.685320,-334.871090,4242877.500000,1.000000,3.478640,-399.501100
1.466000,0.173030,0.538330,1.917480,226.716920,-334.871090,4242903.000000,,3.478640,
1.468000,0.174320,0.542180,2.091800,226.748520,-334.871090,4242928.500000,,3.479920,
1.470000,0.175600,0.556270,1.999510,226.780080,-334.871090,4242954.000000,,3.479920,
1.472000,0.173030,0.576780,1.866210,226.811570,-334.871090,4242979.000000,1.000000,3.481200,-399.501100
1.474000,0.174320,0.597290,1.702150,226.843080,-334.871060,4243004.000000,,3.481200,
1.476000,0.173030,0.610110,1.558590,226.874530,-334.871060,4243029.500000,,3.481200,
1.478000,0.174320,0.624210,1.589360,226.906010,-334.871090,4243055.000000,,3.479920,
1.480000,0.175600,0.615230,1.948240,226.937550,-334.871090,4243080.000000,1.000000,3.478640,-399.501100
1.482000,0.175600,0.601140,2.337890,226.969180,-334.871090,4243105.500000,,3.478640,
1.484000,0.174320,0.579350,2.184080,227.000870,-334.871090,4243131.000000,,3.477360,
1.486000,0.174320,0.567810,1.948240,227.032580,-334.871090,4243156.000000,,3.478640,
1.488000,0.174320,0.557560,1.702150,227.064250,-334.871090,4243181.000000,1.000000,3.476070,-399.501100
1.490000,0.175600,0.531920,1.661130,227.095980,-334.871090,4243206.500000,,3.478640,
1.492000,0.175600,0.502440,1.804690,227.127750,-334.871090,4243232.000000,,3.478640,
1.494000,0.175600,0.485780,2.020020,227.159470,-334.871090,4243257.500000,,3.478640,
1.496000,0.175600,0.492190,1.907230,227.191130,-334.871090,4243282.500000,1.000000,3.479920,-399.501070
1.498000,0.175600,0.513980,1.814940,227.222670,-334.871060,4243307.500000,,3.481200,
1.500000,0.175600,0.546020,1.650880,227.254150,-334.871060,4243333.000000,,3.481200,
1.502000,0.175600,0.576780,1.527830,227.285570,-334.871090,4243358.500000,,3.481200,
1.504000,0.176880,0.584470,1.630370,227.317050,-334.871090,4243384.000000,1.000000,3.479920,-399.501070
1.506000,0.178160,0.583190,1.661130,227.348570,-334.871090,4243409.000000,,3.479920,
1.508000,0.176880,0.567810,1.948240,227.380170,-334.871090,4243434.500000,,3.481200,
1.510000,0.178160,0.580630,2.030270,227.411730,-334.871090,4243459.500000,,3.479920,
1.512000,0.176880,0.597290,1.948240,227.443250,-334.871090,4243485.000000,1.000000,3.479920,-399.501070
1.514000,0.176880,0.617800,1.845700,227.474750,-334.871090,4243510.000000,,3.479920,
1.516000,0.178160,0.611390,1.845700,227.506350,-334.871090,4243535.500000,,3.481200,
1.518000,0.178160,0.585750,1.989260,227.538020,-334.871090,4243561.000000,,3.479920,
1.520000,0.178160,0.558840,2.194340,227.569750,-334.871090,4243586.500000,1.000000,3.479920,-399.501070
1.522000,0.178160,0.538330,2.122560,227.601500,-334.871090,4243611.000000,,3.481200,
1.524000,0.175600,0.525510,1.876460,227.633190,-334.871060,4243636.500000,,3.483760,
1.526000,0.176880,0.524230,1.804690,227.664870,-334.871060,4243662.000000,,3.481200,
1.528000,0.176880,0.534480,1.568850,227.696470,-334.871060,4243687.500000,1.000000,3.482480,-399.501070
1.530000,0.176880,0.544740,1.650880,227.728030,-334.871060,4243712.500000,,3.481200,
1.532000,0.176880,0.551150,1.937990,227.759580,-334.871060,4243738.000000,,3.481200,
1.534000,0.176880,0.543460,1.968750,227.791230,-334.871090,4243763.000000,,3.478640,
1.536000,0.176880,0.535770,2.040530,227.822850,-334.871090,4243788.500000,1.000000,3.479920,-399.501070
1.538000,0.175600,0.535770,1.845700,227.854510,-334.871090,4243813.500000,,3.479920,
1.540000,0.175600,0.542180,1.927730,227.886090,-334.871090,4243839.000000,,3.479920,
1.542000,0.175600,0.539610,1.979000,227.917720,-334.871090,4243864.500000,,3.479920,
1.544000,0.175600,0.535770,1.927730,227.949360,-334.871090,4243890.000000,1.000000,3.481200,-399.501070
1.546000,0.174320,0.535770,1.804690,227.980960,-334.871090,4243915.000000,,3.481200,
1.548000,0.174320,0.553710,2.091800,228.012480,-334.871090,4243940.000000,,3.482480,
1.550000,0.173030,0.576780,2.009770,228.043930,-334.871090,4243965.500000,,3.482480,
1.552000,0.173030,0.601140,1.599610,228.075350,-334.871090,4243991.000000,1.000000,3.482480,-399.501100
1.554000,0.173030,0.610110,1.650880,228.106830,-334.871060,4244016.000000,,3.481200,
1.556000,0.173030,0.593440,1.609860,228.138380,-334.871090,4244041.500000,,3.481200,
1.558000,0.173030,0.567810,1.620120,228.170030,-334.871060,4244066.500000,,3.481200,
1.560000,0.171750,0.552430,1.876460,228.201710,-334.871060,4244092.000000,1.000000,3.478640,-399.501100
1.562000,0.173030,0.556270,1.456050,228.233350,-334.871090,4244117.000000,,3.479920,
1.564000,0.170470,0.566530,1.712400,228.264950,-334.871090,4244142.500000,,3.478640,
1.566000,0.171750,0.570370,1.640630,228.296600,-334.871090,4244168.000000,,3.478640,
1.568000,0.171750,0.556270,1.866210,228.328320,-334.871090,4244193.500000,1.000000,3.478640,-399.501100
1.570000,0.171750,0.544740,2.071290,228.360030,-334.871090,4244218.500000,,3.481200,
1.572000,0.171750,0.540890,1.999510,228.391690,-334.871090,4244243.500000,,3.478640,
1.574000,0.171750,0.543460,1.845700,228.423320,-334.871090,4244269.000000,,3.481200,
1.576000,0.170470,0.560120,1.804690,228.454900,-334.871060,4244294.500000,1.000000,3.482480,-399.501100
1.576000,0.170470,0.560120,1.804690,228.454900,-334.871060,4244294.500000,1.000000,3.482480,-399.501100
1.578000,0.170470,0.572940,1.927730,228.486420,-334.871060,4244320.000000,,3.483760,
1.580000,0.170470,0.598570,1.691890,228.517930,-334.871060,4244345.000000,,3.483760,
1.582000,0.171750,0.603700,1.855960,228.549390,-334.871090,4244370.000000,,3.479920,
1.584000,0.171750,0.593440,2.061040,228.580980,-334.871060,4244395.500000,1.000000,3.479920,-399.501100
1.586000,0.173030,0.572940,1.927730,228.612630,-334.871060,4244421.000000,,3.477360,
1.588000,0.173030,0.554990,1.917480,228.644300,-334.871090,4244446.000000,,3.478640,
1.590000,0.173030,0.540890,1.517580,228.675980,-334.871090,4244471.500000,,3.479920,
1.592000,0.174320,0.526790,1.784180,228.707670,-334.871090,4244497.000000,1.000000,3.479920,-399.501100
1.594000,0.174320,0.513980,1.681640,228.739380,-334.871090,4244522.000000,,3.476070,
1.596000,0.171750,0.510130,2.194340,228.771060,-334.871090,4244547.000000,,3.482480,
1.598000,0.174320,0.505000,2.348140,228.802720,-334.871090,4244572.500000,,3.477360,
1.600000,0.174320,0.519100,2.061040,228.834350,-334.871090,4244598.000000,1.000000,3.485050,-399.501100
1.602000,0.175600,0.528080,1.825200,228.865950,-334.871090,4244623.500000,,3.479920,
1.604000,0.174320,0.539610,1.743160,228.897510,-334.871090,4244648.500000,,3.481200,
1.606000,0.171750,0.553710,1.712400,228.929080,-334.871060,4244673.500000,,3.483760,
1.608000,0.175600,0.547300,2.091800,228.960630,-334.871090,4244699.000000,1.000000,3.482480,-399.501100
1.610000,0.176880,0.554990,1.814940,228.992170,-334.871090,4244724.500000,,3.490170,
1.612000,0.179440,0.560120,1.927730,229.023680,-334.871060,4244749.500000,,3.477360,
1.614000,0.175600,0.588320,1.650880,229.055130,-334.871060,4244775.000000,,3.482480,
1.616000,0.175600,0.599850,1.722660,229.086590,-334.871060,4244800.500000,1.000000,3.481200,-399.501100
1.618000,0.180730,0.584470,1.322750,229.118190,-334.871090,4244825.500000,,3.478640,
1.620000,0.179440,0.569090,1.732910,229.149860,-334.871090,4244850.500000,,3.486330,
1.622000,0.184570,0.562680,1.876460,229.181500,-334.871090,4244876.000000,,3.472230,
1.624000,0.176880,0.548580,2.112300,229.213150,-334.871090,4244901.500000,1.000000,3.485050,-399.501070
1.626000,0.179440,0.539610,1.927730,229.244870,-334.871060,4244927.000000,,3.482480,
1.628000,0.179440,0.529360,1.743160,229.276520,-334.871090,4244952.000000,,3.477360,
1.630000,0.179440,0.551150,1.907230,229.308120,-334.871090,4244977.500000,,3.492740,
1.632000,0.180730,0.572940,1.886720,229.339650,-334.871060,4245002.500000,1.000000,3.476070,-399.501070
1.634000,0.175600,0.593440,1.927730,229.371170,-334.871090,4245028.000000,,3.487610,
1.636000,0.179440,0.593440,2.112300,229.402760,-334.871060,4245053.000000,,3.478640,
1.638000,0.179440,0.598570,1.937990,229.434360,-334.871090,4245078.500000,,3.486330,
1.640000,0.184570,0.601140,1.989260,229.465940,-334.871090,4245104.000000,1.000000,3.482480,-399.501100
1.642000,0.183290,0.606260,1.466310,229.497540,-334.871060,4245129.000000,,3.476070,
1.644000,0.188420,0.587040,1.784180,229.529280,-334.871060,4245154.500000,,3.485050,
1.646000,0.189700,0.562680,1.753420,229.561050,-334.871090,4245179.500000,,3.477360,
1.648000,0.197390,0.539610,2.696780,229.592820,-334.871150,4245205.000000,1.000000,3.487610,-399.501070
1.650000,0.235840,0.560120,2.491700,229.624400,-334.871060,4245230.500000,,3.482480,
1.652000,0.234560,0.602420,2.286620,229.655870,-334.870910,4245256.000000,,3.424800,
1.654000,0.205080,0.585750,2.071290,229.687550,-334.870970,4245281.000000,,3.494020,
1.656000,0.196110,0.526790,2.009770,229.719410,-334.871060,4245306.000000,1.000000,3.472230,-399.501160
1.658000,0.205080,0.496030,3.168460,229.751280,-334.871190,4245331.500000,,3.502990,
1.660000,0.287110,0.515260,2.696780,229.782850,-334.871090,4245356.500000,,3.483760,
1.662000,0.299930,0.602420,2.748050,229.814100,-334.870880,4245382.000000,,3.410710,
1.664000,0.256350,0.643430,2.368650,229.845470,-334.870850,4245407.500000,1.000000,3.479920,-399.501310
1.666000,0.221740,0.594730,2.563480,229.877230,-334.871000,4245432.500000,,3.456850,
1.668000,0.237120,0.607540,3.045410,229.908840,-334.871460,4245457.500000,,3.587590,
1.670000,0.367860,0.745970,2.337890,229.939970,-334.871000,4245483.000000,,3.394040,
1.672000,0.324280,0.817750,2.276370,229.971220,-334.870420,4245508.500000,1.000000,3.364560,-399.501160
1.674000,0.270450,0.722900,2.020020,230.003220,-334.870790,4245534.000000,,3.520940,
1.676000,0.198670,0.516540,3.178710,230.035950,-334.871250,4245559.000000,,3.504270,
1.678000,0.267880,0.508850,3.271000,230.067990,-334.871520,4245584.500000,,3.597840,
1.680000,0.429380,0.530640,2.563480,230.099700,-334.870820,4245609.500000,1.000000,3.359440,-399.500850
1.682000,0.380680,0.602420,2.389160,230.131200,-334.870910,4245635.000000,,3.564510,
1.684000,0.301210,0.529360,2.255860,230.163100,-334.870850,4245660.000000,,3.459410,
1.686000,0.231990,0.508850,3.865720,230.194930,-334.871000,4245685.500000,,3.572200,
1.688000,0.351200,0.547300,3.742680,230.226320,-334.871280,4245711.000000,1.000000,3.569640,-399.500640
1.690000,0.513980,0.624210,3.035160,230.257510,-334.870790,4245736.000000,,3.404300,
1.692000,0.434510,0.713930,2.522460,230.288650,-334.870510,4245761.000000,,3.531190,
1.694000,0.328130,0.516540,2.563480,230.320770,-334.870510,4245786.500000,,3.428650,
1.696000,0.257630,0.553710,4.050290,230.352630,-334.871490,4245812.000000,1.000000,3.732420,-399.500610
1.698000,0.462710,0.610110,3.568360,230.383900,-334.871220,4245837.000000,,3.497860,
1.700000,0.570370,0.852360,2.748050,230.414670,-334.870000,4245862.500000,,3.235110,
1.702000,0.439640,0.785710,2.389160,230.446350,-334.870360,4245888.000000,,3.514530,
1.704000,0.293520,0.513980,2.778810,230.479220,-334.870970,4245913.000000,1.000000,3.511960,-399.500240
1.706000,0.217900,0.443480,3.660640,230.511600,-334.871770,4245938.000000,,3.737550,
1.708000,0.483220,0.465270,3.424800,230.543320,-334.870970,4245963.500000,,3.401730,
1.710000,0.511410,0.566530,2.830080,230.574680,-334.870730,4245989.000000,,3.519650,
1.712000,0.372990,0.626770,2.583980,230.606000,-334.870820,4246014.500000,1.000000,3.558110,-399.499690
1.714000,0.220460,0.530640,3.332520,230.637770,-334.870640,4246039.500000,,3.468380,
1.716000,0.239690,0.725460,4.419430,230.668790,-334.871460,4246064.500000,,3.787540,
1.718000,0.565250,0.643430,3.424800,230.700150,-334.870640,4246090.000000,,3.356870,
1.720000,0.565250,0.865170,2.707030,230.731020,-334.870420,4246115.000000,1.000000,3.545290,-399.499600
1.722000,0.399900,0.648560,2.409670,230.763050,-334.870120,4246140.500000,,3.422240,
1.724000,0.216610,0.593440,4.460450,230.795260,-334.871030,4246166.000000,,3.688840,
1.726000,0.333250,0.657530,4.460450,230.826870,-334.871770,4246191.500000,,3.764470,
1.728000,0.640870,0.812620,2.953130,230.857850,-334.869960,4246216.500000,1.000000,3.201780,-399.499390
1.730000,0.497310,0.912600,2.471190,230.889140,-334.869900,4246241.500000,,3.536320,
1.732000,0.311460,0.583190,2.286620,230.922040,-334.870510,4246267.000000,,3.487610,
1.734000,0.156370,0.414000,4.132320,230.955050,-334.871610,4246292.500000,,3.796510,
1.736000,0.385800,0.470400,4.070800,230.986890,-334.871430,4246317.500000,1.000000,3.617070,-399.498810
1.738000,0.598570,0.485780,3.240230,231.018550,-334.870510,4246343.000000,,3.395320,
1.740000,0.472960,0.698550,2.789060,231.049530,-334.870910,4246368.500000,,3.711910,
1.742000,0.252500,0.474240,2.789060,231.081500,-334.870360,4246393.500000,,3.362000,
1.744000,0.116640,0.719060,4.901370,231.112500,-334.871250,4246418.500000,1.000000,3.824710,-399.498810
1.744000,0.116640,0.719060,4.901370,231.112500,-334.871250,4246418.500000,1.000000,3.824710,-399.498810
1.746000,0.476810,0.622920,4.347660,231.143910,-334.870910,4246444.000000,,3.445310,
1.748000,0.684450,0.833130,3.229980,231.174800,-334.870240,4246469.500000,,3.445310,
1.750000,0.517820,0.762630,2.819820,231.206220,-334.870090,4246495.000000,,3.501710,
1.752000,0.257630,0.547300,4.234860,231.238750,-334.870420,4246520.000000,1.000000,3.469670,-399.499210
1.754000,0.211490,0.675480,4.973140,231.270320,-334.872100,4246545.000000,,4.016970,
1.756000,0.621640,0.730590,3.588870,231.301540,-334.870510,4246570.500000,,3.204350,
1.758000,0.653690,0.942080,2.635250,231.332500,-334.869750,4246595.500000,,3.441470,
1.760000,0.385800,0.689580,2.337890,231.364940,-334.870360,4246621.000000,1.000000,3.518370,-399.498810
1.762000,0.114070,0.376830,4.409180,231.398220,-334.871400,4246646.500000,,3.661930,
1.764000,0.216610,0.522950,4.562990,231.430020,-334.872130,4246672.000000,,3.897770,
1.766000,0.578060,0.438350,3.455570,231.461850,-334.870700,4246697.000000,,3.303040,
1.768000,0.546020,0.708800,2.727540,231.492800,-334.871190,4246722.000000,1.000000,3.786250,-399.498080
1.770000,0.279420,0.503720,2.225100,231.524630,-334.870420,4246747.500000,,3.406860,
1.772000,0.093570,0.587040,4.788570,231.556150,-334.870910,4246773.000000,,3.700380,
1.774000,0.320430,0.689580,4.911620,231.587200,-334.871310,4246798.000000,,3.738830,
1.776000,0.719060,0.693420,3.804200,231.618450,-334.870180,4246823.500000,1.000000,3.269710,-399.498080
1.778000,0.638310,0.886960,3.065920,231.649400,-334.870330,4246848.500000,,3.679870,
1.780000,0.331970,0.502440,3.517090,231.681950,-334.869960,4246874.000000,,3.350460,
1.782000,0.137150,0.685730,5.270510,231.713650,-334.872070,4246899.000000,,4.016970,
1.784000,0.489620,0.757510,4.122070,231.744720,-334.871280,4246924.500000,1.000000,3.526060,-399.498410
1.786000,0.729310,0.960020,2.932620,231.775500,-334.869570,4246950.000000,,3.246640,
1.788000,0.488340,0.934390,2.440430,231.807130,-334.870240,4246975.500000,,3.655520,
1.790000,0.157650,0.467830,3.947750,231.840580,-334.870790,4247000.500000,,3.524780,
1.792000,0.065370,0.590880,5.085940,231.872620,-334.872380,4247025.500000,1.000000,4.059270,-399.497920
1.794000,0.502440,0.497310,3.937500,231.904500,-334.871000,4247051.000000,,3.406860,
1.794000,0.502440,0.497310,3.937500,231.904500,-334.871000,4247051.000000,,3.406860,
1.796000,0.654970,0.676760,2.932620,231.935820,-334.870850,4247076.500000,,3.697810,
1.798000,0.396060,0.624210,2.604490,231.967420,-334.870700,4247101.500000,,3.587590,
1.800000,0.087160,0.480650,4.224610,231.999530,-334.870240,4247127.000000,1.000000,3.522220,-399.497890
1.802000,0.123050,0.757510,5.578130,232.030430,-334.871460,4247152.000000,,3.929810,
1.804000,0.669070,0.630620,4.470700,232.062060,-334.870090,4247177.000000,,3.287660,
1.806000,0.758790,0.895940,3.240230,232.092900,-334.870090,4247202.500000,,3.663210,
1.808000,0.461430,0.534480,3.271000,232.125430,-334.869780,4247228.000000,1.000000,3.387630,-399.498570
1.810000,0.123050,0.493470,5.455080,232.157750,-334.871090,4247253.500000,,3.864440,
1.812000,0.348630,0.651120,4.870610,232.188900,-334.871890,4247278.500000,,3.824710,
1.814000,0.797240,0.842100,3.506840,232.219650,-334.869510,4247304.000000,,3.130000,
1.816000,0.622920,1.031800,2.789060,232.250400,-334.869840,4247329.000000,1.000000,3.664490,-399.498140
1.818000,0.252500,0.606260,3.158200,232.283330,-334.870300,4247354.500000,,3.479920,
1.820000,-0.005130,0.549870,5.208980,232.315800,-334.872010,4247379.500000,,4.043880,
1.822000,0.360170,0.551150,4.337400,232.347400,-334.871520,4247405.000000,,3.636290,
1.824000,0.684450,0.544740,3.383790,232.379040,-334.870570,4247430.500000,1.000000,3.546570,-399.496920
1.826000,0.502440,0.729310,2.768550,232.410130,-334.870910,4247455.500000,,3.806760,
1.828000,0.151250,0.416560,3.599120,232.442470,-334.870000,4247481.000000,,3.385070,
1.830000,0.025630,0.766480,5.783200,232.473370,-334.871250,4247506.000000,,4.033630,
1.832000,0.544740,0.615230,4.706540,232.504870,-334.870330,4247531.500000,1.000000,3.385070,-399.497070
1.834000,0.792110,0.877990,3.219730,232.535800,-334.869810,4247557.000000,,3.593990,
1.836000,0.554990,0.674190,2.614750,232.567780,-334.869600,4247582.500000,,3.544010,
1.838000,0.160220,0.434510,5.147460,232.600570,-334.870270,4247607.500000,,3.620910,
1.840000,0.190980,0.666500,5.629390,232.631850,-334.872010,4247632.500000,1.000000,4.140010,-399.498140
1.842000,0.742130,0.792110,4.204100,232.662630,-334.869600,4247658.000000,,3.114620,
1.844000,0.748540,1.080510,2.942870,232.693210,-334.869260,4247683.000000,,3.567080,
1.846000,0.365300,0.729310,2.625000,232.725650,-334.869810,4247708.500000,,3.502990,
1.848000,0.010250,0.494750,4.952640,232.758680,-334.871220,4247734.000000,1.000000,3.856750,-399.497830
1.850000,0.164060,0.593440,4.932130,232.790370,-334.871860,4247759.500000,,3.920840,
1.852000,0.656250,0.449890,3.988770,232.822360,-334.870330,4247784.000000,,3.368410,
1.854000,0.621640,0.726750,3.086430,232.853300,-334.870910,4247809.500000,,3.901610,
1.856000,0.240970,0.397340,3.271000,232.885530,-334.869900,4247835.000000,1.000000,3.378660,-399.497440
1.858000,-0.016660,0.619080,5.506350,232.916820,-334.870850,4247860.500000,,3.931090,
1.860000,0.365300,0.585750,5.424320,232.948120,-334.870760,4247885.500000,,3.656800,
1.862000,0.856200,0.692140,3.763180,232.979290,-334.869630,4247911.000000,,3.377380,
1.864000,0.724180,0.766480,2.881350,233.010470,-334.869810,4247936.000000,1.000000,3.708070,-399.497920
1.866000,0.298650,0.421690,4.562990,233.043180,-334.869660,4247961.500000,,3.455570,
1.868000,0.096130,0.701110,6.275390,233.074400,-334.871890,4247986.500000,,4.198970,
1.870000,0.619080,0.802370,4.532230,233.105120,-334.870300,4248012.000000,,3.356870,
1.872000,0.853640,1.095890,3.014650,233.135540,-334.868990,4248037.500000,1.000000,3.383790,-399.497590
1.874000,0.538330,0.948490,2.563480,233.167340,-334.869720,4248063.000000,,3.599120,
1.876000,0.080750,0.497310,4.480960,233.200740,-334.870640,4248088.000000,,3.660640,
1.878000,0.044860,0.679320,5.424320,233.232540,-334.872070,4248113.000000,,4.106690,
1.880000,0.597290,0.510130,4.470700,233.264600,-334.870420,4248138.500000,1.000000,3.320980,-399.496250
1.882000,0.712650,0.774170,3.096680,233.295700,-334.870790,4248164.000000,,3.846500,
1.884000,0.356320,0.557560,2.481450,233.327680,-334.870240,4248189.500000,,3.487610,
1.886000,0.016660,0.554990,4.942380,233.359500,-334.870390,4248214.500000,,3.715760,
1.888000,0.184570,0.722900,5.906250,233.390630,-334.871150,4248239.500000,1.000000,3.879820,-399.496400
1.890000,0.799800,0.619080,4.655270,233.422150,-334.869630,4248265.000000,,3.268430,
1.892000,0.833130,0.885680,3.291500,233.453000,-334.869720,4248290.000000,,3.714480,
1.894000,0.440920,0.485780,4.040040,233.485500,-334.869450,4248315.500000,,3.385070,
1.896000,0.093570,0.643430,6.306150,233.517230,-334.871430,4248341.000000,1.000000,4.061830,-399.497800
1.898000,0.449890,0.816470,5.147460,233.548050,-334.871090,4248366.500000,,3.631160,
1.900000,0.866460,0.985660,3.435060,233.578720,-334.868900,4248391.500000,,3.197940,
1.902000,0.630620,1.060000,2.645510,233.609970,-334.869540,4248416.500000,,3.695250,
1.904000,0.182010,0.515260,4.357910,233.643450,-334.870150,4248442.000000,1.000000,3.509400,-399.497590
1.906000,-0.032040,0.599850,6.070310,233.675750,-334.872040,4248467.500000,,4.168210,
1.908000,0.449890,0.453740,5.014160,233.707870,-334.870850,4248492.500000,,3.483760,
1.910000,0.757510,0.567810,3.322270,233.739500,-334.870640,4248518.000000,,3.693970,
1.912000,0.503720,0.578060,2.871090,233.770950,-334.870540,4248543.000000,1.000000,3.719600,-399.496730
1.914000,0.096130,0.393490,4.378420,233.803020,-334.870000,4248568.500000,,3.499150,
1.916000,0.056400,0.751100,6.377930,233.833570,-334.871220,4248593.500000,,4.043880,
1.918000,0.679320,0.620360,5.475590,233.864970,-334.869750,4248619.000000,,3.287660,
1.920000,0.889530,0.922850,3.640140,233.895520,-334.869600,4248644.500000,1.000000,3.647830,-399.496920
1.920000,0.889530,0.922850,3.640140,233.895520,-334.869600,4248644.500000,1.000000,3.647830,-399.496920
1.922000,0.544740,0.606260,3.619630,233.927630,-334.869260,4248670.000000,,3.458130,
1.924000,0.124330,0.551150,5.629390,233.959750,-334.870640,4248695.000000,,3.808040,
1.926000,0.301210,0.793400,5.660160,233.990570,-334.871520,4248720.000000,,3.942630,
1.928000,0.853640,0.876710,4.040040,234.021420,-334.868990,4248745.500000,1.000000,3.053100,-399.497280
1.930000,0.788270,1.102290,2.871090,234.052200,-334.869320,4248771.000000,,3.646550,
1.932000,0.316590,0.599850,3.640140,234.085340,-334.869810,4248796.000000,,3.470950,
1.934000,-0.042300,0.553710,5.721680,234.118060,-334.871730,4248821.500000,,4.023380,
1.936000,0.288390,0.547300,5.178220,234.149950,-334.871550,4248846.500000,1.000000,3.745240,-399.496190
1.938000,0.734440,0.501160,3.701660,234.181820,-334.870390,4248872.000000,,3.556820,
1.940000,0.603700,0.699830,2.942870,234.212950,-334.870910,4248897.000000,,3.870850,
1.942000,0.174320,0.431950,3.834960,234.245070,-334.869810,4248922.500000,,3.468380,
1.944000,-0.010250,0.803650,6.336910,234.275770,-334.871030,4248948.000000,1.000000,4.040040,-399.496460
1.946000,0.511410,0.728030,5.803710,234.306900,-334.870120,4248973.500000,,3.497860,
1.948000,0.922850,0.922850,3.701660,234.337720,-334.869260,4248998.500000,,3.532470,
1.950000,0.701110,0.840820,3.147950,234.369200,-334.869260,4249023.500000,,3.619630,
1.952000,0.223020,0.585750,5.085940,234.401660,-334.869660,4249049.000000,1.000000,3.658080,-399.497920
1.954000,0.167910,0.863890,6.449710,234.432650,-334.871520,4249074.500000,,4.123350,
1.956000,0.783140,0.890810,4.768070,234.463700,-334.869110,4249099.500000,,3.183840,
1.958000,0.908750,1.109990,3.414550,234.494600,-334.868650,4249125.000000,,3.513240,
1.960000,0.490910,0.731870,2.994140,234.527340,-334.869350,4249150.500000,1.000000,3.546570,-399.497440
1.962000,0.021790,0.455020,5.260250,234.560730,-334.870760,4249175.500000,,3.879820,
1.964000,0.129460,0.560120,5.844730,234.592680,-334.871550,4249200.500000,,3.951600,
1.966000,0.679320,0.390930,4.296390,234.624950,-334.870090,4249226.000000,,3.426090,
1.968000,0.719060,0.681880,3.476070,234.656010,-334.870640,4249251.500000,1.000000,3.924680,-399.495910
1.970000,0.310180,0.407590,3.660640,234.687940,-334.869840,4249277.000000,,3.450440,
1.972000,-0.035890,0.698550,5.824220,234.718900,-334.870510,4249302.000000,,3.966980,
1.974000,0.323000,0.744690,6.408690,234.749730,-334.870420,4249327.000000,,3.647830,
1.976000,0.911320,0.852360,4.234860,234.780650,-334.869110,4249352.500000,1.000000,3.408140,-399.496150
1.978000,0.843380,0.951050,2.983890,234.811520,-334.869170,4249378.000000,,3.658080,
1.980000,0.376830,0.620360,4.932130,234.843900,-334.869380,4249403.000000,,3.488890,
1.982000,0.102540,0.866460,6.644530,234.875150,-334.871340,4249428.500000,,4.186160,
1.984000,0.617800,0.931820,5.373050,234.906080,-334.869930,4249454.000000,1.000000,3.333800,-399.496920
1.986000,0.945920,1.130490,3.517090,234.936980,-334.868560,4249479.000000,,3.381230,
1.988000,0.634460,0.908750,2.758300,234.969190,-334.869380,4249504.000000,,3.588870,
1.990000,0.106380,0.442200,4.645020,235.002980,-334.870450,4249529.500000,,3.685000,
1.992000,0.015380,0.565250,6.039550,235.035170,-334.871950,4249555.000000,1.000000,4.138730,-399.496190
1.994000,0.604980,0.397340,4.993650,235.067440,-334.870390,4249580.500000,,3.370970,
1.996000,0.820310,0.616520,3.445310,235.098750,-334.870730,4249605.500000,,3.867000,
1.998000,0.440920,0.472960,3.004390,235.130550,-334.870180,4249630.500000,,3.546570,
2.000000,0.025630,0.522950,5.311520,235.161960,-334.870360,4249656.000000,1.000000,3.740110,-399.496120
2.002000,0.180730,0.808780,6.470210,235.192470,-334.870790,4249681.500000,,3.855470,
2.004000,0.829280,0.733150,5.137210,235.223600,-334.869320,4249706.500000,,3.229980,
2.006000,0.940800,0.979250,3.465820,235.254270,-334.869380,4249732.000000,,3.700380,
2.008000,0.494750,0.553710,4.337400,235.286700,-334.869170,4249757.500000,1.000000,3.382510,-399.497040
2.010000,0.111510,0.697270,6.613770,235.318370,-334.871250,4249782.500000,,4.033630,
2.012000,0.461430,0.854920,5.885740,235.349230,-334.870790,4249807.500000,,3.631160,
2.014000,0.945920,0.985660,3.947750,235.380050,-334.868840,4249833.000000,,3.167180,
2.016000,0.771610,1.049740,2.717290,235.411470,-334.869480,4249858.500000,1.000000,3.672180,-399.496800
2.018000,0.247380,0.479370,4.501460,235.444930,-334.870210,4249884.000000,,3.532470,
2.020000,-0.019230,0.610110,6.306150,235.477200,-334.872100,4249909.000000,,4.163090,
2.022000,0.429380,0.456300,5.844730,235.509280,-334.870880,4249934.000000,,3.505550,
2.024000,0.806210,0.557560,3.845210,235.540920,-334.870640,4249959.500000,1.000000,3.700380,-399.495270
2.026000,0.574220,0.565250,2.871090,235.572300,-334.870640,4249985.000000,,3.733700,
2.028000,0.114070,0.474240,4.880860,235.604080,-334.870090,4250010.500000,,3.558110,
2.030000,0.061520,0.840820,6.685550,235.634430,-334.871060,4250035.500000,,4.004150,
2.032000,0.674190,0.747250,5.865230,235.665700,-334.869510,4250061.000000,1.000000,3.296630,-399.495450
2.034000,1.004880,0.962590,4.183590,235.696460,-334.869380,4250086.000000,,3.587590,
2.036000,0.665220,0.663940,3.875980,235.728670,-334.869230,4250111.000000,,3.495300,
2.038000,0.174320,0.578060,6.090820,235.760960,-334.870570,4250136.500000,,3.824710,
2.040000,0.308900,0.839540,6.336910,235.791900,-334.871430,4250162.000000,1.000000,3.893920,-399.496770
2.042000,0.871580,0.898500,4.460450,235.822950,-334.868960,4250187.500000,,3.138980,
2.044000,0.912600,1.107420,2.922360,235.853850,-334.869380,4250212.500000,,3.632450,
2.046000,0.414000,0.647280,3.947750,235.886930,-334.869900,4250237.500000,,3.519650,
2.048000,-0.011540,0.587040,6.254880,235.919450,-334.871730,4250263.000000,1.000000,4.045170,-399.496250
2.050000,0.275570,0.617800,6.090820,235.951250,-334.871340,4250288.500000,,3.710630,
2.052000,0.785710,0.549870,4.173340,235.983090,-334.870360,4250313.500000,,3.586300,
2.054000,0.698550,0.722900,2.953130,236.014330,-334.870760,4250339.000000,,3.846500,
2.056000,0.223020,0.431950,4.101560,236.046360,-334.869870,4250364.500000,1.000000,3.517090,-399.495570
2.058000,-0.001280,0.801090,6.459960,236.077100,-334.870880,4250389.500000,,4.029790,
2.060000,0.506290,0.712650,6.654790,236.108320,-334.869870,4250414.500000,,3.450440,
2.062000,0.998470,0.869020,4.378420,236.139480,-334.869020,4250440.000000,,3.550420,
2.064000,0.797240,0.681880,3.558110,236.171370,-334.869050,4250465.500000,1.000000,3.547850,-399.496400
2.066000,0.281980,0.443480,5.506350,236.204070,-334.869750,4250491.000000,,3.717040,
2.068000,0.206360,0.720340,6.716310,236.235150,-334.871310,4250516.000000,,4.075930,
2.070000,0.801090,0.820310,5.188480,236.266130,-334.869110,4250541.500000,,3.190250,
2.072000,0.997190,1.026670,3.783690,236.296920,-334.868740,4250566.500000,1.000000,3.550420,-399.496340
2.074000,0.535770,0.688290,3.496580,236.329470,-334.869420,4250592.000000,,3.559390,
2.076000,0.033330,0.458860,5.619140,236.362470,-334.870880,4250617.000000,,3.915710,
2.078000,0.139710,0.594730,6.449710,236.394030,-334.871400,4250642.500000,,3.922120,
2.080000,0.681880,0.483220,4.768070,236.425870,-334.869960,4250668.000000,1.000000,3.446590,-399.494810
2.082000,0.779300,0.747250,3.445310,236.456680,-334.870540,4250693.000000,,3.916990,
2.084000,0.361450,0.513980,3.773440,236.488480,-334.869780,4250718.500000,,3.502990,
2.086000,0.000000,0.748540,6.285640,236.519270,-334.870480,4250743.500000,,3.965700,
2.088000,0.344790,0.784420,6.982910,236.550230,-334.870090,4250769.000000,1.000000,3.608090,-399.495180
2.090000,0.913880,0.806210,4.880860,236.581530,-334.868930,4250794.500000,,3.400450,
2.092000,0.913880,0.815190,3.291500,236.613020,-334.869050,4250820.000000,,3.658080,
2.094000,0.412720,0.448610,4.942380,236.645840,-334.869380,4250845.000000,,3.531190,
2.096000,0.140990,0.680600,6.900880,236.677370,-334.871340,4250870.000000,1.000000,4.164370,-399.496770
2.098000,0.644710,0.789550,6.193360,236.708280,-334.869720,4250895.500000,,3.333800,
2.100000,1.011290,0.988220,3.999020,236.739240,-334.868590,4250920.500000,,3.377380,
2.102000,0.724180,0.813900,3.055660,236.771270,-334.869380,4250946.000000,,3.602970,
2.104000,0.148680,0.429380,4.829590,236.804550,-334.870450,4250971.500000,1.000000,3.729860,-399.496460
2.104000,0.148680,0.429380,4.829590,236.804550,-334.870450,4250971.500000,1.000000,3.729860,-399.496460
2.106000,0.023070,0.629330,6.593260,236.836270,-334.871700,4250996.500000,,4.059270,
2.108000,0.572940,0.484500,5.280760,236.868150,-334.870150,4251021.500000,,3.390200,
2.110000,0.844670,0.698550,3.773440,236.899250,-334.870510,4251047.000000,,3.842650,
2.112000,0.467830,0.548580,3.486330,236.930800,-334.870090,4251072.500000,1.000000,3.567080,-399.495300
2.114000,0.035890,0.649840,5.660160,236.962100,-334.870270,4251098.000000,,3.811890,
2.116000,0.206360,0.824160,7.044430,236.992800,-334.870510,4251123.000000,,3.796510,
2.118000,0.829280,0.767760,5.403810,237.024170,-334.869080,4251148.500000,,3.286380,
2.120000,1.031800,0.880550,3.711910,237.055340,-334.869260,4251173.500000,1.000000,3.668330,-399.495880
2.122000,0.561400,0.481930,4.480960,237.088100,-334.869260,4251199.000000,,3.497860,
2.124000,0.152530,0.561400,6.890630,237.120100,-334.871190,4251224.500000,,4.082340,
2.126000,0.490910,0.730590,6.603520,237.151120,-334.870510,4251249.500000,,3.588870,
2.128000,0.997190,0.854920,4.368160,237.182070,-334.868560,4251275.000000,1.000000,3.250490,-399.496120
2.130000,0.860050,0.920290,3.086430,237.213550,-334.869260,4251300.000000,,3.631160,
2.132000,0.299930,0.433230,4.347660,237.246720,-334.870060,4251325.500000,,3.599120,
2.134000,0.012820,0.593440,6.695800,237.278660,-334.871730,4251350.500000,,4.141300,
2.136000,0.431950,0.508850,6.162600,237.310470,-334.870510,4251376.000000,1.000000,3.459410,-399.494690
2.138000,0.835690,0.593440,4.368160,237.341980,-334.870360,4251401.500000,,3.749080,
2.140000,0.612670,0.567810,3.096680,237.373440,-334.870360,4251427.000000,,3.683720,
2.142000,0.126890,0.496030,4.891110,237.405000,-334.870090,4251452.000000,,3.647830,
2.144000,0.084590,0.865170,6.993160,237.435420,-334.870730,4251477.000000,1.000000,3.945190,-399.494810
2.146000,0.671630,0.784420,6.142090,237.466570,-334.869290,4251502.500000,,3.286380,
2.148000,1.066410,0.974120,4.562990,237.497530,-334.869140,4251528.000000,,3.637570,
2.150000,0.720340,0.625490,4.173340,237.529830,-334.869170,4251553.000000,,3.469670,
2.152000,0.217900,0.581910,6.552250,237.562100,-334.870700,4251578.500000,1.000000,3.934940,-399.496610
2.154000,0.353760,0.833130,6.624020,237.593050,-334.871060,4251604.000000,,3.818300,
2.156000,0.889530,0.880550,4.870610,237.624220,-334.868770,4251629.000000,,3.169740,
2.158000,0.963870,1.012570,2.922360,237.655470,-334.869050,4251654.000000,,3.642700,
2.160000,0.425540,0.522950,4.152830,237.688780,-334.869750,4251679.500000,1.000000,3.511960,-399.496400
2.162000,0.014100,0.501160,6.357420,237.721330,-334.871610,4251705.000000,,4.097720,
2.164000,0.315310,0.512700,6.757320,237.753130,-334.871000,4251730.500000,,3.656800,
2.166000,0.824160,0.457580,4.624510,237.785130,-334.870240,4251755.500000,,3.586300,
2.168000,0.748540,0.570370,3.045410,237.816480,-334.870570,4251780.500000,1.000000,3.846500,-399.494870
2.170000,0.258910,0.376830,4.275880,237.848340,-334.869900,4251806.000000,,3.531190,
2.172000,0.025630,0.766480,6.459960,237.878690,-334.870790,4251831.500000,,4.022090,
2.174000,0.530640,0.753660,6.839360,237.909730,-334.869570,4251856.500000,,3.405580,
2.176000,1.039490,0.877990,5.024410,237.940700,-334.869080,4251882.000000,1.000000,3.536320,-399.494930
2.178000,0.863890,0.701110,4.050290,237.972630,-334.869020,4251907.500000,,3.561950,
2.180000,0.328130,0.501160,5.824220,238.005000,-334.870000,4251932.500000,,3.726010,
2.182000,0.253780,0.804930,6.880370,238.035870,-334.871220,4251957.500000,,4.019530,
2.184000,0.816470,0.933110,5.496090,238.066650,-334.868990,4251983.000000,1.000000,3.153080,-399.495670
2.186000,1.047180,1.084350,3.670900,238.097580,-334.868840,4252008.500000,,3.536320,
2.188000,0.593440,0.729310,3.763180,238.130280,-334.869380,4252034.000000,,3.545290,
2.190000,0.084590,0.478090,5.906250,238.163300,-334.871030,4252059.000000,,3.923400,
2.192000,0.184570,0.569090,6.952150,238.195140,-334.871340,4252084.000000,1.000000,3.863160,-399.494660
2.194000,0.697270,0.433230,5.342290,238.227250,-334.870000,4252109.500000,,3.473510,
2.196000,0.828000,0.620360,3.486330,238.258610,-334.870640,4252135.000000,,3.861880,
2.198000,0.366580,0.392210,4.029790,238.290540,-334.869900,4252160.500000,,3.563230,
2.200000,0.028200,0.678040,6.244630,238.321430,-334.870640,4252185.500000,1.000000,3.955440,-399.494720
2.202000,0.396060,0.745970,7.475100,238.352200,-334.870030,4252211.000000,,3.586300,
2.204000,0.949770,0.826720,5.485840,238.383380,-334.868840,4252236.000000,,3.431210,
2.206000,0.979250,0.785710,3.609380,238.414860,-334.869080,4252261.000000,,3.615780,
2.208000,0.429380,0.479370,5.485840,238.447530,-334.869380,4252286.500000,1.000000,3.632450,-399.496250
2.210000,0.190980,0.735720,6.921390,238.478700,-334.871220,4252312.000000,,4.092590,
2.212000,0.674190,0.925420,6.316410,238.509280,-334.869380,4252337.500000,,3.306880,
2.214000,1.040770,1.093320,4.316890,238.540100,-334.868380,4252362.500000,,3.385070,
2.216000,0.758790,0.883120,3.342770,238.572220,-334.869230,4252387.500000,1.000000,3.570920,-399.495970
2.218000,0.189700,0.481930,5.291020,238.605550,-334.870390,4252413.000000,,3.779850,
2.220000,0.076900,0.630620,6.952150,238.637420,-334.871520,4252438.500000,,3.991330,
2.222000,0.599850,0.452450,5.670410,238.669690,-334.870090,4252463.500000,,3.418400,
2.224000,0.870300,0.558840,3.783690,238.701350,-334.870420,4252489.000000,1.000000,3.854190,-399.494290
2.226000,0.512700,0.343510,3.681150,238.733440,-334.870090,4252514.500000,,3.559390,
2.228000,0.049990,0.485780,5.926760,238.764690,-334.870330,4252539.500000,,3.895200,
2.230000,0.247380,0.698550,7.475100,238.795350,-334.870330,4252564.500000,,3.719600,
2.232000,0.844670,0.724180,5.844730,238.826450,-334.868930,4252590.000000,1.000000,3.328670,-399.494540
2.234000,1.085630,0.795960,3.845210,238.857650,-334.868990,4252615.500000,,3.652950,
2.236000,0.602420,0.449890,4.901370,238.890150,-334.869260,4252641.000000,,3.506840,
2.238000,0.196110,0.598570,6.911130,238.921750,-334.871000,4252666.000000,,4.120790,
2.240000,0.542180,0.848510,6.931640,238.952220,-334.870090,4252691.500000,1.000000,3.470950,-399.495700
2.242000,1.015140,0.992070,4.932130,238.983000,-334.868440,4252716.500000,,3.305600,
2.244000,0.902340,0.948490,3.229980,239.014620,-334.869110,4252742.000000,,3.587590,
2.246000,0.331970,0.479370,4.778320,239.047900,-334.870120,4252767.500000,,3.623470,
2.248000,0.047420,0.597290,6.736820,239.079930,-334.871610,4252792.500000,1.000000,4.113100,-399.495000
2.250000,0.493470,0.507570,6.347170,239.111830,-334.870390,4252818.000000,,3.429930,
2.252000,0.867740,0.557560,4.788570,239.143600,-334.870420,4252843.000000,,3.767030,
2.254000,0.638310,0.476810,3.373540,239.175350,-334.870240,4252868.500000,,3.656800,
2.256000,0.161500,0.425540,5.629390,239.207000,-334.870270,4252893.500000,1.000000,3.688840,-399.494480
2.258000,0.133300,0.765200,7.054690,239.237460,-334.870640,4252919.000000,,3.916990,
2.260000,0.703670,0.735720,6.726560,239.268570,-334.869110,4252944.500000,,3.264590,
2.262000,1.089480,0.875430,4.521970,239.299650,-334.869020,4252969.500000,,3.629880,
2.264000,0.748540,0.557560,4.419430,239.332000,-334.868990,4252995.000000,1.000000,3.468380,-399.495640
2.266000,0.276860,0.549870,6.777830,239.364070,-334.870760,4253020.000000,,3.938780,
2.268000,0.411440,0.847230,7.157230,239.394820,-334.870670,4253045.500000,,3.746520,
2.270000,0.903630,0.947200,5.229490,239.425700,-334.868590,4253070.500000,,3.147950,
2.272000,0.994630,1.035640,3.117190,239.457110,-334.868990,4253096.000000,1.000000,3.647830,-399.495540
2.274000,0.472960,0.543460,4.193850,239.490360,-334.869750,4253121.500000,,3.529910,
2.276000,0.061520,0.552430,6.470210,239.522800,-334.871550,4253146.500000,,4.083620,
2.278000,0.351200,0.525510,6.716310,239.554720,-334.870760,4253171.500000,,3.623470,
2.280000,0.820310,0.508850,5.280760,239.586670,-334.870210,4253197.000000,1.000000,3.609380,-399.493960
2.280000,0.820310,0.508850,5.280760,239.586670,-334.870210,4253197.000000,1.000000,3.609380,-399.493960
2.282000,0.776730,0.543460,3.301760,239.618270,-334.870510,4253222.500000,,3.796510,
2.284000,0.266600,0.389650,4.645020,239.650150,-334.869960,4253248.000000,,3.593990,
2.286000,0.060240,0.726750,6.603520,239.680650,-334.870760,4253273.500000,,3.966980,
2.288000,0.585750,0.747250,6.839360,239.711620,-334.869380,4253298.500000,1.000000,3.395320,-399.493990
2.290000,1.060000,0.829280,5.475590,239.742800,-334.868870,4253323.500000,,3.494020,
2.292000,0.906190,0.624210,4.347660,239.774870,-334.868990,4253349.000000,,3.535030,
2.294000,0.348630,0.453740,6.316410,239.807330,-334.870000,4253374.500000,,3.756770,
2.296000,0.314030,0.769040,7.044430,239.838100,-334.871060,4253399.500000,1.000000,3.904170,-399.495640
2.298000,0.838260,0.933110,5.834470,239.868820,-334.868740,4253425.000000,,3.172300,
2.300000,1.070250,1.030520,3.701660,239.899950,-334.868800,4253450.000000,,3.491460,
2.302000,0.637020,0.675480,3.763180,239.932830,-334.869540,4253475.500000,,3.554260,
2.304000,0.111510,0.460140,6.244630,239.965810,-334.871150,4253500.500000,1.000000,3.932370,-399.495120
2.306000,0.238400,0.574220,7.393070,239.997620,-334.871280,4253526.000000,,3.779850,
2.308000,0.713930,0.453740,5.803710,240.029750,-334.870120,4253551.500000,,3.533750,
2.310000,0.829280,0.571660,3.609380,240.061330,-334.870610,4253577.000000,,3.832400,
2.312000,0.389650,0.346070,4.081050,240.093350,-334.870090,4253602.000000,1.000000,3.610660,-399.494200
2.314000,0.055110,0.671630,6.377930,240.124050,-334.870670,4253627.000000,,3.972110,
2.316000,0.449890,0.769040,7.628910,240.154690,-334.869870,4253652.500000,,3.545290,
2.318000,0.954900,0.845950,5.885740,240.185820,-334.868650,4253678.000000,,3.455570,
2.320000,1.022830,0.722900,4.142580,240.217540,-334.868800,4253703.000000,1.000000,3.567080,-399.495120
2.322000,0.481930,0.435790,5.731930,240.250200,-334.869450,4253728.500000,,3.704220,
2.324000,0.249940,0.647280,7.013670,240.281490,-334.870910,4253754.000000,,4.047730,
2.326000,0.730590,0.845950,6.367680,240.312190,-334.869110,4253779.000000,,3.274840,
2.328000,1.062560,0.935670,4.573240,240.343400,-334.868160,4253804.000000,1.000000,3.436340,-399.495240
2.330000,0.794680,0.698550,3.599120,240.375790,-334.869110,4253829.500000,,3.552980,
2.332000,0.242250,0.392210,5.567870,240.409030,-334.870390,4253855.000000,,3.843930,
2.334000,0.148680,0.538330,7.157230,240.440750,-334.871150,4253880.500000,,3.938780,
2.336000,0.639590,0.439640,6.152340,240.472790,-334.869870,4253905.500000,1.000000,3.445310,-399.493620
2.338000,0.879270,0.525510,3.804200,240.504430,-334.870270,4253930.500000,,3.865720,
2.340000,0.537050,0.374270,3.958010,240.536330,-334.869960,4253956.000000,,3.579900,
2.342000,0.075620,0.579350,6.008790,240.567090,-334.870300,4253981.500000,,3.914430,
2.344000,0.312740,0.854920,7.505860,240.597400,-334.870000,4254006.500000,1.000000,3.690120,-399.493740
2.346000,0.865170,0.935670,6.459960,240.628170,-334.868650,4254032.000000,,3.327390,
2.348000,1.099730,0.947200,3.999020,240.659450,-334.868680,4254057.500000,,3.631160,
2.350000,0.629330,0.594730,5.147460,240.692050,-334.869110,4254082.500000,,3.527340,
2.352000,0.244810,0.697270,6.685550,240.723830,-334.870910,4254107.500000,1.000000,4.116940,-399.495540
2.354000,0.606260,0.903630,7.208500,240.754620,-334.869690,4254133.000000,,3.424800,
2.356000,1.021550,0.999760,5.280760,240.785920,-334.868260,4254158.500000,,3.290220,
2.358000,0.945920,0.839540,3.640140,240.818210,-334.868990,4254184.000000,,3.593990,
2.360000,0.342220,0.407590,5.014160,240.851750,-334.870150,4254209.000000,1.000000,3.651670,-399.495180
2.362000,0.080750,0.520390,6.952150,240.883930,-334.871520,4254234.000000,,4.064390,
2.364000,0.548580,0.447330,6.624020,240.915890,-334.870240,4254259.500000,,3.447880,
2.366000,0.876710,0.493470,4.706540,240.947800,-334.870360,4254285.000000,,3.736270,
2.368000,0.657530,0.378110,3.660640,240.979640,-334.870270,4254310.500000,1.000000,3.651670,-399.493800
2.368000,0.657530,0.378110,3.660640,240.979640,-334.870270,4254310.500000,1.000000,3.651670,-399.493800
2.370000,0.166630,0.440920,5.988280,241.011000,-334.870330,4254335.500000,,3.733700,
2.372000,0.205080,0.811340,7.598140,241.041050,-334.870480,4254361.000000,,3.824710,
2.374000,0.760070,0.886960,6.880370,241.071700,-334.868960,4254386.000000,,3.264590,
2.376000,1.102290,0.957460,4.870610,241.102750,-334.868930,4254411.000000,1.000000,3.570920,-399.494140
2.378000,0.774170,0.608830,4.634770,241.135220,-334.869020,4254436.500000,,3.506840,
2.380000,0.303770,0.599850,6.726560,241.167280,-334.870820,4254462.000000,,3.941350,
2.382000,0.472960,0.888240,7.352050,241.198000,-334.870510,4254487.500000,,3.656800,
2.384000,0.936950,0.997190,5.701170,241.228930,-334.868440,4254512.500000,1.000000,3.154360,-399.494780
2.386000,1.013850,0.970280,3.578610,241.260820,-334.869020,4254537.500000,,3.581180,
2.388000,0.506290,0.447330,4.573240,241.294370,-334.869900,4254563.000000,,3.577330,
2.390000,0.097410,0.429380,6.634280,241.327030,-334.871580,4254588.500000,,4.051570,
2.392000,0.411440,0.435790,6.911130,241.359020,-334.870640,4254613.500000,1.000000,3.556820,-399.493710
2.394000,0.820310,0.411440,5.301270,241.391020,-334.870240,4254639.000000,,3.633730,
2.396000,0.783140,0.403750,3.640140,241.422820,-334.870510,4254664.500000,,3.728580,
2.398000,0.273010,0.344790,5.239750,241.454350,-334.870210,4254689.500000,,3.650390,
2.400000,0.106380,0.748540,6.880370,241.484450,-334.870700,4254715.000000,1.000000,3.918270,-399.493650
2.402000,0.635740,0.831850,7.290530,241.514970,-334.869320,4254740.000000,,3.360720,
2.404000,1.072810,0.904910,5.516600,241.546010,-334.868800,4254765.500000,,3.494020,
2.406000,0.938230,0.640870,4.491210,241.578160,-334.869050,4254791.000000,,3.492740,
2.408000,0.376830,0.503720,6.295900,241.610500,-334.870240,4254816.500000,1.000000,3.818300,-399.495390
2.410000,0.364010,0.812620,7.311040,241.641300,-334.870910,4254841.000000,,3.808040,
2.412000,0.833130,0.990780,6.090820,241.672030,-334.868710,4254866.500000,,3.179990,
2.414000,1.067690,1.034360,3.937500,241.703350,-334.868770,4254892.000000,,3.509400,
2.416000,0.661380,0.629330,4.060550,241.736500,-334.869690,4254917.500000,1.000000,3.533750,-399.495060
2.418000,0.152530,0.452450,6.418950,241.769350,-334.871340,4254942.500000,,3.978520,
2.420000,0.310180,0.556270,7.485350,241.801100,-334.871090,4254968.000000,,3.711910,
2.422000,0.748540,0.485780,6.183110,241.833130,-334.870090,4254993.000000,,3.560670,
2.424000,0.847230,0.528080,3.968260,241.864810,-334.870510,4255018.500000,1.000000,3.829830,-399.493380
2.424000,0.847230,0.528080,3.968260,241.864810,-334.870510,4255018.500000,1.000000,3.829830,-399.493380
2.426000,0.408870,0.358890,4.562990,241.896730,-334.870180,4255043.500000,,3.643980,
2.428000,0.080750,0.698550,6.562500,241.927170,-334.870640,4255069.000000,,3.975950,
2.430000,0.508850,0.833130,7.557130,241.957720,-334.869630,4255094.500000,,3.491460,
2.432000,0.961300,0.926700,6.224120,241.988750,-334.868560,4255120.000000,1.000000,3.469670,-399.493710
2.434000,1.024110,0.748540,4.552730,242.020750,-334.868650,4255145.000000,,3.545290,
2.436000,0.488340,0.480650,6.142090,242.053530,-334.869570,4255170.000000,,3.718320,
2.438000,0.293520,0.678040,7.116210,242.084900,-334.870790,4255195.500000,,4.028500,
2.440000,0.771610,0.893370,6.541990,242.115710,-334.868930,4255221.000000,1.000000,3.244080,-399.494840
2.442000,1.074100,0.944640,4.501460,242.147080,-334.868290,4255246.000000,,3.464540,
2.444000,0.807500,0.646000,3.722170,242.179820,-334.869110,4255271.500000,,3.570920,
2.446000,0.249940,0.372990,5.967770,242.212950,-334.870570,4255296.500000,,3.869570,
2.448000,0.212770,0.556270,7.475100,242.244400,-334.870940,4255322.000000,1.000000,3.892640,-399.493960
2.450000,0.657530,0.552430,6.500980,242.275970,-334.869690,4255347.000000,,3.458130,
2.452000,0.877990,0.619080,4.214360,242.307420,-334.870180,4255372.500000,,3.831120,
2.454000,0.535770,0.416560,3.742680,242.339280,-334.869900,4255398.000000,,3.626040,
2.456000,0.117920,0.606260,6.131840,242.370130,-334.870330,4255423.500000,1.000000,3.910580,-399.493740
2.458000,0.383240,0.813900,7.362300,242.400530,-334.869750,4255448.500000,,3.637570,
2.460000,0.854920,0.906190,6.706050,242.431460,-334.868440,4255473.500000,,3.342770,
2.462000,1.074100,0.834410,4.562990,242.463120,-334.868620,4255499.000000,,3.592710,
2.464000,0.621640,0.499880,5.250000,242.496000,-334.869170,4255524.500000,1.000000,3.586300,-399.495210
2.466000,0.290950,0.592160,6.870120,242.527890,-334.870940,4255549.500000,,4.083620,
2.468000,0.656250,0.821590,6.900880,242.558700,-334.869510,4255575.000000,,3.413270,
2.470000,1.020260,0.930540,5.444820,242.589980,-334.868190,4255600.000000,,3.306880,
2.472000,0.944640,0.720340,3.834960,242.622380,-334.869050,4255625.500000,1.000000,3.588870,-399.494960
2.474000,0.358890,0.356320,5.608890,242.655620,-334.870210,4255651.000000,,3.723450,
2.476000,0.140990,0.546020,7.116210,242.687330,-334.871310,4255676.000000,,3.986210,
2.478000,0.571660,0.522950,6.993160,242.718860,-334.869960,4255701.500000,,3.441470,
2.480000,0.874150,0.583190,4.604000,242.750380,-334.870090,4255727.000000,1.000000,3.740110,-399.493230
2.482000,0.661380,0.416560,3.599120,242.782200,-334.870180,4255752.000000,,3.637570,
2.484000,0.166630,0.503720,6.388180,242.813350,-334.870240,4255777.000000,,3.809330,
2.486000,0.275570,0.783140,7.526370,242.843580,-334.870240,4255802.500000,,3.743960,
2.488000,0.797240,0.871580,7.362300,242.874340,-334.868740,4255828.000000,1.000000,3.291500,-399.493440
2.490000,1.103580,0.834410,4.850100,242.905850,-334.868710,4255853.000000,,3.549130,
2.492000,0.765200,0.487060,4.819340,242.938570,-334.869110,4255878.500000,,3.518370,
2.494000,0.302490,0.466550,6.767580,242.970830,-334.870790,4255903.500000,,4.005430,
2.496000,0.538330,0.743410,7.177730,243.001650,-334.870330,4255929.000000,1.000000,3.585020,-399.494840
2.498000,0.975400,0.910030,5.967770,243.032470,-334.868380,4255954.000000,,3.233830,
2.500000,1.011290,0.875430,3.906740,243.064300,-334.868990,4255979.500000,,3.545290,
2.502000,0.502440,0.449890,5.003910,243.097440,-334.870030,4256005.000000,,3.624760,
2.504000,0.137150,0.526790,6.603520,243.129430,-334.871430,4256030.500000,1.000000,4.041320,-399.494290
2.506000,0.481930,0.571660,7.095700,243.160950,-334.870420,4256055.500000,,3.501710,
2.508000,0.824160,0.575500,5.332030,243.192630,-334.870090,4256080.500000,,3.676030,
2.510000,0.762630,0.489620,3.742680,243.224430,-334.870330,4256106.000000,,3.690120,
2.512000,0.287110,0.457580,5.465330,243.255910,-334.870300,4256131.500000,1.000000,3.699100,-399.493590
2.514000,0.171750,0.828000,7.157230,243.286060,-334.870510,4256157.000000,,3.881100,
2.516000,0.685730,0.931820,7.362300,243.316600,-334.869110,4256182.000000,,3.322270,
2.518000,1.060000,0.979250,5.444820,243.347820,-334.868710,4256207.500000,,3.522220,
2.520000,0.920290,0.625490,4.419430,243.380400,-334.869020,4256232.500000,1.000000,3.485050,-399.494720
2.522000,0.394780,0.475520,6.603520,243.413060,-334.870540,4256258.000000,,3.881100,
2.524000,0.424260,0.734440,7.372560,243.444120,-334.870820,4256283.000000,,3.784970,
2.526000,0.871580,0.934390,6.654790,243.474930,-334.868710,4256308.500000,,3.178710,
2.528000,1.061280,0.954900,4.029790,243.506470,-334.868740,4256334.000000,1.000000,3.541440,-399.494690
2.530000,0.657530,0.529360,4.460450,243.539700,-334.869690,4256359.000000,,3.541440,
2.532000,0.184570,0.451170,6.480470,243.572200,-334.871340,4256384.000000,,4.005430,
2.534000,0.370420,0.566530,7.352050,243.603650,-334.870730,4256409.500000,,3.645260,
2.536000,0.798520,0.551150,6.234380,243.635450,-334.869960,4256435.000000,1.000000,3.564510,-399.493040
2.538000,0.857480,0.498600,4.265630,243.667330,-334.870330,4256460.500000,,3.793950,
2.540000,0.414000,0.356320,4.921880,243.699200,-334.870120,4256485.500000,,3.654240,
2.542000,0.125610,0.685730,6.777830,243.729570,-334.870610,4256511.000000,,3.949040,
2.544000,0.581910,0.854920,7.639160,243.759990,-334.869420,4256536.000000,1.000000,3.469670,-399.493070
2.546000,1.003600,0.924130,6.029300,243.791030,-334.868620,4256561.500000,,3.467100,
2.548000,1.021550,0.683170,4.952640,243.823230,-334.868800,4256586.500000,,3.565800,
2.550000,0.496030,0.460140,6.183110,243.855800,-334.869810,4256612.000000,,3.754210,
2.552000,0.358890,0.701110,7.331540,243.886870,-334.870880,4256637.500000,1.000000,3.966980,-399.494750
2.554000,0.819030,0.952330,6.808590,243.917420,-334.868800,4256662.500000,,3.238950,
2.556000,1.083070,0.995910,4.675780,243.948670,-334.868290,4256687.500000,,3.437620,
2.558000,0.808780,0.634460,3.947750,243.981570,-334.869140,4256713.000000,,3.574770,
2.560000,0.260190,0.399900,6.070310,244.014530,-334.870730,4256738.500000,1.000000,3.890080,-399.494230
2.562000,0.275570,0.562680,7.413570,244.046010,-334.870880,4256764.000000,,3.820860,
2.564000,0.706240,0.540890,6.695800,244.077680,-334.869690,4256789.000000,,3.470950,
2.566000,0.877990,0.558840,4.573240,244.109480,-334.870180,4256814.500000,,3.787540,
2.568000,0.534480,0.328130,4.132320,244.141650,-334.870060,4256839.500000,1.000000,3.659360,-399.493290
2.570000,0.147400,0.571660,6.357420,244.172500,-334.870480,4256865.000000,,3.909300,
2.572000,0.460140,0.772890,7.444340,244.202800,-334.869750,4256890.000000,,3.586300,
2.574000,0.895940,0.935670,6.685550,244.233550,-334.868530,4256915.500000,,3.392760,
2.576000,1.075380,0.815190,4.737300,244.265230,-334.868710,4256941.000000,1.000000,3.563230,-399.493990
2.578000,0.617800,0.549870,5.834470,244.297780,-334.869350,4256966.000000,,3.663210,
2.580000,0.324280,0.702390,7.034180,244.329150,-334.870910,4256991.000000,,4.038760,
2.582000,0.701110,0.999760,7.229000,244.359480,-334.869350,4257016.500000,,3.364560,
2.584000,1.029240,1.133060,5.208980,244.390430,-334.868040,4257042.000000,1.000000,3.336360,-399.494260
2.586000,0.927980,0.822880,3.906740,244.422970,-334.868930,4257067.500000,,3.544010,
2.588000,0.385800,0.438350,5.578130,244.456380,-334.870270,4257093.000000,,3.792660,
2.590000,0.199950,0.553710,7.413570,244.488330,-334.871060,4257118.000000,,3.915710,
2.592000,0.630620,0.513980,7.198240,244.520200,-334.869780,4257143.000000,1.000000,3.428650,-399.493040
2.592000,0.630620,0.513980,7.198240,244.520200,-334.869780,4257143.000000,1.000000,3.428650,-399.493040
2.594000,0.884400,0.522950,4.952640,244.552120,-334.870000,4257168.500000,,3.760620,
2.596000,0.653690,0.292240,3.958010,244.584520,-334.870090,4257194.000000,,3.620910,
2.598000,0.179440,0.402470,6.234380,244.615840,-334.870330,4257219.000000,,3.863160,
2.600000,0.333250,0.695980,7.710940,244.646120,-334.870060,4257244.500000,1.000000,3.699100,-399.493040
2.602000,0.849790,0.881840,7.208500,244.676570,-334.868680,4257270.000000,,3.331240,
2.604000,1.108700,0.858760,5.301270,244.707870,-334.868560,4257295.000000,,3.558110,
2.606000,0.765200,0.553710,5.157710,244.740360,-334.869110,4257320.000000,,3.536320,
2.608000,0.334530,0.604980,7.105960,244.772090,-334.870790,4257345.500000,1.000000,4.055420,-399.494780
2.610000,0.589600,0.925420,6.880370,244.802470,-334.869960,4257371.000000,,3.514530,
2.612000,0.988220,1.115110,6.142090,244.833050,-334.868190,4257396.500000,,3.256900,
2.614000,0.994630,0.958740,4.091310,244.865050,-334.868740,4257421.500000,,3.536320,
2.616000,0.507570,0.501160,5.352540,244.898420,-334.870030,4257446.500000,1.000000,3.646550,-399.494350
2.618000,0.199950,0.548580,6.941890,244.930600,-334.871280,4257472.000000,,4.019530,
2.620000,0.549870,0.551150,7.198240,244.962360,-334.870120,4257497.500000,,3.465820,
2.622000,0.854920,0.537050,5.321780,244.994370,-334.870030,4257522.500000,,3.687560,
2.624000,0.751100,0.325560,3.609380,245.026720,-334.870210,4257548.000000,1.000000,3.674740,-399.493010
2.626000,0.289670,0.328130,5.926760,245.058460,-334.870360,4257573.500000,,3.733700,
2.628000,0.225590,0.661380,7.505860,245.088750,-334.870360,4257598.500000,,3.838810,
2.630000,0.740840,0.824160,7.680180,245.119230,-334.868990,4257623.500000,,3.320980,
2.632000,1.061280,0.888240,5.639650,245.150330,-334.868650,4257649.000000,1.000000,3.533750,-399.493500
2.634000,0.893370,0.561400,4.470700,245.182720,-334.868900,4257674.500000,,3.497860,
2.636000,0.401180,0.508850,6.531740,245.214840,-334.870610,4257700.000000,,3.902890,
2.638000,0.462710,0.801090,7.023930,245.245540,-334.870510,4257725.000000,,3.723450,
2.640000,0.890810,1.012570,6.572750,245.276080,-334.868500,4257750.000000,1.000000,3.176150,-399.494260
2.642000,1.024110,0.971560,4.511720,245.307720,-334.868650,4257775.500000,,3.532470,
2.644000,0.639590,0.498600,4.819340,245.341050,-334.869690,4257801.000000,,3.578610,
2.646000,0.214050,0.451170,6.521480,245.373520,-334.871340,4257826.000000,,3.997740,
2.648000,0.440920,0.529360,7.126460,245.405030,-334.870540,4257851.500000,1.000000,3.601680,-399.493410
2.650000,0.821590,0.561400,6.019040,245.436750,-334.869960,4257877.000000,,3.582460,
2.652000,0.844670,0.437070,4.234860,245.468860,-334.870330,4257902.000000,,3.742680,
2.654000,0.402470,0.288390,5.434570,245.500820,-334.870210,4257927.500000,,3.681150,
2.656000,0.178160,0.581910,7.198240,245.531360,-334.870570,4257952.500000,1.000000,3.906740,-399.493160
2.658000,0.640870,0.760070,7.567380,245.561720,-334.869290,4257978.000000,,3.441470,
2.660000,1.021550,0.902340,6.203610,245.592500,-334.868560,4258003.500000,,3.458130,
2.662000,0.992070,0.658810,4.675780,245.624600,-334.868770,4258028.500000,,3.533750,
2.664000,0.492190,0.489620,6.316410,245.656920,-334.869900,4258053.500000,1.000000,3.781130,-399.494690
2.666000,0.398620,0.725460,7.259770,245.687900,-334.870790,4258079.000000,,3.870850,
2.668000,0.851070,0.958740,7.259770,245.718480,-334.868710,4258104.500000,,3.241520,
2.670000,1.063840,0.984380,4.809080,245.749830,-334.868380,4258129.500000,,3.432500,
2.672000,0.780580,0.566530,4.193850,245.783050,-334.869320,4258155.000000,1.000000,3.563230,-399.494200
2.674000,0.275570,0.375550,6.090820,245.815980,-334.870940,4258180.500000,,3.936220,
2.676000,0.351200,0.525510,7.270020,245.847470,-334.870880,4258205.500000,,3.734990,
2.678000,0.744690,0.544740,6.695800,245.879000,-334.869810,4258230.500000,,3.514530,
2.680000,0.866460,0.539610,4.696290,245.910780,-334.870240,4258256.000000,1.000000,3.784970,-399.492740
2.682000,0.528080,0.312740,4.655270,245.942900,-334.870180,4258281.500000,,3.670900,
2.684000,0.169190,0.592160,6.552250,245.973500,-334.870510,4258307.000000,,3.920840,
2.686000,0.526790,0.801090,7.546880,246.003690,-334.869660,4258332.500000,,3.541440,
2.688000,0.936950,0.979250,6.449710,246.034300,-334.868470,4258357.000000,1.000000,3.437620,-399.493070
2.690000,1.047180,0.763920,4.788570,246.066220,-334.868560,4258382.500000,,3.519650,
2.692000,0.602420,0.481930,5.906250,246.099000,-334.869380,4258408.000000,,3.697810,
2.694000,0.334530,0.579350,7.300780,246.130680,-334.870730,4258433.500000,,3.992610,
2.696000,0.754940,0.826720,7.116210,246.161450,-334.869200,4258458.500000,1.000000,3.322270,-399.494170
2.698000,1.036930,0.902340,5.393550,246.192830,-334.868040,4258484.000000,,3.381230,
2.700000,0.885680,0.548580,3.916990,246.225720,-334.868930,4258509.000000,,3.526060,
2.702000,0.385800,0.258910,5.567870,246.259080,-334.870510,4258534.500000,,3.854190,
2.704000,0.267880,0.399900,7.526370,246.290730,-334.871060,4258559.500000,1.000000,3.890080,-399.493440
2.706000,0.702390,0.434510,7.218750,246.322220,-334.869780,4258585.000000,,3.446590,
2.708000,0.883120,0.474240,5.126950,246.353810,-334.870060,4258610.500000,,3.787540,
2.710000,0.640870,0.240970,4.275880,246.385890,-334.870090,4258636.000000,,3.643980,
2.712000,0.197390,0.458860,6.357420,246.416600,-334.870420,4258661.000000,1.000000,3.896480,-399.493100
2.714000,0.407590,0.763920,7.567380,246.446500,-334.869870,4258686.000000,,3.654240,
2.716000,0.884400,0.977970,7.136720,246.476670,-334.868590,4258711.500000,,3.360720,
2.718000,1.081790,0.888240,5.403810,246.508030,-334.868470,4258737.000000,,3.551700,
2.720000,0.744690,0.521670,5.465330,246.540760,-334.869110,4258762.000000,1.000000,3.560670,-399.494290
2.722000,0.353760,0.534480,6.982910,246.572750,-334.870790,4258787.500000,,4.059270,
2.724000,0.644710,0.765200,7.198240,246.603610,-334.869690,4258812.500000,,3.469670,
2.726000,0.999760,0.949770,5.978030,246.634580,-334.868260,4258838.000000,,3.292790,
2.728000,0.985660,0.711360,4.214360,246.667070,-334.868800,4258863.000000,1.000000,3.546570,-399.493990
2.730000,0.499880,0.307620,5.444820,246.700580,-334.870210,4258888.500000,,3.714480,
2.732000,0.242250,0.414000,7.167480,246.732570,-334.871340,4258914.000000,,4.006710,
2.734000,0.629330,0.462710,7.331540,246.764070,-334.870000,4258939.500000,,3.460690,
2.736000,0.871580,0.521670,5.455080,246.795730,-334.869960,4258964.500000,1.000000,3.705510,-399.492520
2.738000,0.724180,0.294800,3.804200,246.827960,-334.870180,4258989.500000,,3.679870,
2.740000,0.283260,0.365300,6.070310,246.859270,-334.870360,4259015.000000,,3.792660,
2.742000,0.310180,0.693420,7.557130,246.889280,-334.870240,4259040.500000,,3.778560,
2.744000,0.811340,0.910030,7.526370,246.919480,-334.868840,4259065.500000,1.000000,3.350460,-399.492710
2.746000,1.065120,0.934390,5.762700,246.950530,-334.868560,4259091.000000,,3.527340,
2.748000,0.860050,0.569090,4.911620,246.983090,-334.868870,4259116.000000,,3.532470,
2.750000,0.401180,0.510130,6.562500,247.015320,-334.870610,4259141.500000,,3.946470,
2.752000,0.533200,0.767760,7.177730,247.046200,-334.870300,4259166.500000,1.000000,3.669620,-399.494110
2.754000,0.930540,0.948490,6.275390,247.077000,-334.868410,4259192.000000,,3.232540,
2.756000,1.017700,0.833130,4.634770,247.109150,-334.868650,4259217.500000,,3.536320,
2.758000,0.628050,0.287110,5.208980,247.142930,-334.869810,4259243.000000,,3.641420,
2.760000,0.231990,0.301210,6.870120,247.175430,-334.871340,4259268.000000,1.000000,4.038760,-399.493710
2.762000,0.496030,0.397340,7.331540,247.206880,-334.870360,4259293.000000,,3.559390,
2.764000,0.833130,0.496030,5.937010,247.238370,-334.869840,4259318.500000,,3.628600,
2.766000,0.829280,0.356320,4.204100,247.270370,-334.870180,4259344.000000,,3.710630,
2.768000,0.396060,0.273010,5.414060,247.302090,-334.870240,4259369.500000,1.000000,3.726010,-399.493070
2.770000,0.230710,0.607540,7.362300,247.332320,-334.870480,4259394.500000,,3.881100,
2.772000,0.701110,0.803650,7.967290,247.362460,-334.869140,4259420.000000,,3.405580,
2.774000,1.031800,0.945920,6.306150,247.393170,-334.868560,4259445.000000,,3.487610,
2.776000,0.965150,0.621640,4.737300,247.425510,-334.868770,4259470.500000,1.000000,3.495300,-399.493930
2.778000,0.475520,0.498600,6.367680,247.457870,-334.870090,4259495.500000,,3.833680,
2.780000,0.435790,0.701110,7.116210,247.488970,-334.870670,4259521.000000,,3.799070,
2.782000,0.863890,0.925420,6.962400,247.519650,-334.868740,4259546.500000,,3.262020,
2.784000,1.053590,0.912600,5.291020,247.551190,-334.868560,4259571.500000,1.000000,3.468380,-399.493840
2.784000,1.053590,0.912600,5.291020,247.551190,-334.868560,4259571.500000,1.000000,3.468380,-399.493840
2.786000,0.760070,0.435790,4.542480,247.584750,-334.869510,4259596.500000,,3.572200,
2.788000,0.287110,0.269170,6.572750,247.617630,-334.871190,4259622.000000,,3.988770,
2.790000,0.401180,0.414000,7.095700,247.649120,-334.870790,4259647.500000,,3.681150,
2.792000,0.778020,0.467830,6.675290,247.680570,-334.869750,4259673.000000,1.000000,3.549130,-399.492550
2.794000,0.862610,0.417850,4.665530,247.712480,-334.870150,4259698.000000,,3.783690,
2.796000,0.511410,0.182010,4.952640,247.744640,-334.870180,4259723.500000,,3.700380,
2.798000,0.212770,0.494750,7.044430,247.775210,-334.870510,4259748.500000,,3.936220,
2.800000,0.597290,0.694700,7.710940,247.805420,-334.869450,4259774.000000,1.000000,3.522220,-399.492710
2.802000,0.975400,0.908750,6.480470,247.835920,-334.868440,4259799.000000,,3.479920,
2.804000,1.026670,0.675480,4.562990,247.867920,-334.868440,4259824.500000,,3.517090,
2.806000,0.587040,0.426820,6.183110,247.900540,-334.869480,4259850.000000,,3.746520,
2.808000,0.371700,0.561400,7.167480,247.932020,-334.870640,4259875.000000,1.000000,3.981080,-399.494290
2.810000,0.798520,0.824160,7.382810,247.962680,-334.868990,4259900.000000,,3.329960,
2.812000,1.048460,0.922850,5.455080,247.993820,-334.868100,4259925.500000,,3.429930,
2.814000,0.870300,0.565250,4.040040,248.026670,-334.868900,4259951.000000,,3.558110,
2.816000,0.380680,0.307620,5.803710,248.059830,-334.870540,4259976.500000,1.000000,3.911870,-399.493840
2.818000,0.343510,0.462710,7.177730,248.091200,-334.870790,4260001.500000,,3.847780,
2.820000,0.716490,0.522950,7.044430,248.122540,-334.869540,4260027.000000,,3.472230,
2.822000,0.872860,0.525510,5.547360,248.154220,-334.869840,4260052.000000,,3.779850,
2.824000,0.624210,0.196110,4.450200,248.186750,-334.869960,4260077.500000,1.000000,3.676030,-399.492890
2.826000,0.216610,0.392210,6.613770,248.217740,-334.870360,4260103.000000,,3.924680,
2.828000,0.466550,0.653690,7.362300,248.247890,-334.869660,4260128.000000,,3.618350,
2.830000,0.898500,0.922850,6.962400,248.278150,-334.868440,4260153.500000,,3.414550,
2.832000,1.057430,0.811340,5.024410,248.309680,-334.868410,4260178.500000,1.000000,3.551700,-399.493560
2.834000,0.706240,0.493470,5.690920,248.342420,-334.869110,4260204.000000,,3.624760,
2.836000,0.360170,0.544740,7.495610,248.374300,-334.870730,4260229.000000,,4.061830,
2.838000,0.683170,0.792110,7.249510,248.405030,-334.869480,4260254.500000,,3.449160,
2.840000,1.004880,0.976680,6.090820,248.436020,-334.868160,4260280.000000,1.000000,3.347900,-399.493840
2.842000,0.965150,0.702390,3.988770,248.468600,-334.868740,4260305.500000,,3.550420,
2.844000,0.481930,0.311460,5.424320,248.502030,-334.870210,4260330.500000,,3.784970,
2.846000,0.288390,0.458860,7.321290,248.533830,-334.871120,4260355.500000,,3.960570,
2.848000,0.669070,0.507570,7.577640,248.565160,-334.869750,4260381.000000,1.000000,3.444030,-399.492800
2.850000,0.884400,0.566530,5.608890,248.596730,-334.869810,4260406.500000,,3.717040,
2.852000,0.712650,0.266600,4.204100,248.629150,-334.870030,4260431.500000,,3.658080,
2.854000,0.273010,0.331970,6.121580,248.660600,-334.870330,4260457.000000,,3.850340,
2.856000,0.383240,0.587040,7.516110,248.690870,-334.870060,4260482.500000,1.000000,3.727290,-399.492740
2.858000,0.854920,0.816470,7.146970,248.721180,-334.868710,4260507.500000,,3.369690,
2.860000,1.079220,0.815190,5.762700,248.752400,-334.868500,4260532.500000,,3.532470,
2.862000,0.821590,0.456300,5.229490,248.785080,-334.868900,4260558.000000,,3.546570,
2.864000,0.387080,0.439640,6.890630,248.817230,-334.870640,4260583.500000,1.000000,4.006710,-399.494260
2.866000,0.579350,0.676760,7.054690,248.848100,-334.870090,4260609.000000,,3.613220,
2.868000,0.962590,0.902340,6.203610,248.878770,-334.868350,4260634.000000,,3.294070,
2.870000,1.012570,0.792110,4.460450,248.910830,-334.868620,4260659.000000,,3.529910,
2.872000,0.610110,0.278140,5.239750,248.944350,-334.869840,4260684.500000,1.000000,3.674740,-399.493900
2.874000,0.279420,0.351200,7.064940,248.976460,-334.871280,4260710.000000,,4.051570,
2.876000,0.576780,0.448610,7.567380,249.007750,-334.870120,4260735.000000,,3.514530,
2.878000,0.856200,0.552430,5.957520,249.039080,-334.869720,4260760.500000,,3.655520,
2.880000,0.801090,0.353760,4.337400,249.071180,-334.870000,4260786.000000,1.000000,3.685000,-399.492710
2.882000,0.389650,0.283260,5.537110,249.102910,-334.870270,4260811.000000,,3.749080,
2.884000,0.287110,0.607540,7.393070,249.133150,-334.870330,4260836.000000,,3.856750,
2.886000,0.765200,0.792110,7.905760,249.163380,-334.869020,4260861.500000,,3.378660,
2.888000,1.061280,0.929260,6.357420,249.194170,-334.868560,4260887.000000,1.000000,3.532470,-399.493040
2.890000,0.935670,0.548580,4.993650,249.226700,-334.868840,4260912.500000,,3.491460,
2.892000,0.465270,0.440920,6.388180,249.259160,-334.870360,4260937.500000,,3.893920,
2.894000,0.475520,0.647280,7.198240,249.290270,-334.870610,4260962.500000,,3.754210,
2.896000,0.881840,0.899780,6.726560,249.320880,-334.868710,4260988.000000,1.000000,3.263310,-399.493620
2.898000,1.036930,0.913880,5.147460,249.352430,-334.868530,4261013.500000,,3.492740,
2.900000,0.720340,0.426820,4.962890,249.385960,-334.869510,4261039.000000,,3.577330,
2.902000,0.301210,0.321720,6.859860,249.418590,-334.871280,4261064.000000,,4.025940,
2.904000,0.463990,0.460140,7.167480,249.450030,-334.870570,4261089.500000,1.000000,3.629880,-399.492890
2.906000,0.831850,0.524230,6.634280,249.481520,-334.869720,4261114.500000,,3.582460,
2.908000,0.856200,0.424260,4.645020,249.513580,-334.870090,4261140.000000,,3.764470,
2.910000,0.492190,0.167910,4.952640,249.545940,-334.870150,4261165.000000,,3.719600,
2.912000,0.244810,0.493470,7.280270,249.576450,-334.870510,4261190.500000,1.000000,3.941350,-399.492740
2.914000,0.663940,0.707520,7.803220,249.606720,-334.869290,4261216.000000,,3.495300,
2.916000,1.018980,0.922850,6.521480,249.637180,-334.868440,4261241.000000,,3.514530,
2.918000,0.997190,0.646000,4.665530,249.669330,-334.868470,4261266.000000,,3.524780,
2.920000,0.548580,0.425540,6.029300,249.701900,-334.869600,4261291.500000,1.000000,3.792660,-399.494140
2.922000,0.402470,0.584470,7.208500,249.733280,-334.870540,4261317.000000,,3.929810,
2.924000,0.830570,0.831850,6.839360,249.763980,-334.868800,4261342.500000,,3.320980,
2.926000,1.053590,0.897220,5.629390,249.795230,-334.868190,4261367.500000,,3.456850,
2.928000,0.835690,0.502440,4.378420,249.828350,-334.868960,4261393.000000,1.000000,3.565800,-399.493620
2.930000,0.369140,0.280700,6.049800,249.861420,-334.870670,4261418.000000,,3.961850,
2.932000,0.393490,0.446040,7.116210,249.892810,-334.870700,4261443.500000,,3.797790,
2.934000,0.757510,0.515260,6.726560,249.924190,-334.869480,4261468.500000,,3.502990,
2.936000,0.876710,0.511410,5.229490,249.955980,-334.869840,4261494.000000,1.000000,3.783690,-399.492430
2.938000,0.588320,0.183290,4.860350,249.988570,-334.869960,4261519.500000,,3.700380,
2.940000,0.233280,0.411440,6.870120,250.019550,-334.870390,4261545.000000,,3.950320,
2.942000,0.531920,0.638310,7.772460,250.049770,-334.869540,4261569.500000,,3.586300,
2.944000,0.930540,0.907470,6.911130,250.080120,-334.868440,4261595.000000,1.000000,3.464540,-399.492800
2.946000,1.043330,0.757510,4.788570,250.111760,-334.868410,4261620.500000,,3.551700,
2.948000,0.653690,0.466550,5.762700,250.144450,-334.869170,4261646.000000,,3.676030,
2.950000,0.362730,0.557560,7.270020,250.176070,-334.870640,4261671.000000,,4.038760,
2.952000,0.717770,0.816470,7.567380,250.206730,-334.869230,4261696.500000,1.000000,3.409420,-399.493800
2.952000,0.717770,0.816470,7.567380,250.206730,-334.869230,4261696.500000,1.000000,3.409420,-399.493800
2.954000,1.021550,0.972840,6.131840,250.237730,-334.868100,4261721.500000,,3.399170,
2.956000,0.938230,0.617800,4.286130,250.270480,-334.868710,4261747.000000,,3.546570,
2.958000,0.461430,0.235840,5.793460,250.304080,-334.870240,4261772.500000,,3.842650,
2.960000,0.305050,0.376830,7.085450,250.335920,-334.870940,4261797.500000,1.000000,3.918270,-399.493290
2.962000,0.694700,0.438350,7.146970,250.367360,-334.869600,4261823.000000,,3.442750,
2.964000,0.889530,0.515260,5.793460,250.398960,-334.869750,4261848.500000,,3.745240,
2.966000,0.681880,0.202510,4.614260,250.431500,-334.869960,4261873.500000,,3.654240,
2.968000,0.261470,0.307620,6.449710,250.462910,-334.870330,4261898.500000,1.000000,3.895200,-399.492890
2.970000,0.429380,0.579350,7.587890,250.493120,-334.869870,4261924.000000,,3.690120,
2.972000,0.892090,0.852360,7.177730,250.523330,-334.868620,4261949.500000,,3.387630,
2.974000,1.085630,0.854920,5.250000,250.554440,-334.868440,4261975.000000,,3.559390,
2.976000,0.776730,0.524230,5.342290,250.587020,-334.868930,4262000.000000,1.000000,3.570920,-399.494080
2.978000,0.372990,0.570370,7.064940,250.618850,-334.870610,4262025.000000,,4.036190,
2.980000,0.602420,0.834410,7.382810,250.649430,-334.869810,4262050.500000,,3.549130,
2.982000,0.990780,1.061280,6.377930,250.680100,-334.868290,4262075.500000,,3.331240,
2.984000,0.999760,0.849790,4.091310,250.712400,-334.868620,4262101.000000,1.000000,3.540160,-399.493650
2.986000,0.570370,0.340940,5.342290,250.746080,-334.869900,4262126.500000,,3.706790,
2.988000,0.288390,0.430660,6.982910,250.778310,-334.871190,4262152.000000,,4.027220,
2.990000,0.611390,0.492190,7.362300,250.809830,-334.869900,4262177.000000,,3.473510,
2.992000,0.866460,0.566530,6.121580,250.841510,-334.869720,4262202.000000,1.000000,3.690120,-399.492460
2.994000,0.760070,0.306340,4.152830,250.874020,-334.869960,4262227.500000,,3.668330,
2.996000,0.357600,0.229430,5.639650,250.906100,-334.870330,4262253.000000,,3.783690,
2.998000,0.317870,0.535770,7.362300,250.936570,-334.870240,4262278.500000,,3.824710,
3.000000,0.795960,0.742130,7.536620,250.966900,-334.868870,4262303.500000,1.000000,3.370970,-399.492610
3.002000,1.070250,0.892090,6.244630,250.997730,-334.868560,4262328.500000,,3.547850,
3.004000,0.889530,0.549870,5.075680,251.030110,-334.868770,4262354.000000,,3.508120,
3.006000,0.437070,0.531920,6.675290,251.062180,-334.870390,4262379.500000,,3.920840,
3.008000,0.492190,0.756230,7.259770,251.093020,-334.870360,4262404.500000,1.000000,3.700380,-399.493990
3.010000,0.893370,0.970280,6.552250,251.123660,-334.868560,4262430.000000,,3.273560,
3.012000,1.018980,0.925420,4.686040,251.155400,-334.868560,4262455.500000,,3.515810,
3.014000,0.676760,0.422970,4.962890,251.189000,-334.869540,4262480.500000,,3.601680,
3.016000,0.285830,0.370420,7.167480,251.221560,-334.871220,4262505.500000,1.000000,4.031070,-399.493620
3.018000,0.496030,0.479370,7.526370,251.253080,-334.870360,4262531.000000,,3.588870,
3.020000,0.843380,0.526790,6.429200,251.284730,-334.869720,4262556.500000,,3.605530,
3.022000,0.836980,0.361450,4.388670,251.317050,-334.870060,4262582.000000,,3.742680,
3.024000,0.452450,0.121770,5.055180,251.349500,-334.870150,4262607.500000,1.000000,3.718320,-399.492950
3.026000,0.244810,0.437070,7.198240,251.380100,-334.870450,4262632.000000,,3.919560,
3.028000,0.692140,0.648560,7.792970,251.410400,-334.869140,4262657.500000,,3.461980,
3.030000,1.038210,0.910030,6.634280,251.440720,-334.868470,4262683.000000,,3.519650,
3.032000,0.972840,0.654970,4.850100,251.472750,-334.868560,4262708.500000,1.000000,3.514530,-399.493770
3.034000,0.513980,0.499880,6.090820,251.505000,-334.869810,4262733.500000,,3.817020,
3.036000,0.415280,0.679320,7.023930,251.536180,-334.870540,4262759.000000,,3.863160,
3.038000,0.851070,0.901060,6.665040,251.566850,-334.868740,4262784.000000,,3.288940,
3.040000,1.052310,0.948490,5.270510,251.598210,-334.868320,4262809.500000,1.000000,3.470950,-399.493530
3.042000,0.795960,0.526790,4.593750,251.631470,-334.869110,4262834.500000,,3.556820,
3.044000,0.346070,0.329410,6.398440,251.664510,-334.870910,4262860.000000,,3.982360,
3.046000,0.420410,0.480650,7.259770,251.696000,-334.870700,4262885.500000,,3.741390,
3.048000,0.781860,0.548580,6.624020,251.727430,-334.869630,4262911.000000,1.000000,3.524780,-399.492400
3.050000,0.862610,0.513980,4.819340,251.759320,-334.870000,4262936.000000,,3.790100,
3.052000,0.556270,0.199950,4.634770,251.791870,-334.870060,4262961.000000,,3.705510,
3.054000,0.238400,0.471680,6.757320,251.822680,-334.870450,4262986.500000,,3.941350,
3.056000,0.574220,0.698550,8.059570,251.852870,-334.869450,4263012.000000,1.000000,3.556820,-399.492580
3.058000,0.954900,0.962590,6.941890,251.883180,-334.868440,4263037.000000,,3.485050,
3.060000,1.018980,0.794680,4.737300,251.914870,-334.868410,4263062.500000,,3.549130,
3.062000,0.613950,0.507570,5.742190,251.947570,-334.869260,4263087.500000,,3.708070,
3.064000,0.362730,0.615230,7.064940,251.979200,-334.870570,4263113.000000,1.000000,4.005430,-399.494110
3.066000,0.756230,0.871580,7.249510,252.009980,-334.869050,4263138.000000,,3.372250,
3.068000,1.024110,0.984380,5.854980,252.041170,-334.868070,4263163.500000,,3.415830,
3.070000,0.885680,0.613950,4.439940,252.074170,-334.868740,4263189.000000,,3.551700,
3.072000,0.425540,0.274290,5.947270,252.107770,-334.870390,4263214.500000,1.000000,3.884950,-399.493710
3.074000,0.344790,0.401180,7.280270,252.139600,-334.870910,4263239.500000,,3.887510,
3.076000,0.735720,0.453740,6.941890,252.171140,-334.869570,4263264.500000,,3.461980,
3.078000,0.889530,0.521670,5.547360,252.202770,-334.869810,4263290.000000,,3.768310,
3.080000,0.656250,0.235840,4.634770,252.235170,-334.869960,4263315.500000,1.000000,3.669620,-399.492800
3.082000,0.243530,0.431950,6.736820,252.266130,-334.870360,4263341.000000,,3.915710,
3.084000,0.462710,0.695980,7.782710,252.296140,-334.869780,4263366.000000,,3.654240,
3.086000,0.917720,0.967710,7.218750,252.326280,-334.868560,4263391.000000,,3.418400,
3.088000,1.076660,0.877990,5.126950,252.357570,-334.868440,4263416.500000,1.000000,3.560670,-399.493290
3.090000,0.745970,0.529360,5.188480,252.390300,-334.868990,4263441.500000,,3.597840,
3.092000,0.367860,0.576780,7.023930,252.422230,-334.870610,4263467.000000,,4.034910,
3.094000,0.649840,0.812620,7.321290,252.453050,-334.869570,4263492.500000,,3.477360,
3.096000,0.993350,1.011290,6.388180,252.484020,-334.868260,4263518.000000,1.000000,3.345340,-399.493380
3.098000,0.971560,0.762630,4.081050,252.516600,-334.868740,4263543.000000,,3.540160,
3.100000,0.522950,0.301210,5.516600,252.550350,-334.870120,4263568.000000,,3.738830,
3.102000,0.297360,0.367860,6.900880,252.582670,-334.871280,4263593.500000,,4.005430,
3.104000,0.663940,0.406310,7.157230,252.614300,-334.869960,4263619.000000,1.000000,3.469670,-399.492550
3.106000,0.885680,0.512700,5.988280,252.645840,-334.869870,4263644.500000,,3.715760,
3.108000,0.731870,0.280700,4.214360,252.678100,-334.870060,4263669.500000,,3.665770,
3.110000,0.324280,0.334530,6.244630,252.709520,-334.870360,4263694.500000,,3.814450,
3.112000,0.362730,0.654970,7.444340,252.739590,-334.870180,4263720.000000,1.000000,3.770870,-399.492550
3.112000,0.362730,0.654970,7.444340,252.739590,-334.870180,4263720.000000,1.000000,3.770870,-399.492550
3.114000,0.831850,0.879270,7.362300,252.769650,-334.868840,4263745.500000,,3.370970,
3.116000,1.063840,0.954900,5.824220,252.800520,-334.868560,4263770.500000,,3.550420,
3.118000,0.844670,0.572940,4.993650,252.832990,-334.868840,4263796.000000,,3.522220,
3.120000,0.411440,0.551150,7.064940,252.865170,-334.870480,4263821.500000,1.000000,3.949040,-399.494050
3.122000,0.530640,0.729310,7.280270,252.896260,-334.870210,4263846.500000,,3.643980,
3.124000,0.910030,0.916440,6.562500,252.927150,-334.868530,4263871.500000,,3.297910,
3.126000,0.990780,0.816470,4.501460,252.959300,-334.868680,4263897.000000,,3.546570,
3.128000,0.629330,0.280700,5.055180,252.993120,-334.869750,4263922.500000,1.000000,3.641420,-399.493740
3.130000,0.276860,0.293520,6.911130,253.025620,-334.871310,4263948.000000,,4.051570,
3.132000,0.540890,0.433230,7.505860,253.057010,-334.870270,4263973.000000,,3.560670,
3.134000,0.843380,0.563960,6.500980,253.088270,-334.869720,4263998.500000,,3.638850,
3.136000,0.816470,0.424260,4.450200,253.120190,-334.870030,4264023.500000,1.000000,3.727290,-399.492710
3.138000,0.414000,0.292240,5.403810,253.152070,-334.870210,4264049.000000,,3.734990,
3.140000,0.258910,0.644710,7.013670,253.182250,-334.870360,4264074.000000,,3.890080,
3.142000,0.720340,0.860050,7.854490,253.212330,-334.869050,4264099.500000,,3.433780,
3.144000,1.038210,1.061280,6.306150,253.242780,-334.868530,4264125.000000,1.000000,3.526060,-399.493010
3.146000,0.940800,0.726750,5.229490,253.275070,-334.868620,4264150.000000,,3.510680,
3.148000,0.479370,0.599850,6.326660,253.307480,-334.870000,4264175.000000,,3.849060,
3.150000,0.440920,0.760070,7.054690,253.338810,-334.870510,4264200.500000,,3.811890,
3.152000,0.866460,0.952330,6.634280,253.369710,-334.868740,4264226.000000,1.000000,3.292790,-399.493620
3.154000,1.036930,0.933110,4.911620,253.401440,-334.868500,4264251.500000,,3.504270,
3.156000,0.749820,0.444760,4.552730,253.435150,-334.869320,4264277.000000,,3.578610,
3.158000,0.303770,0.296080,6.736820,253.468120,-334.871060,4264302.000000,,4.005430,
3.160000,0.433230,0.463990,7.464840,253.499560,-334.870640,4264327.000000,1.000000,3.696530,-399.492890
3.162000,0.792110,0.560120,6.777830,253.530900,-334.869630,4264352.500000,,3.559390,
3.164000,0.856200,0.520390,4.460450,253.562670,-334.870000,4264378.000000,,3.787540,
3.166000,0.522950,0.264040,4.901370,253.594920,-334.870030,4264403.000000,,3.723450,
3.168000,0.238400,0.567810,6.541990,253.625500,-334.870390,4264428.500000,1.000000,3.937500,-399.492890
3.170000,0.607540,0.769040,8.141600,253.655780,-334.869320,4264453.500000,,3.532470,
3.172000,0.963870,0.993350,6.777830,253.686200,-334.868410,4264479.000000,,3.514530,
3.174000,0.990780,0.757510,4.911620,253.718230,-334.868410,4264504.000000,,3.542720,
3.176000,0.569090,0.503720,5.957520,253.750930,-334.869380,4264529.500000,1.000000,3.764470,-399.494260
3.178000,0.371700,0.634460,7.054690,253.782460,-334.870570,4264555.000000,,3.991330,
3.180000,0.798520,0.885680,7.013670,253.813200,-334.868930,4264580.500000,,3.365840,
3.182000,1.034360,0.984380,5.547360,253.844410,-334.868070,4264605.500000,,3.449160,
3.184000,0.845950,0.621640,4.727050,253.877320,-334.868800,4264630.500000,1.000000,3.577330,-399.493800
3.186000,0.378110,0.337100,6.162600,253.910600,-334.870420,4264656.000000,,3.928530,
3.188000,0.351200,0.471680,7.331540,253.942200,-334.870700,4264681.500000,,3.850340,
3.190000,0.726750,0.530640,7.064940,253.973620,-334.869420,4264706.500000,,3.495300,
3.192000,0.871580,0.566530,4.952640,254.005250,-334.869690,4264732.000000,1.000000,3.782410,-399.492550
3.194000,0.624210,0.258910,4.798830,254.037670,-334.869840,4264757.000000,,3.686280,
3.196000,0.237120,0.472960,6.439450,254.068680,-334.870210,4264782.500000,,3.929810,
3.198000,0.483220,0.698550,8.039060,254.098850,-334.869540,4264807.500000,,3.617070,
3.200000,0.901060,0.980530,7.198240,254.129120,-334.868440,4264833.000000,1.000000,3.453000,-399.492890
3.202000,1.035640,0.870300,5.044920,254.160570,-334.868440,4264858.500000,,3.560670,
3.204000,0.684450,0.547300,5.239750,254.193370,-334.869110,4264884.000000,,3.646550,
3.206000,0.352480,0.602420,6.931640,254.225220,-334.870700,4264909.000000,,4.072080,
3.208000,0.683170,0.857480,7.495610,254.255920,-334.869480,4264934.000000,1.000000,3.458130,-399.493840
3.210000,0.998470,1.071530,6.101070,254.286770,-334.868160,4264959.500000,,3.377380,
3.212000,0.948490,0.804930,4.491210,254.319230,-334.868710,4264985.000000,,3.554260,
3.214000,0.475520,0.422970,5.537110,254.352600,-334.870150,4265010.500000,,3.788820,
3.216000,0.285830,0.548580,7.085450,254.384430,-334.871030,4265035.500000,1.000000,3.956730,-399.493320
3.218000,0.670350,0.589600,6.911130,254.415850,-334.869690,4265061.000000,,3.447880,
3.220000,0.881840,0.652400,5.455080,254.447400,-334.869720,4265086.000000,,3.727290,
3.222000,0.701110,0.331970,4.378420,254.479950,-334.869900,4265111.500000,,3.650390,
3.224000,0.285830,0.374270,6.295900,254.511580,-334.870270,4265136.500000,1.000000,3.850340,-399.492950
3.226000,0.394780,0.638310,7.731450,254.542020,-334.869960,4265162.000000,,3.729860,
3.228000,0.854920,0.876710,7.352050,254.572370,-334.868710,4265187.500000,,3.374820,
3.230000,1.065120,0.893370,5.403810,254.603610,-334.868530,4265212.500000,,3.558110,
3.232000,0.804930,0.528080,5.014160,254.636320,-334.868930,4265237.500000,1.000000,3.554260,-399.494020
3.234000,0.385800,0.537050,6.634280,254.668430,-334.870640,4265263.000000,,4.013120,
3.236000,0.578060,0.766480,7.649410,254.699280,-334.870090,4265288.500000,,3.617070,
3.238000,0.952330,1.008730,6.644530,254.729920,-334.868410,4265313.500000,,3.320980,
3.240000,0.990780,0.908750,4.593750,254.761860,-334.868620,4265339.000000,1.000000,3.547850,-399.493710
3.242000,0.596010,0.430660,5.270510,254.795230,-334.869750,4265364.500000,,3.672180,
3.244000,0.276860,0.524230,6.870120,254.827190,-334.871120,4265389.500000,,4.041320,
3.246000,0.570370,0.620360,7.229000,254.858430,-334.870000,4265415.000000,,3.511960,
3.248000,0.852360,0.711360,6.049800,254.889800,-334.869660,4265440.000000,1.000000,3.656800,-399.492460
3.250000,0.798520,0.475520,4.768070,254.922070,-334.869900,4265465.500000,,3.686280,
3.252000,0.392210,0.343510,5.598630,254.954150,-334.870180,4265491.000000,,3.746520,
3.254000,0.297360,0.615230,7.557130,254.984800,-334.870270,4265516.000000,,3.856750,
3.256000,0.762630,0.783140,7.598140,255.015270,-334.868990,4265541.000000,1.000000,3.392760,-399.492610
3.258000,1.052310,0.936950,6.193360,255.046140,-334.868590,4265566.500000,,3.547850,
3.260000,0.915160,0.580630,4.901370,255.078700,-334.868840,4265592.000000,,3.517090,
3.262000,0.451170,0.496030,6.583010,255.111050,-334.870330,4265617.500000,,3.896480,
3.264000,0.470400,0.707520,7.444340,255.142120,-334.870570,4265642.500000,1.000000,3.769590,-399.493900
3.266000,0.879270,0.957460,6.839360,255.172700,-334.868680,4265668.000000,,3.277400,
3.268000,1.025390,0.981810,4.768070,255.204130,-334.868500,4265693.000000,,3.506840,
3.270000,0.708800,0.515260,4.696290,255.237470,-334.869380,4265718.500000,,3.582460,
3.272000,0.288390,0.429380,6.603520,255.270000,-334.871090,4265743.500000,1.000000,4.011840,-399.493530
3.274000,0.457580,0.552430,7.321290,255.301380,-334.870480,4265769.000000,,3.632450,
3.276000,0.829280,0.616520,6.788090,255.332860,-334.869630,4265794.500000,,3.573490,
3.278000,0.852360,0.513980,4.593750,255.364870,-334.869960,4265820.000000,,3.756770,
3.280000,0.488340,0.266600,5.003910,255.397160,-334.870030,4265845.000000,1.000000,3.715760,-399.492890
3.282000,0.244810,0.579350,6.931640,255.427700,-334.870420,4265870.000000,,3.932370,
3.284000,0.658810,0.786990,7.659670,255.457950,-334.869260,4265895.500000,,3.500430,
3.286000,1.010010,0.990780,6.695800,255.488420,-334.868440,4265921.000000,,3.523500,
3.288000,0.983090,0.707520,4.932130,255.520630,-334.868530,4265946.500000,1.000000,3.544010,-399.493680
3.290000,0.535770,0.480650,6.203610,255.553220,-334.869630,4265971.500000,,3.801640,
3.292000,0.390930,0.660100,7.136720,255.584500,-334.870610,4265996.500000,,3.945190,
3.294000,0.821590,0.942080,6.818850,255.615050,-334.868800,4266022.000000,,3.327390,
3.296000,1.045900,1.025390,5.239750,255.646190,-334.868160,4266047.500000,1.000000,3.460690,-399.493470
3.296000,1.045900,1.025390,5.239750,255.646190,-334.868160,4266047.500000,1.000000,3.460690,-399.493470
3.298000,0.824160,0.619080,4.655270,255.679280,-334.868900,4266072.500000,,3.574770,
3.300000,0.362730,0.376830,6.121580,255.712370,-334.870610,4266098.000000,,3.955440,
3.302000,0.390930,0.519100,7.680180,255.743880,-334.870640,4266123.500000,,3.801640,
3.304000,0.753660,0.578060,7.044430,255.775340,-334.869420,4266148.500000,1.000000,3.502990,-399.492460
3.306000,0.871580,0.584470,4.983400,255.807100,-334.869780,4266173.500000,,3.783690,
3.308000,0.585750,0.275570,4.727050,255.839600,-334.869870,4266199.000000,,3.692690,
3.310000,0.234560,0.537050,6.418950,255.870420,-334.870330,4266224.500000,,3.950320,
3.312000,0.526790,0.754940,7.957030,255.900600,-334.869540,4266250.000000,1.000000,3.588870,-399.492680
3.314000,0.929260,1.026670,7.382810,255.930880,-334.868470,4266275.000000,,3.473510,
3.316000,1.031800,0.856200,5.096190,255.962490,-334.868440,4266300.000000,,3.565800,
3.318000,0.643430,0.560120,5.619140,255.995250,-334.869230,4266325.500000,,3.682430,
3.320000,0.353760,0.639590,7.034180,256.026890,-334.870670,4266351.000000,1.000000,4.052860,-399.494200
3.322000,0.710080,0.890810,7.198240,256.057590,-334.869260,4266376.000000,,3.410710,
3.324000,1.007450,1.030520,5.947270,256.088650,-334.868100,4266401.500000,,3.404300,
3.326000,0.920290,0.674190,4.552730,256.121460,-334.868710,4266427.000000,,3.558110,
3.328000,0.446040,0.297360,5.916500,256.155060,-334.870210,4266452.000000,1.000000,3.827270,-399.493840
3.330000,0.298650,0.419130,7.372560,256.187010,-334.870910,4266477.000000,,3.923400,
3.332000,0.692140,0.453740,6.859860,256.218540,-334.869570,4266502.500000,,3.441470,
3.334000,0.892090,0.544740,5.352540,256.250090,-334.869720,4266528.000000,,3.751650,
3.336000,0.683170,0.235840,4.327150,256.282590,-334.869900,4266553.500000,1.000000,3.654240,-399.492890
3.338000,0.258910,0.347350,6.336910,256.313930,-334.870270,4266578.500000,,3.893920,
3.340000,0.416560,0.610110,7.926270,256.344090,-334.869840,4266603.500000,,3.699100,
3.342000,0.872860,0.893370,7.444340,256.374180,-334.868620,4266629.000000,,3.390200,
3.344000,1.065120,0.912600,5.393550,256.405150,-334.868500,4266654.500000,1.000000,3.579900,-399.493350
3.346000,0.765200,0.593440,4.901370,256.437500,-334.868960,4266680.000000,,3.573490,
3.348000,0.369140,0.643430,6.613770,256.469210,-334.870610,4266705.000000,,4.038760,
3.350000,0.601140,0.879270,7.352050,256.499790,-334.869810,4266730.500000,,3.559390,
3.352000,0.977970,1.085630,6.541990,256.530490,-334.868290,4266755.500000,1.000000,3.336360,-399.493560
3.354000,0.975400,0.856200,4.624510,256.562870,-334.868650,4266781.000000,,3.550420,
3.356000,0.553710,0.331970,5.496090,256.596650,-334.869840,4266806.000000,,3.696530,
3.358000,0.279420,0.398620,6.870120,256.629030,-334.871150,4266831.500000,,4.025940,
3.360000,0.606260,0.458860,7.064940,256.660610,-334.869930,4266857.000000,1.000000,3.481200,-399.492740
3.362000,0.860050,0.552430,5.721680,256.692200,-334.869720,4266882.500000,,3.686280,
3.364000,0.760070,0.306340,4.665530,256.724640,-334.869930,4266907.000000,,3.673460,
3.366000,0.358890,0.261470,5.978030,256.756470,-334.870240,4266932.500000,,3.774720,
3.368000,0.321720,0.589600,7.669920,256.786740,-334.870240,4266958.000000,1.000000,3.831120,-399.492740
3.370000,0.789550,0.836980,7.639160,256.816740,-334.868870,4266983.500000,,3.368410,
3.372000,1.052310,1.010010,5.865230,256.847320,-334.868560,4267008.500000,,3.556820,
3.374000,0.870300,0.662660,4.973140,256.879550,-334.868770,4267034.000000,,3.510680,
3.376000,0.421690,0.635740,6.470210,256.911560,-334.870360,4267059.000000,1.000000,3.915710,-399.494290
3.378000,0.480650,0.834410,7.536620,256.942540,-334.870390,4267084.500000,,3.710630,
3.380000,0.883120,1.029240,6.788090,256.973240,-334.868590,4267109.500000,,3.271000,
3.382000,1.008730,0.965150,4.850100,257.005160,-334.868590,4267135.000000,,3.531190,
3.384000,0.671630,0.442200,4.942380,257.038880,-334.869540,4267160.500000,1.000000,3.587590,-399.493930
3.386000,0.281980,0.371700,6.685550,257.071560,-334.871190,4267186.000000,,4.033630,
3.388000,0.496030,0.457580,7.352050,257.103210,-334.870420,4267211.000000,,3.597840,
3.390000,0.836980,0.520390,6.377930,257.134830,-334.869720,4267236.000000,,3.604250,
3.392000,0.830570,0.380680,4.778320,257.167050,-334.870030,4267261.500000,1.000000,3.746520,-399.492770
3.394000,0.452450,0.188420,5.311520,257.199280,-334.870120,4267287.000000,,3.718320,
3.396000,0.244810,0.540890,7.085450,257.229680,-334.870390,4267312.000000,,3.916990,
3.398000,0.693420,0.765200,7.475100,257.259800,-334.869110,4267337.500000,,3.454280,
3.400000,1.031800,1.010010,6.336910,257.290100,-334.868470,4267362.500000,1.000000,3.526060,-399.493040
3.402000,0.967710,0.713930,4.850100,257.322200,-334.868620,4267388.000000,,3.528630,
3.404000,0.511410,0.529360,6.213870,257.354580,-334.869840,4267413.000000,,3.818300,
3.406000,0.417850,0.712650,7.362300,257.385800,-334.870610,4267438.500000,,3.878540,
3.408000,0.852360,0.952330,6.859860,257.416410,-334.868800,4267464.000000,1.000000,3.288940,-399.493650
3.410000,1.044620,1.018980,5.219240,257.447660,-334.868350,4267489.500000,,3.483760,
3.412000,0.785710,0.602420,4.347660,257.480830,-334.869110,4267514.500000,,3.556820,
3.414000,0.337100,0.389650,6.183110,257.513890,-334.870820,4267539.500000,,3.975950,
3.416000,0.416560,0.489620,7.505860,257.545530,-334.870700,4267565.000000,1.000000,3.752930,-399.492860
3.418000,0.785710,0.535770,7.044430,257.577090,-334.869600,4267590.500000,,3.522220,
3.420000,0.861330,0.508850,5.147460,257.609010,-334.869960,4267616.000000,,3.788820,
3.422000,0.557560,0.187130,4.675780,257.641540,-334.870000,4267641.000000,,3.701660,
3.424000,0.240970,0.456300,6.736820,257.672360,-334.870420,4267666.000000,1.000000,3.943910,-399.492800
3.426000,0.570370,0.681880,7.608400,257.702580,-334.869450,4267691.500000,,3.549130,
3.428000,0.949770,0.956180,6.941890,257.732820,-334.868440,4267716.500000,,3.478640,
3.430000,1.015140,0.778020,4.983400,257.764560,-334.868470,4267742.000000,,3.561950,
3.432000,0.615230,0.496030,5.998540,257.797210,-334.869320,4267767.500000,1.000000,3.709350,-399.494170
3.434000,0.364010,0.615230,7.382810,257.828700,-334.870670,4267793.000000,,4.019530,
3.436000,0.757510,0.884400,7.064940,257.859340,-334.869110,4267818.000000,,3.379940,
3.438000,1.021550,1.008730,5.731930,257.890410,-334.868130,4267843.000000,,3.427370,
3.440000,0.879270,0.644710,4.378420,257.923280,-334.868800,4267868.500000,1.000000,3.563230,-399.493710
3.442000,0.421690,0.329410,6.090820,257.956730,-334.870330,4267894.000000,,3.859310,
3.444000,0.329410,0.446040,7.321290,257.988490,-334.870880,4267919.500000,,3.893920,
3.446000,0.728030,0.498600,7.229000,258.019930,-334.869570,4267944.500000,,3.453000,
3.448000,0.885680,0.579350,5.332030,258.051390,-334.869780,4267969.500000,1.000000,3.764470,-399.492460
3.450000,0.657530,0.273010,4.275880,258.083770,-334.869930,4267995.000000,,3.656800,
3.452000,0.247380,0.430660,6.347170,258.114840,-334.870330,4268020.500000,,3.913150,
3.454000,0.465270,0.675480,7.741700,258.144990,-334.869780,4268045.500000,,3.650390,
3.456000,0.921570,0.938230,7.352050,258.175140,-334.868560,4268071.000000,1.000000,3.405580,-399.492710
3.458000,1.074100,0.883120,5.260250,258.206390,-334.868500,4268096.500000,,3.573490,
3.460000,0.735720,0.556270,5.229490,258.239040,-334.869050,4268121.500000,,3.592710,
3.462000,0.356320,0.612670,6.788090,258.270940,-334.870700,4268146.500000,,4.050290,
3.464000,0.649840,0.830570,7.372560,258.301790,-334.869750,4268172.000000,1.000000,3.502990,-399.493590
3.464000,0.649840,0.830570,7.372560,258.301790,-334.869750,4268172.000000,1.000000,3.502990,-399.493590
3.466000,1.011290,1.007450,6.254880,258.332820,-334.868320,4268197.500000,,3.351750,
3.468000,0.986940,0.754940,4.686040,258.365390,-334.868800,4268223.000000,,3.559390,
3.470000,0.534480,0.306340,5.916500,258.399020,-334.870000,4268248.500000,,3.715760,
3.472000,0.281980,0.416560,7.177730,258.431150,-334.871090,4268273.500000,1.000000,3.987490,-399.493160
3.474000,0.642150,0.484500,7.198240,258.462520,-334.869840,4268298.500000,,3.454280,
3.476000,0.876710,0.580630,5.649900,258.493960,-334.869750,4268324.000000,,3.700380,
3.478000,0.734440,0.346070,4.511720,258.526120,-334.869960,4268349.500000,,3.647830,
3.480000,0.329410,0.360170,6.008790,258.557620,-334.870270,4268374.500000,1.000000,3.795230,-399.492710
3.482000,0.370420,0.660100,7.895510,258.587800,-334.870180,4268400.000000,,3.779850,
3.484000,0.838260,0.875430,7.854490,258.617920,-334.868800,4268425.000000,,3.349180,
3.486000,1.062560,0.951050,5.793460,258.648860,-334.868560,4268450.000000,,3.558110,
3.488000,0.843380,0.539610,4.809080,258.681520,-334.868900,4268475.500000,1.000000,3.527340,-399.493840
3.490000,0.405030,0.492190,6.706050,258.713840,-334.870570,4268501.000000,,3.960570,
3.492000,0.537050,0.680600,7.423830,258.744960,-334.870360,4268526.500000,,3.665770,
3.494000,0.925420,0.885680,6.839360,258.775790,-334.868560,4268551.500000,,3.285100,
3.496000,1.001040,0.821590,4.932130,258.807770,-334.868680,4268577.000000,1.000000,3.550420,-399.493560
3.498000,0.631900,0.307620,5.280760,258.841430,-334.869630,4268602.000000,,3.611940,
3.500000,0.262760,0.308900,6.921390,258.873810,-334.871190,4268627.500000,,4.029790,
3.502000,0.529360,0.416560,7.270020,258.905270,-334.870240,4268653.000000,,3.558110,
3.504000,0.844670,0.521670,6.213870,258.936610,-334.869720,4268678.000000,1.000000,3.628600,-399.492400
3.506000,0.825440,0.383240,4.614260,258.968540,-334.869960,4268703.500000,,3.718320,
3.508000,0.420410,0.252500,5.629390,259.000400,-334.870090,4268728.500000,,3.714480,
3.510000,0.258910,0.599850,7.331540,259.030610,-334.870360,4268754.000000,,3.890080,
3.512000,0.725460,0.826720,7.813480,259.060580,-334.869020,4268779.000000,1.000000,3.420960,-399.492580
3.514000,1.039490,1.026670,6.008790,259.091030,-334.868530,4268804.500000,,3.523500,
3.516000,0.943360,0.676760,4.747560,259.123320,-334.868740,4268830.000000,,3.535030,
3.518000,0.478090,0.513980,6.347170,259.155790,-334.870090,4268855.500000,,3.845210,
3.520000,0.437070,0.688290,7.362300,259.187100,-334.870640,4268880.500000,1.000000,3.825990,-399.493930
3.522000,0.874150,0.889530,7.003420,259.217930,-334.868770,4268905.500000,,3.278690,
3.524000,1.039490,0.919010,5.239750,259.249480,-334.868530,4268931.000000,,3.510680,
3.526000,0.748540,0.455020,4.645020,259.282990,-334.869260,4268956.500000,,3.563230,
3.528000,0.302490,0.305050,6.367680,259.315890,-334.870910,4268981.500000,1.000000,3.970830,-399.493440
3.530000,0.426820,0.452450,7.393070,259.347380,-334.870610,4269007.000000,,3.696530,
3.532000,0.797240,0.538330,6.767580,259.378750,-334.869600,4269032.000000,,3.535030,
3.534000,0.853640,0.519100,5.003910,259.410490,-334.869960,4269057.500000,,3.768310,
3.536000,0.525510,0.238400,5.075680,259.442810,-334.869960,4269083.000000,1.000000,3.699100,-399.492830
3.538000,0.234560,0.552430,6.972660,259.473390,-334.870450,4269108.000000,,3.936220,
3.540000,0.606260,0.772890,7.680180,259.503600,-334.869380,4269133.500000,,3.517090,
3.542000,0.962590,1.010010,6.562500,259.533940,-334.868470,4269159.000000,,3.501710,
3.544000,0.994630,0.792110,4.942380,259.565890,-334.868560,4269184.000000,1.000000,3.570920,-399.493650
3.546000,0.570370,0.526790,6.090820,259.598600,-334.869540,4269209.000000,,3.752930,
3.548000,0.364010,0.666500,7.495610,259.630130,-334.870640,4269234.500000,,3.987490,
3.550000,0.794680,0.899780,7.259770,259.660950,-334.869020,4269260.000000,,3.362000,
3.552000,1.030520,0.971560,5.608890,259.692320,-334.868230,4269285.000000,1.000000,3.463260,-399.493560
3.554000,0.842100,0.574220,4.604000,259.725460,-334.868870,4269310.500000,,3.577330,
3.556000,0.376830,0.253780,6.049800,259.759000,-334.870360,4269336.000000,,3.884950,
3.558000,0.340940,0.389650,7.454590,259.790710,-334.870700,4269361.000000,,3.843930,
3.560000,0.724180,0.461430,7.198240,259.822110,-334.869450,4269386.000000,1.000000,3.472230,-399.492490
3.562000,0.867740,0.552430,5.485840,259.853580,-334.869720,4269411.500000,,3.765750,
3.564000,0.626770,0.249940,4.542480,259.885960,-334.869870,4269437.000000,,3.663210,
3.566000,0.233280,0.430660,6.377930,259.916990,-334.870270,4269462.500000,,3.920840,
3.568000,0.484500,0.672910,7.700680,259.947140,-334.869690,4269487.500000,1.000000,3.611940,-399.492740
3.570000,0.903630,0.947200,7.075200,259.977390,-334.868500,4269512.500000,,3.428650,
3.572000,1.038210,0.866460,5.075680,260.008760,-334.868560,4269538.000000,,3.578610,
3.574000,0.685730,0.534480,5.578130,260.041560,-334.869230,4269563.500000,,3.629880,
3.576000,0.344790,0.578060,7.126460,260.073460,-334.870790,4269589.000000,1.000000,4.061830,-399.494200
3.578000,0.679320,0.820310,7.229000,260.104280,-334.869600,4269614.000000,,3.461980,
3.580000,1.002320,1.004880,5.854980,260.135250,-334.868290,4269639.500000,,3.377380,
3.582000,0.949770,0.735720,4.409180,260.167790,-334.868840,4269664.500000,,3.567080,
3.584000,0.472960,0.305050,5.762700,260.201390,-334.870090,4269690.000000,1.000000,3.737550,-399.493840
3.586000,0.273010,0.420410,7.485350,260.233370,-334.871000,4269715.000000,,3.942630,
3.588000,0.658810,0.440920,7.341800,260.264920,-334.869720,4269740.500000,,3.433780,
3.590000,0.879270,0.515260,5.588380,260.296510,-334.869780,4269766.000000,,3.713200,
3.592000,0.704960,0.221740,4.142580,260.328950,-334.869930,4269791.000000,1.000000,3.627320,-399.492740
3.594000,0.293520,0.270450,5.978030,260.360530,-334.870300,4269816.000000,,3.824710,
3.596000,0.394780,0.580630,7.690430,260.390750,-334.870060,4269841.500000,,3.724730,
3.598000,0.851070,0.838260,7.710940,260.420870,-334.868770,4269867.000000,,3.344060,
3.600000,1.056150,0.899780,5.762700,260.451840,-334.868650,4269892.500000,1.000000,3.572200,-399.493260
3.602000,0.797240,0.531920,5.219240,260.484410,-334.869050,4269917.500000,,3.538880,
3.604000,0.374270,0.521670,6.675290,260.516540,-334.870700,4269943.000000,,3.997740,
3.606000,0.567810,0.740840,7.280270,260.547420,-334.870210,4269968.000000,,3.619630,
3.608000,0.945920,0.986940,6.244630,260.578090,-334.868530,4269993.500000,1.000000,3.315860,-399.493530
3.610000,0.984380,0.906190,4.901370,260.609990,-334.868740,4270019.000000,,3.559390,
3.612000,0.592160,0.438350,5.649900,260.643370,-334.869720,4270044.000000,,3.633730,
3.614000,0.266600,0.496030,7.393070,260.675480,-334.871060,4270069.500000,,4.011840,
3.616000,0.554990,0.558840,7.229000,260.706970,-334.870060,4270094.500000,1.000000,3.511960,-399.492770
3.616000,0.554990,0.558840,7.229000,260.706970,-334.870060,4270094.500000,1.000000,3.511960,-399.492770
3.618000,0.843380,0.613950,6.131840,260.738560,-334.869690,4270119.500000,,3.641420,
3.620000,0.795960,0.406310,4.265630,260.770840,-334.869930,4270145.000000,,3.677310,
3.622000,0.394780,0.255070,5.496090,260.803040,-334.870150,4270170.500000,,3.715760,
3.624000,0.289670,0.575500,7.423830,260.833590,-334.870330,4270196.000000,1.000000,3.850340,-399.492740
3.626000,0.757510,0.769040,7.926270,260.863920,-334.869020,4270221.000000,,3.373540,
3.628000,1.042050,0.942080,6.234380,260.894710,-334.868710,4270246.500000,,3.549130,
3.630000,0.907470,0.587040,4.604000,260.927190,-334.868990,4270271.500000,,3.528630,
3.632000,0.446040,0.487060,6.470210,260.959660,-334.870390,4270297.000000,1.000000,3.869570,-399.494260
3.634000,0.471680,0.699830,7.116210,260.990780,-334.870640,4270322.500000,,3.770870,
3.636000,0.881840,0.949770,6.900880,261.021360,-334.868770,4270347.500000,,3.273560,
3.638000,1.020260,0.989500,5.055180,261.052800,-334.868620,4270373.000000,,3.517090,
3.640000,0.702390,0.517820,4.993650,261.086180,-334.869420,4270398.500000,1.000000,3.564510,-399.493800
3.642000,0.279420,0.405030,6.736820,261.118840,-334.871030,4270423.500000,,3.975950,
3.644000,0.448610,0.511410,7.321290,261.150390,-334.870510,4270448.500000,,3.633730,
3.646000,0.816470,0.569090,6.562500,261.181950,-334.869690,4270474.000000,,3.564510,
3.648000,0.849790,0.503720,4.655270,261.213840,-334.870030,4270499.500000,1.000000,3.742680,-399.492580
3.650000,0.492190,0.246090,5.301270,261.246190,-334.870060,4270525.000000,,3.696530,
3.652000,0.239690,0.542180,7.146970,261.276890,-334.870420,4270550.000000,,3.909300,
3.654000,0.643430,0.720340,7.792970,261.307310,-334.869290,4270575.000000,,3.485050,
3.656000,0.983090,0.913880,6.521480,261.337920,-334.868560,4270600.500000,1.000000,3.511960,-399.492950
3.658000,0.968990,0.644710,4.942380,261.370210,-334.868740,4270626.000000,,3.567080,
3.660000,0.530640,0.399900,6.060060,261.402890,-334.869780,4270651.000000,,3.784970,
3.662000,0.390930,0.615230,7.434080,261.434170,-334.870730,4270676.500000,,3.937500,
3.664000,0.825440,0.906190,7.270020,261.464660,-334.868960,4270702.000000,1.000000,3.331240,-399.493590
3.666000,1.033080,1.011290,5.537110,261.495730,-334.868290,4270727.000000,,3.468380,
3.668000,0.810060,0.613950,4.542480,261.528690,-334.869020,4270752.500000,,3.573490,
3.670000,0.348630,0.346070,6.162600,261.561890,-334.870510,4270777.500000,,3.905460,
3.672000,0.372990,0.479370,7.444340,261.593480,-334.870610,4270803.000000,1.000000,3.782410,-399.492920
3.674000,0.740840,0.540890,7.126460,261.624940,-334.869480,4270828.500000,,3.491460,
3.676000,0.862610,0.566530,5.311520,261.656650,-334.869810,4270853.500000,,3.764470,
3.678000,0.583190,0.264040,4.747560,261.689090,-334.869870,4270878.500000,,3.667050,
3.680000,0.229430,0.487060,6.613770,261.720060,-334.870360,4270904.000000,1.000000,3.927250,-399.492950
3.682000,0.516540,0.708800,7.690430,261.750340,-334.869630,4270929.500000,,3.585020,
3.684000,0.911320,0.957460,6.890630,261.780670,-334.868560,4270954.500000,,3.465820,
3.686000,1.013850,0.822880,4.860350,261.812260,-334.868650,4270980.000000,,3.583740,
3.688000,0.635740,0.516540,5.854980,261.845000,-334.869380,4271005.500000,1.000000,3.674740,-399.494290
3.690000,0.344790,0.634460,7.146970,261.876590,-334.870760,4271030.500000,,4.036190,
3.692000,0.699830,0.906190,7.352050,261.907170,-334.869380,4271055.500000,,3.417110,
3.694000,0.999760,1.047180,5.793460,261.938230,-334.868230,4271081.000000,,3.400450,
3.696000,0.912600,0.722900,4.234860,261.971010,-334.868840,4271106.500000,1.000000,3.563230,-399.493870
3.698000,0.439640,0.335820,5.762700,262.004640,-334.870120,4271132.000000,,3.781130,
3.700000,0.279420,0.449890,7.423830,262.036650,-334.870850,4271157.000000,,3.887510,
3.702000,0.675480,0.465270,7.249510,262.068360,-334.869660,4271182.000000,,3.442750,
3.704000,0.880550,0.533200,5.711430,262.100040,-334.869780,4271207.500000,1.000000,3.732420,-399.492610
3.706000,0.678040,0.226870,4.388670,262.132600,-334.869930,4271233.000000,,3.629880,
3.708000,0.264040,0.320430,6.183110,262.164030,-334.870240,4271258.500000,,3.858030,
3.710000,0.419130,0.597290,7.803220,262.194270,-334.869900,4271283.500000,,3.690120,
3.712000,0.869020,0.898500,7.259770,262.224330,-334.868680,4271309.000000,1.000000,3.372250,-399.492860
3.714000,1.054870,0.939510,5.475590,262.255190,-334.868620,4271334.000000,,3.579900,
3.716000,0.761350,0.620360,5.496090,262.287600,-334.869110,4271359.500000,,3.572200,
3.718000,0.365300,0.628050,6.941890,262.319460,-334.870730,4271384.500000,,4.024660,
3.720000,0.598570,0.853640,7.423830,262.350190,-334.869960,4271410.000000,1.000000,3.565800,-399.493840
3.722000,0.977970,1.035640,6.152340,262.381010,-334.868410,4271435.500000,,3.333800,
3.724000,0.971560,0.857480,4.706540,262.413330,-334.868740,4271461.000000,,3.559390,
3.726000,0.553710,0.356320,5.588380,262.447020,-334.869810,4271485.500000,,3.660640,
3.728000,0.269170,0.417850,7.270020,262.479430,-334.871000,4271511.000000,1.000000,3.983640,-399.493380
3.730000,0.587040,0.448610,7.495610,262.511170,-334.869930,4271536.500000,,3.474790,
3.732000,0.857480,0.534480,6.090820,262.542850,-334.869780,4271562.000000,,3.677310,
3.734000,0.758790,0.288390,4.255370,262.575290,-334.869930,4271587.500000,,3.649110,
3.736000,0.361450,0.216610,5.680660,262.607240,-334.870240,4271612.500000,1.000000,3.745240,-399.492920
3.738000,0.321720,0.558840,7.751950,262.637540,-334.870240,4271637.500000,,3.811890,
3.740000,0.792110,0.835690,7.659670,262.667480,-334.868900,4271663.000000,,3.349180,
3.742000,1.054870,1.015140,6.306150,262.697970,-334.868590,4271688.000000,,3.545290,
3.744000,0.879270,0.656250,4.665530,262.730260,-334.868960,4271713.500000,1.000000,3.515810,-399.494020
3.746000,0.424260,0.589600,6.747070,262.762450,-334.870510,4271739.000000,,3.905460,
3.748000,0.479370,0.788270,7.177730,262.793430,-334.870540,4271764.500000,,3.713200,
3.750000,0.897220,0.986940,6.511230,262.824190,-334.868710,4271789.500000,,3.268430,
3.752000,1.022830,0.935670,5.024410,262.855990,-334.868710,4271814.500000,1.000000,3.536320,-399.493710
3.754000,0.676760,0.397340,5.270510,262.889740,-334.869540,4271840.000000,,3.568360,
3.756000,0.274290,0.311460,7.187990,262.922580,-334.871060,4271865.500000,,3.975950,
3.758000,0.466550,0.387080,7.352050,262.954320,-334.870360,4271890.500000,,3.583740,
3.760000,0.830570,0.442200,6.398440,262.986020,-334.869780,4271916.000000,1.000000,3.585020,-399.492490
3.762000,0.836980,0.346070,4.491210,263.018100,-334.870030,4271941.000000,,3.720890,
3.764000,0.457580,0.161500,5.003910,263.050230,-334.870090,4271966.500000,,3.686280,
3.766000,0.248660,0.533200,7.464840,263.080510,-334.870420,4271992.000000,,3.896480,
3.768000,0.688290,0.781860,7.792970,263.110440,-334.869230,4272017.000000,1.000000,3.446590,-399.492680
3.770000,1.021550,1.033080,6.726560,263.140630,-334.868590,4272042.500000,,3.509400,
3.772000,0.957460,0.767760,4.634770,263.172550,-334.868840,4272068.000000,,3.550420,
3.774000,0.510130,0.580630,6.049800,263.204860,-334.869960,4272093.000000,,3.792660,
3.776000,0.411440,0.792110,7.116210,263.235990,-334.870700,4272118.000000,1.000000,3.870850,-399.493990
3.778000,0.843380,1.018980,6.788090,263.266660,-334.868900,4272143.500000,,3.288940,
3.780000,1.034360,1.075380,5.701170,263.298000,-334.868470,4272169.000000,,3.482480,
3.782000,0.776730,0.628050,4.737300,263.331360,-334.869200,4272194.500000,,3.555540,
3.784000,0.333250,0.362730,6.675290,263.364750,-334.870730,4272219.500000,1.000000,3.915710,-399.493470
3.786000,0.408870,0.424260,7.157230,263.396790,-334.870640,4272244.500000,,3.731140,
3.788000,0.771610,0.435790,6.911130,263.428620,-334.869660,4272270.000000,,3.514530,
3.790000,0.861330,0.453740,4.962890,263.460510,-334.870000,4272295.500000,,3.763180,
3.792000,0.554990,0.192260,4.819340,263.492890,-334.870000,4272321.000000,1.000000,3.676030,-399.492860
3.794000,0.235840,0.470400,7.146970,263.523620,-334.870420,4272346.000000,,3.913150,
3.796000,0.565250,0.716490,7.885250,263.553710,-334.869540,4272371.500000,,3.540160,
3.798000,0.944640,0.974120,6.849610,263.583920,-334.868530,4272396.500000,,3.458130,
3.800000,1.008730,0.822880,4.583500,263.615540,-334.868680,4272421.500000,1.000000,3.576050,-399.493620
3.802000,0.608830,0.539610,5.629390,263.648100,-334.869480,4272447.000000,,3.692690,
3.804000,0.352480,0.662660,7.075200,263.679630,-334.870760,4272472.500000,,3.991330,
3.806000,0.740840,0.908750,7.434080,263.710390,-334.869290,4272498.000000,,3.381230,
3.808000,1.012570,1.020260,5.834470,263.741550,-334.868320,4272523.000000,1.000000,3.427370,-399.493560
3.808000,1.012570,1.020260,5.834470,263.741550,-334.868320,4272523.000000,1.000000,3.427370,-399.493560
3.810000,0.879270,0.661380,4.511720,263.774440,-334.868990,4272548.000000,,3.567080,
3.812000,0.417850,0.305050,5.947270,263.808040,-334.870300,4272573.500000,,3.815730,
3.814000,0.315310,0.416560,7.239260,263.840000,-334.870790,4272599.000000,,3.845210,
3.816000,0.702390,0.453740,7.034180,263.871550,-334.869630,4272624.000000,1.000000,3.447880,-399.492580
3.818000,0.877990,0.542180,5.619140,263.903080,-334.869810,4272649.500000,,3.745240,
3.820000,0.656250,0.240970,4.634770,263.935420,-334.869960,4272675.000000,,3.631160,
3.820000,0.656250,0.240970,4.634770,263.935420,-334.869960,4272675.000000,,3.631160,
3.822000,0.248660,0.380680,6.398440,263.966580,-334.870330,4272700.000000,,3.877260,
3.824000,0.453740,0.651120,7.690430,263.996640,-334.869840,4272725.500000,1.000000,3.645260,-399.492740
3.826000,0.893370,0.938230,7.095700,264.026760,-334.868650,4272750.500000,,3.379940,
3.828000,1.047180,0.903630,5.034670,264.057860,-334.868650,4272776.000000,,3.572200,
3.830000,0.726750,0.575500,5.414060,264.090520,-334.869230,4272801.500000,,3.587590,
3.832000,0.361450,0.604980,7.105960,264.122440,-334.870820,4272827.000000,1.000000,4.023380,-399.494110
3.834000,0.649840,0.843380,7.454590,264.153230,-334.869900,4272852.000000,,3.510680,
3.836000,0.995910,1.025390,6.254880,264.184200,-334.868470,4272877.000000,,3.347900,
3.838000,0.951050,0.792110,4.583500,264.216710,-334.868990,4272902.500000,,3.568360,
3.840000,0.508850,0.351200,5.783200,264.250270,-334.870060,4272928.000000,1.000000,3.686280,-399.493710
3.842000,0.274290,0.467830,7.362300,264.282350,-334.871030,4272953.000000,,3.940060,
3.844000,0.639590,0.511410,7.495610,264.313840,-334.869840,4272978.500000,,3.437620,
3.846000,0.869020,0.625490,6.101070,264.345210,-334.869810,4273003.500000,,3.682430,
3.848000,0.728030,0.398620,4.357910,264.377350,-334.869960,4273029.000000,1.000000,3.620910,-399.492650
3.850000,0.326840,0.399900,5.926760,264.408910,-334.870300,4273054.000000,,3.763180,
3.852000,0.357600,0.689580,7.608400,264.439180,-334.870240,4273079.500000,,3.758060,
3.854000,0.828000,0.889530,7.762210,264.469420,-334.868960,4273105.000000,,3.340210,
3.856000,1.045900,0.953610,5.690920,264.500490,-334.868740,4273130.500000,1.000000,3.552980,-399.493160
3.858000,0.828000,0.561400,5.085940,264.533110,-334.869110,4273155.500000,,3.526060,
3.860000,0.396060,0.524230,6.952150,264.565460,-334.870700,4273180.500000,,3.940060,
3.862000,0.522950,0.722900,7.259770,264.596590,-334.870450,4273206.000000,,3.652950,
3.864000,0.921570,0.931820,6.429200,264.627470,-334.868710,4273231.500000,1.000000,3.283810,-399.493560
3.866000,0.993350,0.872860,4.778320,264.659420,-334.868840,4273256.500000,,3.556820,
3.868000,0.620360,0.376830,5.321780,264.692990,-334.869720,4273282.000000,,3.593990,
3.870000,0.252500,0.374270,7.290530,264.725400,-334.871060,4273307.000000,,3.978520,
3.872000,0.502440,0.474240,7.485350,264.756870,-334.870210,4273332.500000,1.000000,3.541440,-399.492800
3.874000,0.829280,0.569090,6.398440,264.788240,-334.869780,4273357.500000,,3.608090,
3.876000,0.815190,0.451170,4.460450,264.820070,-334.869960,4273383.000000,,3.691410,
3.878000,0.425540,0.315310,5.116700,264.851870,-334.870090,4273408.500000,,3.683720,
3.880000,0.265320,0.652400,7.259770,264.882110,-334.870390,4273434.000000,1.000000,3.865720,-399.492830
3.882000,0.720340,0.845950,7.762210,264.912230,-334.869170,4273459.000000,,3.409420,
3.884000,1.020260,1.027950,6.562500,264.942780,-334.868710,4273484.000000,,3.519650,
3.886000,0.922850,0.653690,4.911620,264.975220,-334.868960,4273509.500000,,3.536320,
3.888000,0.463990,0.474240,6.285640,265.007840,-334.870240,4273535.000000,1.000000,3.829830,-399.494260
3.890000,0.428100,0.652400,7.075200,265.039220,-334.870760,4273560.500000,,3.811890,
3.892000,0.871580,0.883120,6.859860,265.070010,-334.868960,4273585.500000,,3.282530,
3.894000,1.035640,0.924130,5.106450,265.101470,-334.868680,4273611.000000,,3.508120,
3.896000,0.742130,0.475520,5.065430,265.134890,-334.869380,4273636.000000,1.000000,3.559390,-399.493770
3.898000,0.296080,0.314030,6.931640,265.167790,-334.870910,4273661.500000,,3.934940,
3.900000,0.417850,0.449890,7.495610,265.199280,-334.870570,4273686.500000,,3.668330,
3.902000,0.780580,0.515260,6.818850,265.230710,-334.869630,4273712.000000,,3.524780,
3.904000,0.845950,0.487060,4.942380,265.262480,-334.869960,4273737.500000,1.000000,3.746520,-399.492490
3.906000,0.521670,0.211490,4.829590,265.294740,-334.870000,4273762.500000,,3.677310,
3.908000,0.238400,0.510130,7.044430,265.325290,-334.870450,4273787.500000,,3.902890,
3.910000,0.607540,0.734440,8.069820,265.355410,-334.869510,4273813.000000,,3.515810,
3.912000,0.956180,0.975400,6.880370,265.385650,-334.868590,4273838.500000,1.000000,3.486330,-399.493010
3.914000,0.983090,0.767760,4.860350,265.417510,-334.868740,4273864.000000,,3.577330,
3.916000,0.566530,0.493470,5.711430,265.450130,-334.869660,4273889.000000,,3.745240,
3.918000,0.360170,0.622920,7.372560,265.481600,-334.870790,4273914.500000,,3.973390,
3.920000,0.790830,0.851070,7.064940,265.512390,-334.869170,4273939.500000,1.000000,3.368410,-399.493740
3.922000,1.029240,0.931820,5.783200,265.543670,-334.868350,4273965.000000,,3.456850,
3.924000,0.844670,0.563960,4.675780,265.576630,-334.868990,4273990.000000,,3.587590,
3.926000,0.376830,0.302490,6.254880,265.609830,-334.870390,4274015.500000,,3.869570,
3.928000,0.340940,0.462710,7.270020,265.641390,-334.870640,4274041.000000,1.000000,3.809330,-399.493100
3.930000,0.715210,0.512700,6.747070,265.672760,-334.869450,4274066.000000,,3.460690,
3.932000,0.860050,0.566530,5.352540,265.704320,-334.869750,4274091.000000,,3.751650,
3.934000,0.622920,0.246090,4.634770,265.736760,-334.869870,4274116.500000,,3.640140,
3.936000,0.235840,0.428100,6.613770,265.767820,-334.870270,4274142.000000,1.000000,3.893920,-399.492950
3.938000,0.490910,0.661380,7.854490,265.798070,-334.869720,4274167.500000,,3.605530,
3.940000,0.907470,0.948490,6.931640,265.828250,-334.868680,4274192.500000,,3.440190,
3.942000,1.029240,0.876710,4.747560,265.859530,-334.868740,4274218.000000,,3.582460,
3.944000,0.680600,0.572940,5.167970,265.892150,-334.869380,4274243.000000,1.000000,3.631160,-399.494230
3.946000,0.343510,0.628050,7.013670,265.923890,-334.870850,4274268.500000,,4.038760,
3.948000,0.675480,0.871580,7.618650,265.954590,-334.869720,4274293.500000,,3.467100,
3.950000,0.998470,1.045900,6.336910,265.985530,-334.868440,4274319.000000,,3.374820,
3.952000,0.945920,0.774170,4.460450,266.018040,-334.868960,4274344.500000,1.000000,3.565800,-399.493770
3.954000,0.476810,0.337100,5.660160,266.051640,-334.870150,4274369.500000,,3.734990,
3.956000,0.276860,0.435790,7.208500,266.083710,-334.870940,4274395.000000,,3.899050,
3.958000,0.653690,0.425540,6.993160,266.115420,-334.869720,4274420.000000,,3.423520,
3.960000,0.865170,0.480650,5.967770,266.147160,-334.869810,4274445.500000,1.000000,3.702940,-399.492460
3.962000,0.701110,0.187130,4.655270,266.179660,-334.869960,4274471.000000,,3.609380,
3.964000,0.298650,0.238400,6.275390,266.211240,-334.870300,4274496.500000,,3.797790,
3.966000,0.403750,0.529360,7.690430,266.241490,-334.870090,4274521.500000,,3.713200,
3.968000,0.856200,0.801090,7.352050,266.271550,-334.868960,4274546.500000,1.000000,3.370970,-399.492740
3.970000,1.045900,0.869020,5.250000,266.302370,-334.868840,4274572.000000,,3.569640,
3.972000,0.792110,0.526790,5.137210,266.334750,-334.869200,4274597.500000,,3.551700,
3.974000,0.372990,0.533200,7.105960,266.366670,-334.870790,4274622.500000,,3.979800,
3.976000,0.560120,0.779300,7.567380,266.397340,-334.870270,4274648.000000,1.000000,3.611940,-399.493740
3.978000,0.945920,1.029240,6.541990,266.427860,-334.868560,4274673.500000,,3.303040,
3.980000,0.984380,0.944640,4.562990,266.459660,-334.868770,4274698.500000,,3.554260,
3.982000,0.592160,0.437070,5.301270,266.493070,-334.869810,4274723.500000,,3.635010,
3.984000,0.264040,0.444760,6.870120,266.525420,-334.871030,4274749.000000,1.000000,3.974670,-399.493440
3.986000,0.544740,0.457580,7.546880,266.557190,-334.870030,4274774.500000,,3.504270,
3.988000,0.839540,0.476810,6.439450,266.589020,-334.869750,4274800.000000,,3.635010,
3.990000,0.795960,0.275570,4.450200,266.621340,-334.869960,4274825.000000,,3.664490,
3.992000,0.394780,0.178160,5.465330,266.653320,-334.870120,4274850.000000,1.000000,3.696530,-399.492890
3.992000,0.394780,0.178160,5.465330,266.653320,-334.870120,4274850.000000,1.000000,3.696530,-399.492890
3.994000,0.297360,0.521670,7.198240,266.683650,-334.870300,4274875.500000,,3.836240,
3.996000,0.757510,0.734440,7.546880,266.713810,-334.869110,4274901.000000,,3.394040,
3.998000,1.034360,0.915160,6.060060,266.744380,-334.868800,4274926.000000,,3.544010,
4.000000,0.901060,0.584470,4.819340,266.776610,-334.869050,4274951.500000,1.000000,3.532470,-399.493900
4.002000,0.439640,0.502440,6.583010,266.808840,-334.870420,4274977.000000,,3.869570,
4.004000,0.457580,0.726750,7.362300,266.839750,-334.870640,4275002.000000,,3.754210,
4.006000,0.871580,0.981810,6.562500,266.870210,-334.868800,4275027.000000,,3.271000,
4.008000,1.016420,0.999760,4.921880,266.901610,-334.868680,4275052.500000,1.000000,3.509400,-399.493560
4.010000,0.704960,0.516540,4.911620,266.935000,-334.869510,4275078.000000,,3.565800,
4.012000,0.287110,0.380680,6.952150,266.967740,-334.870970,4275103.500000,,3.945190,
4.014000,0.453740,0.469120,7.608400,266.999390,-334.870450,4275128.500000,,3.609380,
4.016000,0.806210,0.517820,7.003420,267.031010,-334.869690,4275153.500000,1.000000,3.555540,-399.492460
4.018000,0.833130,0.446040,4.850100,267.062990,-334.870000,4275179.000000,,3.720890,
4.020000,0.484500,0.170470,5.055180,267.095370,-334.870030,4275204.500000,,3.681150,
4.022000,0.247380,0.448610,7.085450,267.126160,-334.870450,4275230.000000,,3.895200,
4.024000,0.652400,0.638310,7.936520,267.156520,-334.869420,4275255.000000,1.000000,3.491460,-399.492680
4.026000,0.986940,0.857480,6.716310,267.187010,-334.868620,4275280.500000,,3.510680,
4.028000,0.967710,0.637020,4.993650,267.218960,-334.868770,4275305.500000,,3.560670,
4.030000,0.529360,0.433230,6.152340,267.251370,-334.869810,4275331.000000,,3.776000,
4.032000,0.385800,0.642150,7.311040,267.282500,-334.870730,4275356.000000,1.000000,3.923400,-399.494020
4.034000,0.822880,0.911320,6.952150,267.312990,-334.869020,4275381.500000,,3.335080,
4.036000,1.035640,0.988220,5.383300,267.344060,-334.868410,4275407.000000,,3.470950,
4.038000,0.811340,0.579350,4.645020,267.377080,-334.869080,4275432.000000,,3.579900,
4.040000,0.348630,0.326840,6.521480,267.410250,-334.870510,4275457.000000,1.000000,3.896480,-399.493560
4.042000,0.370420,0.453740,7.495610,267.441830,-334.870540,4275482.500000,,3.760620,
4.044000,0.730590,0.507570,7.023930,267.473360,-334.869450,4275508.000000,,3.485050,
4.046000,0.849790,0.534480,5.250000,267.505000,-334.869810,4275533.500000,,3.750370,
4.048000,0.579350,0.212770,4.665530,267.537480,-334.869870,4275559.000000,1.000000,3.654240,-399.492860
4.050000,0.233280,0.422970,6.449710,267.568450,-334.870330,4275584.000000,,3.905460,
4.052000,0.522950,0.624210,8.121090,267.598750,-334.869660,4275609.000000,,3.578610,
4.054000,0.915160,0.867740,7.044430,267.629120,-334.868650,4275634.500000,,3.464540,
4.056000,1.008730,0.742130,4.768070,267.660680,-334.868740,4275659.500000,1.000000,3.578610,-399.493680
4.058000,0.635740,0.461430,5.465330,267.693270,-334.869450,4275685.000000,,3.668330,
4.060000,0.337100,0.575500,6.921390,267.724790,-334.870790,4275710.500000,,4.013120,
4.062000,0.693420,0.840820,7.136720,267.755400,-334.869480,4275736.000000,,3.424800,
4.064000,0.992070,0.976680,6.336910,267.786470,-334.868380,4275760.500000,1.000000,3.405580,-399.493680
4.066000,0.911320,0.651120,4.583500,267.819180,-334.868990,4275786.000000,,3.569640,
4.068000,0.438350,0.276860,6.049800,267.852660,-334.870210,4275811.500000,,3.774720,
4.070000,0.284550,0.396060,7.341800,267.884640,-334.870790,4275837.000000,,3.859310,
4.072000,0.660100,0.408870,7.105960,267.916290,-334.869600,4275862.000000,1.000000,3.424800,-399.492740
4.074000,0.858760,0.480650,5.629390,267.947910,-334.869750,4275887.500000,,3.714480,
4.076000,0.656250,0.203800,4.511720,267.980260,-334.869900,4275912.500000,,3.615780,
4.078000,0.258910,0.314030,6.726560,268.011540,-334.870240,4275938.000000,,3.832400,
4.080000,0.422970,0.607540,7.905760,268.041600,-334.869960,4275963.500000,1.000000,3.678590,-399.492830
4.082000,0.866460,0.866460,7.362300,268.071690,-334.868840,4275988.500000,,3.379940,
4.084000,1.044620,0.884400,5.301270,268.102660,-334.868800,4276014.000000,,3.585020,
4.086000,0.749820,0.537050,5.034670,268.135070,-334.869260,4276039.500000,,3.564510,
4.088000,0.361450,0.549870,6.890630,268.166960,-334.870790,4276064.500000,1.000000,4.004150,-399.494350
4.090000,0.589600,0.788270,7.639160,268.197660,-334.870030,4276089.500000,,3.560670,
4.092000,0.965150,0.994630,6.511230,268.228490,-334.868500,4276115.000000,,3.326110,
4.094000,0.957460,0.844670,4.829590,268.260680,-334.868840,4276140.500000,,3.564510,
4.096000,0.544740,0.346070,5.393550,268.294310,-334.869900,4276166.000000,1.000000,3.655520,-399.493900
4.098000,0.269170,0.408870,7.146970,268.326660,-334.871000,4276191.000000,,3.961850,
4.100000,0.584470,0.440920,7.352050,268.358340,-334.869870,4276216.000000,,3.456850,
4.102000,0.836980,0.517820,6.244630,268.390010,-334.869750,4276241.500000,,3.654240,
4.104000,0.734440,0.301210,4.716800,268.422330,-334.869930,4276267.000000,1.000000,3.632450,-399.492800
4.106000,0.346070,0.248660,5.957520,268.454160,-334.870240,4276292.000000,,3.708070,
4.108000,0.316590,0.562680,7.608400,268.484500,-334.870270,4276317.500000,,3.793950,
4.110000,0.784420,0.786990,7.372560,268.514590,-334.869110,4276343.000000,,3.356870,
4.112000,1.047180,0.939510,5.762700,268.545290,-334.868900,4276368.000000,1.000000,3.555540,-399.493350
4.114000,0.866460,0.562680,4.686040,268.577610,-334.869170,4276393.000000,,3.519650,
4.116000,0.421690,0.516540,6.716310,268.609710,-334.870640,4276418.500000,,3.891360,
4.118000,0.480650,0.738280,7.628910,268.640590,-334.870640,4276444.000000,,3.690120,
4.120000,0.883120,0.957460,6.531740,268.671200,-334.868800,4276469.500000,1.000000,3.260740,-399.493770
4.122000,0.997190,0.904910,4.809080,268.702940,-334.868840,4276494.500000,,3.527340,
4.124000,0.653690,0.387080,4.901370,268.736660,-334.869660,4276519.500000,,3.565800,
4.126000,0.266600,0.284550,6.931640,268.769440,-334.871090,4276545.000000,,3.949040,
4.128000,0.465270,0.369140,7.567380,268.801210,-334.870360,4276570.500000,1.000000,3.558110,-399.492980
4.130000,0.807500,0.422970,7.044430,268.832890,-334.869750,4276595.500000,,3.563230,
4.132000,0.802370,0.347350,4.839840,268.864870,-334.870060,4276621.000000,,3.695250,
4.134000,0.437070,0.134580,5.383300,268.897030,-334.870090,4276646.500000,,3.661930,
4.136000,0.255070,0.481930,7.095700,268.927430,-334.870510,4276671.500000,1.000000,3.868290,-399.492890
4.138000,0.689580,0.688290,7.577640,268.957550,-334.869380,4276696.500000,,3.441470,
4.140000,1.013850,0.921570,6.541990,268.987850,-334.868840,4276722.000000,,3.514530,
4.142000,0.944640,0.649840,5.003910,269.019810,-334.869020,4276747.500000,,3.545290,
4.144000,0.499880,0.489620,6.541990,269.052000,-334.870120,4276773.000000,1.000000,3.787540,-399.494380
4.146000,0.408870,0.715210,7.249510,269.083010,-334.870790,4276798.000000,,3.843930,
4.148000,0.843380,0.944640,6.808590,269.113560,-334.869050,4276823.000000,,3.288940,
4.150000,1.029240,0.981810,5.116700,269.144840,-334.868590,4276848.500000,,3.479920,
4.152000,0.770320,0.543460,4.501460,269.178160,-334.869320,4276874.000000,1.000000,3.555540,-399.493770
4.154000,0.330690,0.285830,6.757320,269.211430,-334.870820,4276899.500000,,3.911870,
4.156000,0.396060,0.380680,7.598140,269.243190,-334.870640,4276924.500000,,3.699100,
4.158000,0.751100,0.422970,7.341800,269.274900,-334.869600,4276950.000000,,3.485050,
4.160000,0.825440,0.448610,5.157710,269.306610,-334.869960,4276975.000000,1.000000,3.737550,-399.492490
4.162000,0.538330,0.166630,4.604000,269.338990,-334.870030,4277000.500000,,3.649110,
4.164000,0.243530,0.444760,6.593260,269.369690,-334.870450,4277025.500000,,3.882390,
4.166000,0.571660,0.663940,7.700680,269.399870,-334.869690,4277051.000000,,3.533750,
4.168000,0.945920,0.904910,6.931640,269.430180,-334.868840,4277076.500000,1.000000,3.485050,-399.493010
4.168000,0.945920,0.904910,6.931640,269.430180,-334.868840,4277076.500000,1.000000,3.485050,-399.493010
4.170000,0.993350,0.769040,4.706540,269.461760,-334.868960,4277102.000000,,3.578610,
4.172000,0.596010,0.501160,5.731930,269.494260,-334.869690,4277127.000000,,3.691410,
4.174000,0.348630,0.642150,7.085450,269.525700,-334.870880,4277152.000000,,3.972110,
4.176000,0.739560,0.886960,7.136720,269.556400,-334.869420,4277177.500000,1.000000,3.379940,-399.493800
4.178000,1.018980,1.004880,5.629390,269.587550,-334.868410,4277203.000000,,3.420960,
4.180000,0.880550,0.654970,4.480960,269.620390,-334.869080,4277228.000000,,3.564510,
4.182000,0.420410,0.290950,6.224120,269.653990,-334.870390,4277253.500000,,3.819580,
4.184000,0.312740,0.408870,7.669920,269.685970,-334.870790,4277278.500000,1.000000,3.811890,-399.493230
4.186000,0.689580,0.415280,7.341800,269.717680,-334.869570,4277304.000000,,3.417110,
4.188000,0.851070,0.472960,5.598630,269.749390,-334.869810,4277329.000000,,3.719600,
4.190000,0.631900,0.171750,4.583500,269.781860,-334.869960,4277354.500000,,3.602970,
4.192000,0.246090,0.310180,6.336910,269.813050,-334.870330,4277380.000000,1.000000,3.852910,-399.492860
4.194000,0.475520,0.599850,7.946780,269.843140,-334.869930,4277405.500000,,3.631160,
4.196000,0.913880,0.865170,7.403320,269.873320,-334.868930,4277430.500000,,3.411990,
4.198000,1.052310,0.853640,5.137210,269.904390,-334.868930,4277455.500000,,3.588870,
4.200000,0.716490,0.547300,5.280760,269.936890,-334.869380,4277481.000000,1.000000,3.586300,-399.494230
4.202000,0.346070,0.602420,6.788090,269.968660,-334.870910,4277506.500000,,4.010560,
4.204000,0.630620,0.843380,7.464840,269.999390,-334.870000,4277531.500000,,3.508120,
4.206000,0.992070,1.021550,6.347170,270.030360,-334.868560,4277557.000000,,3.344060,
4.208000,0.958740,0.799800,4.778320,270.062840,-334.868990,4277582.000000,1.000000,3.564510,-399.493650
4.210000,0.524230,0.328130,5.813960,270.096560,-334.870090,4277607.500000,,3.686280,
4.212000,0.280700,0.428100,7.218750,270.128810,-334.871030,4277633.000000,,3.919560,
4.214000,0.624210,0.438350,7.485350,270.160490,-334.869810,4277658.000000,,3.422240,
4.216000,0.842100,0.489620,5.885740,270.192260,-334.869810,4277683.500000,1.000000,3.670900,-399.492430
4.218000,0.701110,0.252500,4.511720,270.224580,-334.869960,4277709.000000,,3.606810,
4.220000,0.323000,0.238400,6.162600,270.256290,-334.870300,4277734.000000,,3.733700,
4.222000,0.371700,0.549870,7.833980,270.286530,-334.870240,4277759.000000,,3.741390,
4.224000,0.834410,0.749820,7.587890,270.316740,-334.869110,4277784.500000,1.000000,3.350460,-399.492740
4.226000,1.049740,0.872860,5.485840,270.347560,-334.868960,4277810.000000,,3.563230,
4.228000,0.824160,0.535770,4.727050,270.379880,-334.869260,4277835.500000,,3.523500,
4.230000,0.390930,0.538330,6.511230,270.411990,-334.870790,4277860.500000,,3.923400,
4.232000,0.508850,0.761350,7.331540,270.442900,-334.870570,4277885.500000,1.000000,3.650390,-399.493930
4.234000,0.902340,0.954900,6.757320,270.473750,-334.868840,4277911.000000,,3.285100,
4.236000,0.988220,0.881840,4.911620,270.505740,-334.868960,4277936.500000,,3.558110,
4.238000,0.625490,0.361450,5.188480,270.539460,-334.869810,4277961.500000,,3.591430,
4.240000,0.273010,0.353760,6.921390,270.571960,-334.871090,4277987.000000,1.000000,3.960570,-399.493560
4.242000,0.512700,0.462710,7.464840,270.603520,-334.870180,4278012.500000,,3.520940,
4.244000,0.819030,0.548580,6.757320,270.634980,-334.869720,4278037.500000,,3.590150,
4.246000,0.786990,0.442200,4.993650,270.666900,-334.870000,4278062.500000,,3.677310,
4.248000,0.406310,0.262760,5.475590,270.698880,-334.870120,4278088.000000,1.000000,3.658080,-399.492980
4.250000,0.264040,0.585750,7.454590,270.729310,-334.870390,4278113.500000,,3.838810,
4.252000,0.725460,0.761350,7.546880,270.759580,-334.869290,4278139.000000,,3.418400,
4.254000,1.033080,0.953610,6.070310,270.790190,-334.868930,4278164.000000,,3.533750,
4.256000,0.927980,0.630620,4.901370,270.822510,-334.869140,4278189.500000,1.000000,3.542720,-399.493990
4.258000,0.469120,0.496030,6.583010,270.854980,-334.870360,4278214.500000,,3.814450,
4.260000,0.424260,0.704960,7.352050,270.886200,-334.870820,4278240.000000,,3.802920,
4.262000,0.862610,0.931820,7.105960,270.916960,-334.869050,4278265.000000,,3.279970,
4.264000,1.022830,0.947200,5.024410,270.948550,-334.868740,4278290.500000,1.000000,3.502990,-399.493650
4.266000,0.735720,0.493470,4.645020,270.982090,-334.869480,4278316.000000,,3.560670,
4.268000,0.303770,0.303770,6.665040,271.015170,-334.870940,4278341.000000,,3.924680,
4.270000,0.426820,0.461430,7.516110,271.046690,-334.870540,4278366.000000,,3.651670,
4.272000,0.774170,0.520390,7.587890,271.078190,-334.869600,4278391.500000,1.000000,3.502990,-399.492460
4.274000,0.826720,0.506290,5.208980,271.109950,-334.870000,4278417.000000,,3.733700,
4.276000,0.506290,0.205080,4.921880,271.142330,-334.870000,4278442.500000,,3.656800,
4.278000,0.240970,0.510130,6.839360,271.172970,-334.870450,4278468.000000,,3.878540,
4.280000,0.612670,0.712650,7.577640,271.203220,-334.869570,4278493.000000,1.000000,3.511960,-399.492740
4.282000,0.960020,0.935670,6.624020,271.233610,-334.868770,4278518.000000,,3.499150,
4.284000,0.981810,0.726750,4.778320,271.265530,-334.868900,4278543.500000,,3.576050,
4.286000,0.563960,0.438350,6.285640,271.298250,-334.869780,4278569.000000,,3.737550,
4.288000,0.356320,0.588320,7.290530,271.329770,-334.870910,4278594.000000,1.000000,3.960570,-399.494230
4.290000,0.785710,0.829280,7.095700,271.360570,-334.869290,4278619.500000,,3.363280,
4.292000,1.022830,0.935670,5.362790,271.391780,-334.868440,4278644.500000,,3.449160,
4.294000,0.838260,0.593440,4.337400,271.424650,-334.869080,4278670.000000,,3.586300,
4.296000,0.380680,0.307620,6.183110,271.457950,-334.870480,4278695.000000,1.000000,3.867000,-399.493740
4.298000,0.346070,0.471680,7.875000,271.489530,-334.870640,4278720.500000,,3.792660,
4.300000,0.712650,0.493470,7.198240,271.521090,-334.869480,4278746.000000,,3.444030,
4.302000,0.845950,0.524230,5.608890,271.552760,-334.869780,4278771.500000,,3.741390,
4.304000,0.606260,0.199950,4.532230,271.585270,-334.869900,4278796.500000,1.000000,3.624760,-399.492860
4.306000,0.235840,0.387080,6.326660,271.616360,-334.870270,4278821.500000,,3.877260,
4.308000,0.502440,0.635740,7.751950,271.646550,-334.869810,4278847.000000,,3.597840,
4.310000,0.919010,0.913880,7.290530,271.676790,-334.868840,4278872.500000,,3.455570,
4.312000,1.031800,0.853640,5.219240,271.707980,-334.868930,4278897.500000,1.000000,3.588870,-399.493620
4.314000,0.676760,0.549870,5.475590,271.740540,-334.869510,4278923.000000,,3.628600,
4.316000,0.338380,0.622920,7.105960,271.772220,-334.870910,4278948.000000,,4.031070,
4.318000,0.672910,0.883120,7.167480,271.802890,-334.869810,4278973.500000,,3.463260,
4.320000,0.992070,1.061280,6.019040,271.833830,-334.868470,4278998.500000,1.000000,3.372250,-399.493590
4.322000,0.938230,0.821590,4.655270,271.866270,-334.869020,4279024.000000,,3.573490,
4.324000,0.476810,0.389650,6.060060,271.899870,-334.870180,4279049.500000,,3.729860,
4.326000,0.288390,0.501160,7.475100,271.932040,-334.870940,4279075.000000,,3.899050,
4.328000,0.661380,0.498600,7.413570,271.963750,-334.869690,4279100.000000,1.000000,3.409420,-399.492680
4.328000,0.661380,0.498600,7.413570,271.963750,-334.869690,4279100.000000,1.000000,3.409420,-399.492680
4.330000,0.856200,0.571660,5.885740,271.995510,-334.869750,4279125.000000,,3.690120,
4.332000,0.679320,0.298650,4.122070,272.028020,-334.869930,4279150.500000,,3.600400,
4.334000,0.292240,0.311460,6.357420,272.059780,-334.870330,4279176.000000,,3.783690,
4.336000,0.411440,0.581910,7.916020,272.090210,-334.870150,4279201.500000,1.000000,3.708070,-399.492710
4.338000,0.874150,0.785710,7.557130,272.120670,-334.869110,4279226.500000,,3.374820,
4.340000,1.054870,0.834410,5.455080,272.151760,-334.869020,4279252.000000,,3.595280,
4.342000,0.790830,0.478090,4.891110,272.184330,-334.869320,4279277.000000,,3.554260,
4.344000,0.370420,0.521670,6.490720,272.216220,-334.870850,4279302.500000,1.000000,3.974670,-399.494230
4.346000,0.558840,0.813900,7.229000,272.246730,-334.870330,4279327.500000,,3.609380,
4.348000,0.939510,1.072810,6.562500,272.277160,-334.868620,4279353.000000,,3.301760,
4.350000,0.986940,0.988220,4.675780,272.308900,-334.868840,4279378.500000,,3.568360,
4.352000,0.598570,0.458860,5.588380,272.342410,-334.869810,4279403.500000,1.000000,3.637570,-399.493840
4.354000,0.278140,0.466550,6.900880,272.374790,-334.871060,4279428.500000,,3.984920,
4.356000,0.554990,0.510130,7.546880,272.406460,-334.869960,4279454.000000,,3.485050,
4.358000,0.830570,0.569090,6.183110,272.438230,-334.869660,4279479.500000,,3.619630,
4.360000,0.776730,0.389650,4.429690,272.470520,-334.869900,4279505.000000,1.000000,3.656800,-399.492650
4.362000,0.388370,0.244810,5.793460,272.502690,-334.870120,4279530.000000,,3.679870,
4.364000,0.308900,0.567810,7.649410,272.533260,-334.870360,4279555.500000,,3.829830,
4.366000,0.771610,0.729310,7.833980,272.563690,-334.869260,4279580.500000,,3.400450,
4.368000,1.043330,0.881840,5.896000,272.594570,-334.868990,4279606.000000,1.000000,3.570920,-399.493160
4.370000,0.901060,0.544740,4.829590,272.626980,-334.869200,4279631.000000,,3.540160,
4.372000,0.443480,0.492190,6.203610,272.659120,-334.870480,4279656.500000,,3.858030,
4.374000,0.466550,0.751100,7.352050,272.689910,-334.870730,4279682.000000,,3.756770,
4.376000,0.881840,1.006160,7.044430,272.720370,-334.868900,4279707.000000,1.000000,3.277400,-399.493560
4.378000,1.021550,1.021550,5.219240,272.751710,-334.868710,4279732.000000,,3.522220,
4.380000,0.704960,0.552430,4.911620,272.785030,-334.869540,4279757.500000,,3.570920,
4.382000,0.287110,0.419130,6.531740,272.817750,-334.871030,4279783.000000,,3.950320,
4.384000,0.453740,0.517820,7.567380,272.849370,-334.870420,4279808.500000,1.000000,3.605530,-399.492800
4.386000,0.802370,0.534480,6.870120,272.881070,-334.869600,4279833.500000,,3.540160,
4.388000,0.824160,0.449890,5.167970,272.913210,-334.869960,4279859.000000,,3.720890,
4.390000,0.479370,0.148680,5.280760,272.945740,-334.870030,4279884.000000,,3.669620,
4.392000,0.252500,0.449890,7.208500,272.976560,-334.870450,4279909.500000,1.000000,3.882390,-399.492770
4.394000,0.665220,0.644710,7.721190,273.006960,-334.869480,4279934.500000,,3.502990,
4.396000,1.002320,0.910030,6.265140,273.037290,-334.868800,4279960.000000,,3.536320,
4.398000,0.972840,0.721620,4.604000,273.069090,-334.868930,4279985.500000,,3.572200,
4.400000,0.526790,0.526790,6.224120,273.101350,-334.869870,4280011.000000,1.000000,3.774720,-399.494260
4.402000,0.375550,0.751100,7.464840,273.132390,-334.870790,4280036.000000,,3.932370,
4.404000,0.824160,1.008730,7.105960,273.162870,-334.869080,4280061.000000,,3.336360,
4.406000,1.051030,1.071530,5.496090,273.194060,-334.868350,4280086.500000,,3.459410,
4.408000,0.826720,0.680600,4.255370,273.227050,-334.869080,4280112.000000,1.000000,3.586300,-399.493710
4.410000,0.361450,0.434510,6.080570,273.260190,-334.870510,4280137.500000,,3.892640,
4.412000,0.372990,0.569090,7.485350,273.291840,-334.870510,4280162.500000,,3.756770,
4.414000,0.730590,0.560120,7.311040,273.323640,-334.869420,4280187.500000,,3.473510,
4.416000,0.847230,0.561400,5.670410,273.355530,-334.869810,4280213.000000,1.000000,3.752930,-399.492430
4.418000,0.579350,0.201230,4.593750,273.388280,-334.869840,4280238.500000,,3.642700,
4.420000,0.235840,0.388370,6.511230,273.419460,-334.870240,4280263.500000,,3.896480,
4.422000,0.531920,0.619080,7.762210,273.449800,-334.869660,4280289.000000,,3.583740,
4.424000,0.924130,0.897220,6.870120,273.480070,-334.868710,4280314.500000,1.000000,3.476070,-399.492890
4.426000,1.012570,0.808780,5.014160,273.511410,-334.868840,4280339.500000,,3.591430,
4.428000,0.631900,0.538330,5.793460,273.543910,-334.869480,4280364.500000,,3.667050,
4.430000,0.339660,0.679320,7.198240,273.575290,-334.870820,4280390.000000,,4.022090,
4.432000,0.699830,0.942080,7.403320,273.605830,-334.869540,4280415.500000,1.000000,3.426090,-399.493800
4.434000,0.994630,1.077940,5.875490,273.636840,-334.868350,4280441.000000,,3.396610,
4.436000,0.912600,0.766480,4.398930,273.669460,-334.868960,4280466.000000,,3.572200,
4.438000,0.442200,0.380680,5.865230,273.703000,-334.870210,4280491.000000,,3.774720,
4.440000,0.293520,0.497310,7.516110,273.735020,-334.870820,4280516.500000,1.000000,3.859310,-399.493290
4.442000,0.672910,0.494750,7.823730,273.766750,-334.869600,4280542.000000,,3.415830,
4.444000,0.865170,0.547300,5.752440,273.798550,-334.869750,4280567.000000,,3.714480,
4.446000,0.651120,0.251220,4.419430,273.831050,-334.869900,4280592.500000,,3.606810,
4.448000,0.257630,0.333250,6.459960,273.862490,-334.870240,4280618.000000,1.000000,3.824710,-399.492920
4.450000,0.433230,0.620360,7.792970,273.892700,-334.869960,4280643.000000,,3.679870,
4.452000,0.880550,0.875430,7.372560,273.922880,-334.868960,4280668.000000,,3.396610,
4.454000,1.054870,0.876710,5.588380,273.953890,-334.868900,4280693.500000,,3.597840,
4.456000,0.754940,0.539610,5.116700,273.986360,-334.869260,4280719.000000,1.000000,3.570920,-399.494230
4.458000,0.355040,0.592160,6.880370,274.018070,-334.870790,4280744.500000,,4.001590,
4.460000,0.580630,0.867740,6.962400,274.048610,-334.870090,4280769.500000,,3.569640,
4.462000,0.967710,1.067690,6.377930,274.079350,-334.868500,4280794.500000,,3.324830,
4.464000,0.967710,0.916440,4.542480,274.111510,-334.868840,4280820.000000,1.000000,3.568360,-399.493710
4.466000,0.556270,0.408870,5.731930,274.145110,-334.869900,4280845.500000,,3.661930,
4.468000,0.278140,0.475520,7.259770,274.177490,-334.871030,4280871.000000,,3.969540,
4.470000,0.589600,0.506290,7.639160,274.209170,-334.869870,4280896.000000,,3.456850,
4.472000,0.840820,0.592160,6.101070,274.240840,-334.869690,4280921.500000,1.000000,3.651670,-399.492520
4.474000,0.737000,0.390930,4.204100,274.273100,-334.869900,4280946.500000,,3.638850,
4.476000,0.349910,0.337100,5.813960,274.304930,-334.870180,4280972.000000,,3.704220,
4.478000,0.317870,0.665220,7.680180,274.335240,-334.870240,4280997.000000,,3.797790,
4.480000,0.786990,0.879270,7.721190,274.365330,-334.869140,4281022.500000,1.000000,3.374820,-399.492740
4.482000,1.047180,1.039490,6.019040,274.395940,-334.868990,4281048.000000,,3.578610,
4.484000,0.869020,0.670350,4.727050,274.428220,-334.869200,4281073.500000,,3.526060,
4.486000,0.422970,0.622920,6.357420,274.460390,-334.870610,4281098.000000,,3.879820,
4.488000,0.472960,0.829280,7.085450,274.491360,-334.870610,4281123.500000,1.000000,3.695250,-399.494080
4.488000,0.472960,0.829280,7.085450,274.491360,-334.870610,4281123.500000,1.000000,3.695250,-399.494080
4.490000,0.876710,1.022830,6.870120,274.522190,-334.868840,4281149.000000,,3.273560,
4.492000,0.990780,0.961300,5.137210,274.554110,-334.868840,4281174.500000,,3.533750,
4.494000,0.658810,0.444760,5.332030,274.587890,-334.869690,4281199.500000,,3.573490,
4.496000,0.274290,0.344790,6.839360,274.620790,-334.871090,4281225.000000,1.000000,3.954160,-399.493620
4.498000,0.471680,0.442200,7.536620,274.652530,-334.870360,4281250.000000,,3.568360,
4.500000,0.813900,0.508850,6.839360,274.684140,-334.869690,4281275.500000,,3.561950,
4.502000,0.802370,0.444760,4.706540,274.716060,-334.870060,4281300.500000,,3.709350,
4.504000,0.440920,0.239690,5.598630,274.748110,-334.870090,4281326.000000,1.000000,3.659360,-399.492980
4.506000,0.260190,0.593440,7.557130,274.778410,-334.870390,4281351.500000,,3.858030,
4.508000,0.693420,0.817750,7.772460,274.808410,-334.869380,4281377.000000,,3.463260,
4.510000,1.021550,1.077940,6.275390,274.838560,-334.868870,4281402.000000,,3.528630,
4.512000,0.945920,0.816470,4.655270,274.870390,-334.869050,4281427.000000,1.000000,3.558110,-399.493930
4.514000,0.497310,0.637020,6.152340,274.902590,-334.870090,4281452.500000,,3.778560,
4.516000,0.398620,0.840820,7.177730,274.933720,-334.870790,4281478.000000,,3.856750,
4.518000,0.842100,1.026670,7.095700,274.964540,-334.869110,4281503.000000,,3.303040,
4.520000,1.038210,1.013850,5.547360,274.996190,-334.868590,4281528.500000,1.000000,3.482480,-399.493560
4.522000,0.780580,0.562680,4.542480,275.029660,-334.869320,4281553.500000,,3.569640,
4.524000,0.335820,0.339660,6.131840,275.062990,-334.870790,4281579.000000,,3.908020,
4.526000,0.392210,0.461430,7.352050,275.094730,-334.870570,4281604.500000,,3.701660,
4.528000,0.749820,0.484500,7.198240,275.126460,-334.869540,4281629.500000,1.000000,3.487610,-399.492430
4.530000,0.829280,0.501160,5.229490,275.158260,-334.869960,4281655.000000,,3.742680,
4.532000,0.543460,0.215330,5.003910,275.190640,-334.869960,4281680.500000,,3.647830,
4.534000,0.246090,0.483220,6.808590,275.221370,-334.870360,4281705.500000,,3.875980,
4.536000,0.567810,0.707520,7.762210,275.251500,-334.869630,4281730.500000,1.000000,3.549130,-399.492740
4.538000,0.945920,0.966430,6.511230,275.281680,-334.868840,4281756.000000,,3.491460,
4.540000,0.995910,0.820310,4.429690,275.313140,-334.868960,4281781.500000,,3.586300,
4.542000,0.601140,0.562680,5.916500,275.345580,-334.869630,4281807.000000,,3.681150,
4.544000,0.344790,0.711360,7.311040,275.376860,-334.870880,4281832.000000,1.000000,3.981080,-399.494200
4.546000,0.739560,0.975400,7.485350,275.407440,-334.869480,4281857.000000,,3.388920,
4.548000,1.013850,1.065120,5.926760,275.438570,-334.868440,4281882.500000,,3.418400,
4.550000,0.877990,0.706240,4.419430,275.471440,-334.869080,4281908.000000,,3.576050,
4.552000,0.417850,0.361450,5.690920,275.504910,-334.870360,4281933.000000,1.000000,3.809330,-399.493800
4.554000,0.307620,0.467830,7.352050,275.536900,-334.870790,4281958.500000,,3.819580,
4.556000,0.687010,0.457580,7.762210,275.568660,-334.869540,4281984.000000,,3.415830,
4.558000,0.847230,0.547300,5.783200,275.600250,-334.869810,4282009.000000,,3.729860,
4.560000,0.630620,0.278140,4.778320,275.632540,-334.869960,4282034.500000,1.000000,3.604250,-399.492770
4.562000,0.247380,0.424260,6.449710,275.663670,-334.870240,4282059.500000,,3.846500,
4.564000,0.469120,0.669070,7.731450,275.693880,-334.869900,4282085.000000,,3.633730,
4.566000,0.908750,0.927980,7.064940,275.724090,-334.868990,4282110.500000,,3.423520,
4.568000,1.049740,0.885680,5.188480,275.755310,-334.868990,4282135.500000,1.000000,3.597840,-399.493560
4.570000,0.715210,0.578060,5.352540,275.787810,-334.869420,4282160.500000,,3.586300,
4.572000,0.344790,0.654970,7.054690,275.819490,-334.870880,4282186.000000,,4.002870,
4.574000,0.626770,0.929260,7.321290,275.850040,-334.870030,4282211.500000,,3.518370,
4.576000,0.988220,1.120240,6.172850,275.880890,-334.868590,4282236.500000,1.000000,3.350460,-399.493530
4.578000,0.948490,0.883120,4.480960,275.913270,-334.869050,4282262.000000,,3.578610,
4.580000,0.521670,0.416560,5.639650,275.946840,-334.870090,4282287.500000,,3.682430,
4.582000,0.285830,0.511410,7.311040,275.979060,-334.871030,4282312.500000,,3.924680,
4.584000,0.630620,0.517820,7.608400,276.010710,-334.869810,4282337.500000,1.000000,3.420960,-399.492680
4.586000,0.843380,0.580630,6.029300,276.042390,-334.869750,4282363.000000,,3.664490,
4.588000,0.703670,0.340940,4.214360,276.074710,-334.869960,4282388.500000,,3.613220,
4.590000,0.323000,0.311460,5.844730,276.106480,-334.870270,4282414.000000,,3.726010,
4.592000,0.357600,0.592160,7.628910,276.136930,-334.870240,4282439.500000,1.000000,3.745240,-399.492740
4.594000,0.824160,0.784420,7.382810,276.167240,-334.869170,4282464.500000,,3.363280,
4.596000,1.040770,0.881840,5.967770,276.198240,-334.869050,4282489.500000,,3.587590,
4.598000,0.828000,0.508850,4.932130,276.230710,-334.869320,4282515.000000,,3.528630,
4.600000,0.394780,0.530640,6.583010,276.262790,-334.870790,4282540.500000,1.000000,3.919560,-399.494350
4.602000,0.511410,0.770320,7.167480,276.293550,-334.870610,4282565.500000,,3.656800,
4.604000,0.908750,0.980530,6.716310,276.324190,-334.868870,4282591.000000,,3.288940,
4.606000,0.979250,0.913880,4.768070,276.356020,-334.868960,4282616.000000,,3.565800,
4.608000,0.616520,0.446040,5.393550,276.389430,-334.869810,4282641.500000,1.000000,3.595280,-399.493930
4.610000,0.261470,0.461430,7.136720,276.421600,-334.871120,4282666.500000,,3.964420,
4.612000,0.503720,0.581910,7.577640,276.452970,-334.870180,4282692.000000,,3.520940,
4.614000,0.821590,0.629330,6.572750,276.484440,-334.869690,4282717.500000,,3.585020,
4.616000,0.790830,0.472960,4.439940,276.516510,-334.870000,4282743.000000,1.000000,3.685000,-399.492740
4.618000,0.414000,0.267880,5.608890,276.548650,-334.870090,4282768.000000,,3.658080,
4.618000,0.414000,0.267880,5.608890,276.548650,-334.870090,4282768.000000,,3.658080,
4.620000,0.269170,0.554990,7.495610,276.579320,-334.870360,4282793.000000,,3.838810,
4.622000,0.729310,0.719060,7.792970,276.609710,-334.869320,4282818.500000,,3.432500,
4.624000,1.025390,0.925420,6.429200,276.640350,-334.868990,4282844.000000,1.000000,3.552980,-399.493230
4.626000,0.915160,0.613950,4.706540,276.672640,-334.869170,4282869.000000,,3.550420,
4.628000,0.462710,0.484500,6.377930,276.704990,-334.870330,4282894.500000,,3.815730,
4.630000,0.421690,0.716490,7.126460,276.736020,-334.870820,4282919.500000,,3.810610,
4.632000,0.866460,0.966430,6.931640,276.766570,-334.869080,4282945.000000,1.000000,3.288940,-399.493650
4.634000,1.024110,0.997190,5.485840,276.797910,-334.868740,4282970.000000,,3.511960,
4.636000,0.735720,0.572940,4.757810,276.831180,-334.869450,4282995.500000,,3.567080,
4.638000,0.302490,0.435790,6.531740,276.863920,-334.870910,4283021.000000,,3.922120,
4.640000,0.433230,0.571660,7.352050,276.895320,-334.870510,4283046.500000,1.000000,3.658080,-399.492890
4.642000,0.780580,0.611390,7.075200,276.926850,-334.869570,4283071.500000,,3.504270,
4.644000,0.825440,0.572940,4.798830,276.958710,-334.869960,4283096.500000,,3.736270,
4.646000,0.506290,0.257630,4.932130,276.991180,-334.870000,4283122.000000,,3.656800,
4.648000,0.242250,0.535770,7.167480,277.022000,-334.870420,4283147.500000,1.000000,3.877260,-399.492860
4.650000,0.611390,0.717770,7.803220,277.052400,-334.869570,4283172.500000,,3.520940,
4.652000,0.966430,0.930540,6.593260,277.082890,-334.868870,4283198.000000,,3.529910,
4.654000,0.980530,0.688290,4.491210,277.114960,-334.869020,4283223.000000,,3.597840,
4.656000,0.565250,0.411440,5.885740,277.147670,-334.869810,4283248.500000,1.000000,3.737550,-399.494350
4.658000,0.357600,0.592160,7.311040,277.178990,-334.870820,4283274.000000,,3.955440,
4.660000,0.783140,0.894650,7.126460,277.209470,-334.869260,4283299.000000,,3.370970,
4.662000,1.016420,1.016420,5.937010,277.240510,-334.868410,4283324.500000,,3.453000,
4.664000,0.836980,0.657530,4.542480,277.273280,-334.869050,4283350.000000,1.000000,3.587590,-399.493800
4.666000,0.383240,0.379390,5.762700,277.306430,-334.870420,4283375.000000,,3.859310,
4.668000,0.344790,0.516540,7.393070,277.338070,-334.870670,4283400.000000,,3.797790,
4.670000,0.712650,0.515260,7.300780,277.369690,-334.869480,4283425.500000,,3.447880,
4.672000,0.851070,0.566530,5.690920,277.401340,-334.869750,4283451.000000,1.000000,3.742680,-399.492520
4.672000,0.851070,0.566530,5.690920,277.401340,-334.869750,4283451.000000,1.000000,3.742680,-399.492520
4.674000,0.610110,0.279420,4.860350,277.433690,-334.869900,4283476.500000,,3.627320,
4.676000,0.239690,0.476810,6.654790,277.464690,-334.870270,4283501.500000,,3.873410,
4.678000,0.498600,0.707520,7.875000,277.494900,-334.869810,4283527.000000,,3.605530,
4.680000,0.913880,0.958740,7.044430,277.525210,-334.868900,4283552.000000,1.000000,3.467100,-399.492920
4.680000,0.913880,0.958740,7.044430,277.525210,-334.868900,4283552.000000,1.000000,3.467100,-399.492920
4.682000,1.025390,0.856200,4.778320,277.556610,-334.868990,4283577.500000,,3.608090,
4.684000,0.678040,0.515260,5.588380,277.589390,-334.869510,4283602.500000,,3.631160,
4.686000,0.340940,0.562680,7.105960,277.621220,-334.870850,4283628.000000,,4.015690,
4.688000,0.670350,0.819030,7.587890,277.651950,-334.869780,4283653.500000,1.000000,3.476070,-399.493770
4.690000,0.992070,0.992070,6.306150,277.682920,-334.868470,4283678.500000,,3.378660,
4.692000,0.931820,0.743410,4.378420,277.715390,-334.868990,4283704.000000,,3.579900,
4.694000,0.480650,0.323000,5.701170,277.748870,-334.870120,4283729.000000,,3.718320,
4.696000,0.289670,0.443480,7.044430,277.780910,-334.870910,4283754.500000,1.000000,3.897770,-399.493260
4.698000,0.661380,0.440920,7.567380,277.812560,-334.869690,4283780.000000,,3.411990,
4.700000,0.854920,0.515260,6.029300,277.844240,-334.869720,4283805.000000,,3.688840,
4.702000,0.680600,0.256350,4.501460,277.876560,-334.869930,4283830.500000,,3.602970,
4.704000,0.296080,0.299930,5.967770,277.908110,-334.870270,4283855.500000,1.000000,3.776000,-399.492860
4.706000,0.414000,0.578060,7.710940,277.938420,-334.870120,4283881.000000,,3.708070,
4.708000,0.869020,0.806210,7.187990,277.968630,-334.869110,4283906.000000,,3.383790,
4.710000,1.049740,0.889530,5.352540,277.999480,-334.869050,4283931.500000,,3.606810,
4.712000,0.792110,0.560120,5.219240,278.031800,-334.869350,4283957.000000,1.000000,3.554260,-399.494080
4.714000,0.372990,0.588320,6.890630,278.063660,-334.870790,4283982.000000,,3.956730,
4.716000,0.553710,0.847230,7.352050,278.094240,-334.870330,4284007.000000,,3.614500,
4.718000,0.927980,1.065120,6.367680,278.124850,-334.868680,4284032.500000,,3.309450,
4.720000,0.968990,0.933110,4.398930,278.156890,-334.868870,4284058.000000,1.000000,3.572200,-399.493590
4.722000,0.590880,0.388370,5.352540,278.190610,-334.869810,4284083.500000,,3.624760,
4.724000,0.276860,0.412720,6.941890,278.223050,-334.871030,4284109.000000,,3.972110,
4.726000,0.552430,0.471680,7.762210,278.254790,-334.870000,4284134.000000,,3.494020,
4.728000,0.830570,0.528080,6.531740,278.286530,-334.869690,4284159.000000,1.000000,3.624760,-399.492490
4.730000,0.771610,0.356320,4.501460,278.318760,-334.869930,4284184.500000,,3.663210,
4.732000,0.387080,0.238400,5.455080,278.350740,-334.870120,4284210.000000,,3.676030,
4.734000,0.303770,0.556270,7.300780,278.381200,-334.870300,4284235.000000,,3.815730,
4.736000,0.763920,0.744690,7.721190,278.411470,-334.869230,4284260.500000,1.000000,3.406860,-399.492740
4.738000,1.033080,0.938230,6.203610,278.442080,-334.868990,4284285.500000,,3.569640,
4.740000,0.890810,0.625490,5.137210,278.474240,-334.869230,4284311.000000,,3.546570,
4.742000,0.437070,0.558840,6.398440,278.506320,-334.870450,4284336.000000,,3.841370,
4.744000,0.457580,0.808780,7.146970,278.537140,-334.870700,4284361.500000,1.000000,3.751650,-399.493930
4.746000,0.872860,1.049740,6.736820,278.567600,-334.868960,4284387.000000,,3.285100,
4.748000,1.006160,1.022830,4.932130,278.599120,-334.868800,4284412.500000,,3.524780,
4.750000,0.698550,0.528080,4.819340,278.632660,-334.869540,4284437.500000,,3.565800,
4.752000,0.285830,0.385800,6.818850,278.665560,-334.871000,4284462.500000,1.000000,3.929810,-399.493470
4.754000,0.452450,0.462710,7.567380,278.697360,-334.870480,4284488.000000,,3.613220,
4.756000,0.795960,0.463990,6.859860,278.729250,-334.869690,4284513.500000,,3.545290,
4.758000,0.816470,0.390930,4.634770,278.761380,-334.870060,4284538.500000,,3.719600,
4.760000,0.474240,0.130740,5.116700,278.793760,-334.870060,4284564.000000,1.000000,3.672180,-399.492890
4.762000,0.253780,0.451170,6.962400,278.824460,-334.870420,4284589.500000,,3.861880,
4.764000,0.651120,0.642150,7.762210,278.854800,-334.869510,4284614.500000,,3.499150,
4.766000,0.977970,0.884400,6.624020,278.885160,-334.868840,4284639.500000,,3.542720,
4.768000,0.956180,0.669070,4.604000,278.917020,-334.869020,4284665.000000,1.000000,3.591430,-399.493840
4.770000,0.526790,0.460140,6.162600,278.949340,-334.869900,4284690.500000,,3.768310,
4.772000,0.388370,0.689580,6.993160,278.980350,-334.870760,4284716.000000,,3.909300,
4.774000,0.820310,0.970280,7.075200,279.010710,-334.869110,4284741.000000,,3.349180,
4.776000,1.027950,1.040770,5.690920,279.041840,-334.868440,4284766.000000,1.000000,3.477360,-399.493590
4.778000,0.798520,0.654970,4.583500,279.074740,-334.869110,4284791.500000,,3.590150,
4.780000,0.347350,0.407590,6.347170,279.107880,-334.870510,4284817.000000,,3.882390,
4.782000,0.383240,0.534480,7.229000,279.139530,-334.870570,4284842.500000,,3.760620,
4.784000,0.734440,0.522950,7.311040,279.171300,-334.869480,4284867.500000,1.000000,3.474790,-399.492460
4.786000,0.842100,0.525510,5.291020,279.203190,-334.869810,4284893.000000,,3.750370,
4.788000,0.569090,0.196110,4.829590,279.235840,-334.869900,4284918.000000,,3.647830,
4.790000,0.228150,0.402470,6.870120,279.266940,-334.870270,4284943.500000,,3.887510,
4.792000,0.525510,0.626770,7.998050,279.297300,-334.869690,4284968.500000,1.000000,3.578610,-399.492770
4.794000,0.915160,0.890810,6.829100,279.327640,-334.868840,4284994.000000,,3.490170,
4.796000,1.003600,0.802370,4.788570,279.359040,-334.868990,4285019.500000,,3.609380,
4.798000,0.634460,0.521670,5.475590,279.391540,-334.869540,4285044.500000,,3.660640,
4.800000,0.338380,0.643430,7.208500,279.423000,-334.870790,4285069.500000,1.000000,4.000310,-399.494260
4.802000,0.695980,0.926700,7.434080,279.453520,-334.869570,4285095.000000,,3.438900,
4.804000,0.993350,1.079220,6.265140,279.484470,-334.868470,4285120.500000,,3.417110,
4.806000,0.908750,0.766480,4.552730,279.517090,-334.869020,4285146.000000,,3.583740,
4.808000,0.443480,0.394780,5.660160,279.550570,-334.870210,4285171.000000,1.000000,3.761900,-399.493870
4.810000,0.290950,0.543460,7.146970,279.582490,-334.870820,4285196.500000,,3.858030,
4.812000,0.660100,0.542180,7.311040,279.614170,-334.869630,4285221.500000,,3.419680,
4.814000,0.853640,0.575500,6.008790,279.646000,-334.869750,4285247.000000,,3.711910,
4.816000,0.651120,0.271730,4.429690,279.678590,-334.869930,4285272.500000,1.000000,3.611940,-399.492830
4.818000,0.264040,0.330690,6.552250,279.710210,-334.870240,4285297.500000,,3.817020,
4.820000,0.433230,0.580630,7.598140,279.740660,-334.869960,4285323.000000,,3.676030,
4.822000,0.872860,0.817750,7.187990,279.771030,-334.868990,4285348.000000,,3.409420,
4.824000,1.039490,0.851070,5.085940,279.802060,-334.869020,4285373.000000,1.000000,3.617070,-399.493530
4.824000,1.039490,0.851070,5.085940,279.802060,-334.869020,4285373.000000,1.000000,3.617070,-399.493530
4.826000,0.742130,0.533200,5.096190,279.834500,-334.869350,4285398.500000,,3.573490,
4.828000,0.353760,0.592160,6.911130,279.866240,-334.870760,4285424.000000,,3.978520,
4.830000,0.587040,0.857480,7.454590,279.896850,-334.870090,4285449.500000,,3.573490,
4.832000,0.962590,1.051030,6.583010,279.927640,-334.868590,4285474.500000,1.000000,3.341490,-399.493620
4.834000,0.956180,0.874150,4.614260,279.959930,-334.868930,4285500.000000,,3.581180,
4.836000,0.551150,0.357600,5.219240,279.993620,-334.869900,4285525.000000,,3.650390,
4.838000,0.273010,0.446040,6.911130,280.025880,-334.870970,4285550.500000,,3.952880,
4.840000,0.576780,0.490910,7.423830,280.057560,-334.869900,4285576.000000,1.000000,3.467100,-399.492770
4.842000,0.834410,0.539610,6.511230,280.089260,-334.869720,4285601.000000,,3.656800,
4.844000,0.734440,0.333250,4.634770,280.121550,-334.869930,4285626.500000,,3.641420,
4.846000,0.355040,0.274290,5.690920,280.153380,-334.870150,4285652.000000,,3.701660,
4.848000,0.325560,0.589600,7.516110,280.183720,-334.870180,4285677.000000,1.000000,3.782410,-399.492800
4.850000,0.785710,0.783140,7.567380,280.213930,-334.869140,4285702.000000,,3.382510,
4.852000,1.039490,0.929260,5.885740,280.244660,-334.869020,4285727.500000,,3.586300,
4.854000,0.863890,0.556270,4.932130,280.277040,-334.869260,4285753.000000,,3.535030,
4.856000,0.417850,0.483220,6.921390,280.309300,-334.870570,4285778.500000,1.000000,3.861880,-399.494380
4.858000,0.472960,0.711360,7.393070,280.340270,-334.870610,4285803.500000,,3.697810,
4.860000,0.874150,0.947200,6.849610,280.370910,-334.868900,4285828.500000,,3.288940,
4.862000,0.989500,0.925420,4.716800,280.402590,-334.868900,4285854.000000,,3.545290,
4.864000,0.658810,0.425540,5.024410,280.436190,-334.869660,4285879.500000,1.000000,3.568360,-399.493900
4.866000,0.284550,0.351200,6.952150,280.468840,-334.871060,4285904.500000,,3.945190,
4.868000,0.478090,0.463990,7.495610,280.500460,-334.870360,4285930.000000,,3.574770,
4.870000,0.812620,0.512700,7.085450,280.532100,-334.869720,4285955.500000,,3.564510,
4.872000,0.799800,0.444760,4.747560,280.564060,-334.870030,4285980.500000,1.000000,3.710630,-399.492740
4.874000,0.442200,0.247380,5.055180,280.596100,-334.870090,4286006.000000,,3.667050,
4.876000,0.260190,0.619080,6.982910,280.626460,-334.870360,4286031.000000,,3.851620,
4.878000,0.690860,0.813900,7.710940,280.656590,-334.869380,4286056.500000,,3.470950,
4.880000,1.017700,1.043330,6.388180,280.686980,-334.868960,4286082.000000,1.000000,3.552980,-399.493160
4.882000,0.944640,0.757510,4.993650,280.719020,-334.869140,4286107.000000,,3.581180,
4.884000,0.501160,0.548580,6.193360,280.751460,-334.870090,4286132.000000,,3.774720,
4.886000,0.399900,0.735720,7.034180,280.782810,-334.870700,4286157.500000,,3.838810,
4.888000,0.830570,0.965150,6.870120,280.813570,-334.869110,4286183.000000,1.000000,3.324830,-399.493650
4.890000,1.027950,0.993350,5.065430,280.845060,-334.868680,4286208.000000,,3.501710,
4.892000,0.775450,0.560120,4.788570,280.878480,-334.869320,4286233.500000,,3.576050,
4.894000,0.342220,0.321720,6.408690,280.911800,-334.870730,4286259.000000,,3.893920,
4.896000,0.412720,0.462710,7.557130,280.943510,-334.870570,4286284.000000,1.000000,3.711910,-399.492920
4.898000,0.758790,0.483220,7.177730,280.975280,-334.869540,4286309.000000,,3.494020,
4.900000,0.828000,0.494750,4.952640,281.007110,-334.869930,4286334.500000,,3.747800,
4.902000,0.543460,0.221740,4.737300,281.039490,-334.869960,4286360.000000,,3.655520,
4.904000,0.244810,0.524230,6.716310,281.070130,-334.870360,4286385.500000,1.000000,3.877260,-399.492890
4.906000,0.566530,0.737000,7.833980,281.100310,-334.869630,4286411.000000,,3.554260,
4.908000,0.945920,0.960020,7.034180,281.130650,-334.868840,4286435.500000,,3.502990,
4.910000,0.993350,0.822880,4.778320,281.162230,-334.869020,4286461.000000,,3.609380,
4.912000,0.604980,0.562680,5.629390,281.194730,-334.869660,4286486.500000,1.000000,3.683720,-399.494320
4.914000,0.347350,0.697270,7.085450,281.226200,-334.870790,4286512.000000,,3.961850,
4.916000,0.731870,0.938230,7.290530,281.256930,-334.869450,4286537.000000,,3.401730,
4.918000,0.998470,1.016420,5.896000,281.288240,-334.868500,4286562.500000,,3.447880,
4.920000,0.865170,0.626770,4.850100,281.321350,-334.869110,4286587.500000,1.000000,3.583740,-399.493740
4.922000,0.412720,0.243530,5.967770,281.355100,-334.870360,4286613.000000,,3.799070,
4.924000,0.323000,0.384520,7.475100,281.387080,-334.870760,4286638.000000,,3.819580,
4.926000,0.702390,0.411440,7.157230,281.418730,-334.869600,4286663.500000,,3.429930,
4.928000,0.861330,0.515260,5.485840,281.450260,-334.869810,4286689.000000,1.000000,3.733700,-399.492580
4.930000,0.631900,0.248660,4.429690,281.482510,-334.869960,4286714.500000,,3.610660,
4.932000,0.253780,0.408870,6.490720,281.513490,-334.870270,4286739.500000,,3.847780,
4.934000,0.469120,0.658810,7.905760,281.543670,-334.869900,4286764.500000,,3.637570,
4.936000,0.904910,0.907470,7.136720,281.573910,-334.868990,4286790.000000,1.000000,3.433780,-399.492890
4.938000,1.045900,0.899780,5.044920,281.604950,-334.868990,4286815.500000,,3.608090,
4.940000,0.719060,0.613950,5.157710,281.637390,-334.869420,4286840.500000,,3.592710,
4.942000,0.355040,0.671630,6.665040,281.669100,-334.870820,4286866.000000,,3.993900,
4.944000,0.631900,0.922850,7.321290,281.699800,-334.870000,4286891.000000,1.000000,3.524780,-399.493740
4.946000,0.988220,1.104860,6.490720,281.730710,-334.868650,4286916.500000,,3.376100,
4.948000,0.940800,0.874150,4.573240,281.763150,-334.869080,4286942.000000,,3.595280,
4.950000,0.513980,0.384520,5.598630,281.796910,-334.870060,4286967.000000,,3.681150,
4.952000,0.281980,0.479370,7.013670,281.829160,-334.870910,4286992.500000,1.000000,3.915710,-399.493230
4.954000,0.628050,0.507570,7.341800,281.860840,-334.869780,4287018.000000,,3.436340,
4.956000,0.848510,0.578060,6.008790,281.892490,-334.869750,4287043.000000,,3.681150,
4.958000,0.708800,0.344790,4.542480,281.924840,-334.869900,4287068.000000,,3.618350,
4.960000,0.331970,0.321720,6.008790,281.956600,-334.870210,4287093.500000,1.000000,3.731140,-399.492890
4.962000,0.362730,0.624210,7.710940,281.986970,-334.870180,4287119.000000,,3.747800,
4.964000,0.821590,0.816470,7.423830,282.017330,-334.869140,4287144.000000,,3.381230,
4.966000,1.036930,0.920290,5.690920,282.048280,-334.869080,4287169.500000,,3.604250,
4.968000,0.817750,0.552430,4.942380,282.080720,-334.869320,4287194.500000,1.000000,3.547850,-399.494080
4.970000,0.393490,0.546020,6.890630,282.112850,-334.870730,4287220.000000,,3.911870,
4.972000,0.512700,0.769040,7.495610,282.143740,-334.870510,4287245.500000,,3.650390,
4.974000,0.910030,0.992070,6.818850,282.174440,-334.868840,4287270.500000,,3.304320,
4.976000,0.976680,0.944640,4.696290,282.206240,-334.868990,4287296.000000,1.000000,3.579900,-399.493710
4.978000,0.619080,0.479370,4.962890,282.239620,-334.869750,4287321.500000,,3.595280,
4.980000,0.264040,0.510130,6.931640,282.271820,-334.871030,4287346.500000,,3.959290,
4.982000,0.505000,0.606260,7.454590,282.303280,-334.870180,4287371.500000,,3.537600,
4.984000,0.816470,0.625490,6.788090,282.334960,-334.869750,4287397.000000,1.000000,3.608090,-399.492520
4.986000,0.785710,0.460140,4.809080,282.367130,-334.869960,4287422.500000,,3.697810,
4.988000,0.416560,0.262760,5.537110,282.399320,-334.870060,4287448.000000,,3.672180,
4.990000,0.270450,0.608830,6.880370,282.429840,-334.870270,4287473.000000,,3.831120,
4.992000,0.721620,0.778020,7.659670,282.460240,-334.869260,4287498.000000,1.000000,3.444030,-399.492800
4.994000,1.012570,0.956180,6.111330,282.491000,-334.868990,4287523.500000,,3.563230,
4.996000,0.903630,0.619080,4.850100,282.523440,-334.869200,4287549.000000,,3.567080,
4.998000,0.460140,0.472960,6.552250,282.555940,-334.870300,4287574.000000,,3.814450,
5.000000,0.429380,0.680600,7.311040,282.587130,-334.870790,4287599.500000,1.000000,3.806760,-399.494020
5.000000,0.429380,0.680600,7.311040,282.587130,-334.870790,4287599.500000,1.000000,3.806760,-399.494020
5.002000,0.871580,0.911320,6.952150,282.617800,-334.869080,4287625.000000,,3.308170,
5.004000,1.025390,0.965150,4.891110,282.649140,-334.868740,4287650.000000,,3.527340,
5.006000,0.730590,0.566530,4.480960,282.682250,-334.869420,4287675.500000,,3.577330,
5.008000,0.298650,0.435790,6.326660,282.714900,-334.870850,4287700.500000,1.000000,3.919560,-399.493560
5.010000,0.425540,0.578060,7.526370,282.746310,-334.870510,4287726.000000,,3.664490,
5.012000,0.778020,0.601140,7.126460,282.777830,-334.869600,4287751.500000,,3.528630,
5.014000,0.830570,0.563960,4.993650,282.809660,-334.869960,4287777.000000,,3.743960,
5.016000,0.516540,0.257630,4.788570,282.842070,-334.869960,4287802.000000,1.000000,3.672180,-399.492890
5.018000,0.240970,0.543460,6.716310,282.872860,-334.870330,4287827.000000,,3.867000,
5.020000,0.599850,0.710080,7.393070,282.903290,-334.869540,4287852.500000,,3.536320,
5.022000,0.947200,0.919010,6.736820,282.933900,-334.868930,4287877.500000,,3.547850,
5.024000,0.967710,0.697270,5.014160,282.965940,-334.869080,4287903.000000,1.000000,3.614500,-399.493740
5.026000,0.561400,0.425540,6.039550,282.998660,-334.869780,4287928.500000,,3.738830,
5.028000,0.355040,0.607540,7.259770,283.030060,-334.870760,4287953.500000,,3.942630,
5.030000,0.776730,0.907470,7.280270,283.060610,-334.869290,4287978.500000,,3.392760,
5.032000,1.010010,1.031800,5.639650,283.091610,-334.868440,4288004.000000,1.000000,3.476070,-399.493620
5.034000,0.834410,0.692140,4.419430,283.124330,-334.869080,4288029.500000,,3.602970,
5.036000,0.388370,0.410160,6.142090,283.157470,-334.870360,4288055.000000,,3.851620,
5.038000,0.346070,0.576780,7.577640,283.188960,-334.870570,4288080.500000,,3.792660,
5.040000,0.713930,0.592160,7.341800,283.220490,-334.869450,4288105.500000,1.000000,3.461980,-399.492610
5.042000,0.845950,0.654970,5.229490,283.252110,-334.869720,4288130.500000,,3.749080,
5.044000,0.611390,0.339660,4.757810,283.284550,-334.869870,4288156.000000,,3.627320,
5.046000,0.246090,0.506290,6.265140,283.315700,-334.870180,4288181.500000,,3.869570,
5.048000,0.508850,0.712650,7.936520,283.346130,-334.869750,4288206.500000,1.000000,3.614500,-399.492770
5.050000,0.921570,0.934390,7.167480,283.376650,-334.868930,4288232.000000,,3.482480,
5.052000,1.021550,0.819030,5.106450,283.408260,-334.869020,4288257.000000,,3.629880,
5.054000,0.665220,0.480650,5.383300,283.441130,-334.869510,4288282.500000,,3.636290,
5.056000,0.330690,0.567810,6.562500,283.472870,-334.870790,4288307.500000,1.000000,4.004150,-399.494140
5.058000,0.666500,0.858760,7.598140,283.503450,-334.869750,4288333.000000,,3.486330,
5.060000,0.995910,1.056150,6.101070,283.534240,-334.868530,4288358.500000,,3.397890,
5.062000,0.942080,0.813900,4.614260,283.566590,-334.869020,4288384.000000,,3.593990,
5.064000,0.487060,0.411440,5.680660,283.599980,-334.870090,4288409.000000,1.000000,3.715760,-399.493770
5.066000,0.285830,0.554990,6.982910,283.631870,-334.870820,4288434.000000,,3.888790,
5.068000,0.654970,0.558840,7.187990,283.663480,-334.869690,4288459.500000,,3.426090,
5.070000,0.851070,0.604980,5.383300,283.695220,-334.869750,4288485.000000,,3.700380,
5.072000,0.685730,0.319150,4.409180,283.727690,-334.869900,4288510.500000,1.000000,3.608090,-399.492680
5.074000,0.305050,0.360170,6.203610,283.759340,-334.870240,4288535.500000,,3.770870,
5.076000,0.410160,0.612670,7.885250,283.789860,-334.870060,4288560.500000,,3.705510,
5.078000,0.858760,0.819030,7.403320,283.820250,-334.869110,4288586.000000,,3.399170,
5.080000,1.033080,0.895940,5.434570,283.851230,-334.869110,4288611.500000,1.000000,3.626040,-399.493350
5.082000,0.783140,0.551150,4.921880,283.883640,-334.869380,4288636.500000,,3.565800,
5.084000,0.374270,0.569090,6.541990,283.915560,-334.870730,4288662.000000,,3.943910,
5.086000,0.554990,0.813900,7.393070,283.946230,-334.870300,4288687.500000,,3.618350,
5.088000,0.924130,1.042050,6.798340,283.976810,-334.868710,4288712.500000,1.000000,3.328670,-399.493500
5.090000,0.961300,0.949770,4.880860,284.008670,-334.868870,4288737.500000,,3.588870,
5.092000,0.585750,0.437070,5.065430,284.042210,-334.869750,4288763.000000,,3.623470,
5.094000,0.274290,0.480650,6.757320,284.074490,-334.870970,4288788.500000,,3.968260,
5.096000,0.557560,0.539610,7.280270,284.106170,-334.869960,4288814.000000,1.000000,3.505550,-399.492800
5.098000,0.833130,0.572940,6.316410,284.137970,-334.869690,4288839.000000,,3.632450,
5.100000,0.771610,0.376830,4.829590,284.170290,-334.869900,4288864.500000,,3.673460,
5.102000,0.387080,0.253780,5.793460,284.202360,-334.870090,4288889.500000,,3.681150,
5.104000,0.299930,0.597290,7.475100,284.232760,-334.870240,4288915.000000,1.000000,3.817020,-399.492800
5.106000,0.763920,0.799800,7.639160,284.262970,-334.869230,4288940.000000,,3.426090,
5.108000,1.033080,1.002320,5.947270,284.293520,-334.869020,4288965.500000,,3.591430,
5.110000,0.889530,0.690860,4.624510,284.325620,-334.869230,4288991.000000,,3.564510,
5.112000,0.442200,0.625490,6.377930,284.357670,-334.870360,4289016.000000,1.000000,3.837520,-399.494260
5.114000,0.461430,0.852360,7.372560,284.388550,-334.870610,4289041.000000,,3.749080,
5.116000,0.874150,1.079220,6.941890,284.419100,-334.868900,4289066.500000,,3.301760,
5.118000,1.007450,1.048460,4.932130,284.450680,-334.868770,4289092.000000,,3.540160,
5.120000,0.698550,0.534480,4.491210,284.484310,-334.869510,4289117.500000,1.000000,3.572200,-399.493710
5.122000,0.288390,0.376830,6.377930,284.517330,-334.870910,4289142.500000,,3.928530,
5.124000,0.453740,0.470400,7.331540,284.549160,-334.870420,4289168.000000,,3.615780,
5.126000,0.789550,0.480650,6.911130,284.581020,-334.869660,4289193.000000,,3.559390,
5.128000,0.812620,0.407590,4.993650,284.613190,-334.870000,4289218.500000,1.000000,3.727290,-399.492550
5.130000,0.475520,0.160220,5.167970,284.645540,-334.870000,4289244.000000,,3.679870,
5.132000,0.256350,0.511410,6.900880,284.676060,-334.870330,4289269.000000,,3.855470,
5.134000,0.649840,0.708800,7.546880,284.706300,-334.869480,4289294.500000,,3.517090,
5.136000,0.975400,0.939510,6.357420,284.736630,-334.868870,4289319.500000,1.000000,3.556820,-399.493100
5.138000,0.949770,0.729310,4.798830,284.768400,-334.869020,4289345.000000,,3.601680,
5.140000,0.517820,0.563960,6.224120,284.800510,-334.869840,4289370.000000,,3.768310,
5.142000,0.371700,0.790830,7.393070,284.831420,-334.870670,4289395.500000,,3.900330,
5.144000,0.815190,1.072810,7.280270,284.861790,-334.869080,4289421.000000,1.000000,3.351750,-399.493710
5.146000,1.022830,1.124080,5.424320,284.892910,-334.868440,4289446.500000,,3.483760,
5.148000,0.804930,0.701110,4.398930,284.925960,-334.869110,4289471.500000,,3.588870,
5.150000,0.352480,0.402470,6.070310,284.959380,-334.870480,4289496.500000,,3.872130,
5.152000,0.367860,0.480650,7.372560,284.991360,-334.870540,4289522.000000,1.000000,3.755490,-399.493010
5.154000,0.716490,0.453740,7.464840,285.023320,-334.869510,4289547.000000,,3.490170,
5.156000,0.826720,0.472960,5.414060,285.055300,-334.869810,4289572.500000,,3.754210,
5.158000,0.569090,0.160220,4.655270,285.087890,-334.869900,4289598.000000,,3.645260,
5.160000,0.238400,0.399900,6.665040,285.118870,-334.870240,4289623.000000,1.000000,3.883670,-399.492950
5.162000,0.534480,0.622920,7.710940,285.149140,-334.869690,4289648.500000,,3.583740,
5.164000,0.922850,0.889530,6.880370,285.179410,-334.868840,4289673.500000,,3.500430,
5.166000,1.004880,0.801090,5.126950,285.210720,-334.868990,4289699.000000,,3.609380,
5.168000,0.630620,0.539610,5.598630,285.243100,-334.869540,4289724.500000,1.000000,3.660640,-399.494420
5.170000,0.325560,0.680600,7.013670,285.274410,-334.870790,4289750.000000,,3.996460,
5.172000,0.693420,0.958740,7.464840,285.304840,-334.869570,4289775.000000,,3.436340,
5.174000,0.998470,1.101010,5.947270,285.335780,-334.868440,4289800.000000,,3.405580,
5.176000,0.916440,0.769040,4.255370,285.368410,-334.869050,4289825.500000,1.000000,3.582460,-399.493870
5.178000,0.446040,0.385800,5.896000,285.401920,-334.870210,4289851.000000,,3.751650,
5.180000,0.289670,0.517820,7.423830,285.433930,-334.870820,4289876.000000,,3.861880,
5.182000,0.665220,0.498600,7.495610,285.465730,-334.869660,4289901.500000,,3.419680,
5.184000,0.854920,0.533200,5.516600,285.497560,-334.869810,4289927.000000,1.000000,3.719600,-399.492580
5.186000,0.648560,0.206360,4.275880,285.530210,-334.869930,4289952.000000,,3.606810,
5.188000,0.264040,0.284550,6.183110,285.561740,-334.870240,4289977.000000,,3.814450,
5.190000,0.431950,0.585750,7.946780,285.591950,-334.869960,4290002.500000,,3.673460,
5.192000,0.881840,0.851070,7.372560,285.622100,-334.869050,4290028.000000,1.000000,3.413270,-399.492890
5.192000,0.881840,0.851070,7.372560,285.622100,-334.869050,4290028.000000,1.000000,3.413270,-399.492890
5.194000,1.049740,0.906190,5.414060,285.652980,-334.869020,4290053.500000,,3.613220,
5.196000,0.756230,0.574220,5.065430,285.685300,-334.869350,4290078.500000,,3.570920,
5.198000,0.355040,0.624210,6.552250,285.717040,-334.870790,4290103.500000,,3.979800,
5.200000,0.578060,0.860050,7.290530,285.747710,-334.870150,4290129.000000,1.000000,3.573490,-399.493900
5.202000,0.965150,1.051030,6.541990,285.778530,-334.868620,4290154.500000,,3.344060,
5.204000,0.967710,0.880550,4.901370,285.810760,-334.868960,4290180.000000,,3.586300,
5.206000,0.557560,0.396060,5.516600,285.844330,-334.869870,4290205.000000,,3.643980,
5.208000,0.271730,0.479370,7.259770,285.876530,-334.870940,4290230.500000,1.000000,3.949040,-399.493440
5.210000,0.575500,0.540890,7.393070,285.908110,-334.869900,4290255.500000,,3.476070,
5.212000,0.835690,0.596010,6.142090,285.939730,-334.869750,4290280.500000,,3.658080,
5.214000,0.740840,0.389650,4.480960,285.971950,-334.869930,4290306.000000,,3.646550,
5.216000,0.357600,0.303770,5.937010,286.003810,-334.870120,4290331.500000,1.000000,3.695250,-399.492890
5.218000,0.323000,0.628050,7.700680,286.034210,-334.870180,4290357.000000,,3.779850,
5.220000,0.780580,0.788270,7.751950,286.064540,-334.869170,4290382.000000,,3.382510,
5.222000,1.035640,0.919010,5.865230,286.095400,-334.869110,4290407.000000,,3.593990,
5.224000,0.860050,0.543460,4.655270,286.127870,-334.869290,4290432.500000,1.000000,3.531190,-399.494080
5.226000,0.419130,0.472960,6.347170,286.160190,-334.870610,4290458.000000,,3.860600,
5.228000,0.483220,0.703670,7.341800,286.191160,-334.870640,4290483.500000,,3.697810,
5.230000,0.881840,0.927980,6.890630,286.221800,-334.868930,4290508.500000,,3.285100,
5.232000,0.981810,0.916440,5.126950,286.253450,-334.868960,4290534.000000,1.000000,3.552980,-399.493710
5.234000,0.652400,0.417850,5.024410,286.286990,-334.869690,4290559.000000,,3.569640,
5.236000,0.274290,0.340940,6.562500,286.319610,-334.871090,4290584.500000,,3.945190,
5.238000,0.480650,0.449890,7.434080,286.351100,-334.870390,4290609.500000,,3.576050,
5.240000,0.824160,0.519100,6.511230,286.382630,-334.869720,4290635.000000,1.000000,3.572200,-399.492550
5.242000,0.808780,0.451170,4.860350,286.414460,-334.870060,4290660.500000,,3.710630,
5.244000,0.442200,0.255070,5.475590,286.446410,-334.870090,4290685.500000,,3.677310,
5.246000,0.253780,0.610110,7.146970,286.476720,-334.870360,4290710.500000,,3.842650,
5.248000,0.679320,0.766480,7.516110,286.506990,-334.869420,4290736.000000,1.000000,3.473510,-399.492740
5.250000,1.007450,0.953610,6.039550,286.537510,-334.868990,4290761.500000,,3.561950,
5.252000,0.947200,0.653690,4.798830,286.569670,-334.869200,4290787.000000,,3.577330,
5.254000,0.506290,0.443480,6.070310,286.602140,-334.870090,4290812.000000,,3.774720,
5.256000,0.405030,0.657530,7.403320,286.633360,-334.870760,4290837.500000,1.000000,3.846500,-399.494080
5.258000,0.835690,0.917720,7.280270,286.663970,-334.869110,4290862.500000,,3.320980,
5.260000,1.025390,0.966430,5.311520,286.695250,-334.868680,4290888.000000,,3.501710,
5.262000,0.774170,0.546020,4.398930,286.728490,-334.869320,4290913.500000,,3.578610,
5.264000,0.335820,0.312740,6.019040,286.761690,-334.870730,4290938.500000,1.000000,3.897770,-399.493530
5.266000,0.399900,0.456300,7.403320,286.793240,-334.870570,4290964.000000,,3.713200,
5.268000,0.747250,0.492190,7.352050,286.824800,-334.869570,4290989.500000,,3.492740,
5.270000,0.820310,0.526790,5.526860,286.856410,-334.869930,4291014.000000,,3.746520,
5.272000,0.542180,0.238400,4.829590,286.888700,-334.869960,4291039.500000,1.000000,3.652950,-399.492830
5.274000,0.251220,0.507570,6.695800,286.919370,-334.870330,4291065.000000,,3.873410,
5.276000,0.567810,0.708800,7.495610,286.949580,-334.869660,4291090.500000,,3.554260,
5.278000,0.934390,0.930540,6.685550,286.979980,-334.868930,4291115.500000,,3.509400,
5.280000,0.975400,0.774170,4.901370,287.011570,-334.869110,4291141.000000,1.000000,3.611940,-399.493740
5.282000,0.590880,0.513980,5.824220,287.044130,-334.869690,4291166.000000,,3.679870,
5.284000,0.342220,0.633180,7.290530,287.075590,-334.870820,4291191.500000,,3.958010,
5.286000,0.728030,0.857480,7.393070,287.106380,-334.869540,4291216.500000,,3.411990,
5.288000,0.995910,0.948490,5.711430,287.137660,-334.868560,4291242.000000,1.000000,3.449160,-399.493620
5.290000,0.865170,0.607540,4.122070,287.170500,-334.869140,4291267.500000,,3.587590,
5.292000,0.415280,0.271730,5.690920,287.203920,-334.870330,4291293.000000,,3.788820,
5.294000,0.317870,0.447330,7.362300,287.235690,-334.870760,4291318.000000,,3.815730,
5.296000,0.697270,0.474240,7.372560,287.267210,-334.869600,4291343.000000,1.000000,3.431210,-399.492680
5.298000,0.854920,0.553710,5.547360,287.298740,-334.869810,4291368.500000,,3.732420,
5.300000,0.628050,0.257630,4.378420,287.331090,-334.869960,4291394.000000,,3.613220,
5.302000,0.252500,0.380680,6.111330,287.362270,-334.870240,4291419.500000,,3.834960,
5.304000,0.465270,0.630620,7.598140,287.392550,-334.869870,4291444.500000,1.000000,3.643980,-399.492770
5.306000,0.907470,0.875430,6.870120,287.422850,-334.868990,4291469.500000,,3.427370,
5.308000,1.048460,0.865170,5.352540,287.453980,-334.869050,4291495.000000,,3.617070,
5.310000,0.713930,0.548580,5.465330,287.486480,-334.869450,4291520.500000,,3.591430,
5.312000,0.346070,0.596010,6.829100,287.518280,-334.870880,4291545.500000,1.000000,3.996460,-399.494230
5.314000,0.629330,0.833130,7.495610,287.548980,-334.870090,4291571.000000,,3.537600,
5.316000,1.006160,1.004880,6.213870,287.579860,-334.868620,4291596.500000,,3.360720,
5.318000,0.957460,0.793400,4.460450,287.612210,-334.869020,4291621.500000,,3.595280,
5.320000,0.525510,0.310180,5.557620,287.645810,-334.870030,4291647.000000,1.000000,3.674740,-399.493770
5.322000,0.278140,0.440920,7.444340,287.677920,-334.870970,4291672.000000,,3.933650,
5.324000,0.626770,0.478090,7.700680,287.709500,-334.869810,4291697.500000,,3.436340,
5.326000,0.856200,0.524230,5.998540,287.741210,-334.869750,4291723.000000,,3.676030,
5.328000,0.715210,0.273010,4.439940,287.773620,-334.869930,4291748.000000,1.000000,3.624760,-399.492650
5.330000,0.337100,0.235840,5.978030,287.805450,-334.870210,4291773.000000,,3.726010,
5.332000,0.358890,0.558840,7.639160,287.835780,-334.870150,4291798.500000,,3.745240,
5.334000,0.829280,0.752380,7.680180,287.866090,-334.869230,4291824.000000,,3.391480,
5.336000,1.049740,0.877990,5.926760,287.896910,-334.869140,4291849.000000,1.000000,3.614500,-399.493290
5.338000,0.831850,0.519100,4.788570,287.929260,-334.869380,4291874.500000,,3.546570,
5.340000,0.398620,0.502440,6.654790,287.961330,-334.870730,4291900.000000,,3.905460,
5.342000,0.502440,0.744690,7.198240,287.992130,-334.870540,4291925.000000,,3.663210,
5.344000,0.907470,0.968990,6.736820,288.022710,-334.868870,4291950.000000,1.000000,3.299190,-399.493560
5.346000,0.985660,0.927980,4.983400,288.054410,-334.868930,4291975.500000,,3.570920,
5.348000,0.634460,0.431950,5.280760,288.087830,-334.869720,4292001.000000,,3.597840,
5.350000,0.280700,0.417850,6.931640,288.120150,-334.871030,4292026.500000,,3.959290,
5.352000,0.512700,0.513980,7.413570,288.151670,-334.870180,4292052.000000,1.000000,3.540160,-399.492890
5.354000,0.828000,0.513980,6.367680,288.183440,-334.869690,4292076.500000,,3.588870,
5.356000,0.789550,0.376830,4.521970,288.215610,-334.869960,4292102.000000,,3.697810,
5.358000,0.421690,0.192260,5.455080,288.247740,-334.870060,4292127.500000,,3.660640,
5.360000,0.278140,0.563960,7.382810,288.278140,-334.870300,4292153.000000,1.000000,3.834960,-399.492800
5.362000,0.734440,0.743410,7.618650,288.308440,-334.869320,4292178.000000,,3.455570,
5.364000,1.033080,0.944640,6.162600,288.339050,-334.869020,4292203.500000,,3.565800,
5.366000,0.915160,0.638310,4.686040,288.371250,-334.869230,4292228.500000,,3.576050,
5.368000,0.466550,0.474240,6.070310,288.403690,-334.870240,4292254.000000,1.000000,3.801640,-399.494290
5.368000,0.466550,0.474240,6.070310,288.403690,-334.870240,4292254.000000,1.000000,3.801640,-399.494290
5.370000,0.422970,0.710080,7.403320,288.434780,-334.870760,4292279.000000,,3.805480,
5.372000,0.869020,0.948490,7.075200,288.465360,-334.869080,4292304.500000,,3.308170,
5.374000,1.030520,0.983090,5.557620,288.496730,-334.868710,4292330.000000,,3.524780,
5.376000,0.745970,0.551150,4.521970,288.529970,-334.869380,4292355.500000,1.000000,3.573490,-399.493710
5.378000,0.311460,0.371700,6.275390,288.562840,-334.870820,4292380.500000,,3.911870,
5.380000,0.435790,0.501160,7.157230,288.594360,-334.870510,4292405.500000,,3.667050,
5.382000,0.780580,0.494750,7.054690,288.626070,-334.869630,4292431.000000,,3.523500,
5.384000,0.830570,0.460140,5.147460,288.657990,-334.869960,4292456.500000,1.000000,3.740110,-399.492460
5.386000,0.517820,0.155090,5.260250,288.690460,-334.870000,4292482.000000,,3.667050,
5.388000,0.247380,0.437070,7.023930,288.721250,-334.870330,4292507.000000,,3.856750,
5.390000,0.608830,0.626770,7.485350,288.751590,-334.869570,4292532.000000,,3.533750,
5.392000,0.954900,0.853640,6.562500,288.782040,-334.868870,4292557.500000,1.000000,3.527340,-399.492950
5.394000,0.971560,0.666500,4.593750,288.813840,-334.869050,4292582.500000,,3.610660,
5.396000,0.567810,0.407590,6.101070,288.846440,-334.869750,4292608.000000,,3.724730,
5.398000,0.360170,0.579350,7.352050,288.877750,-334.870790,4292633.500000,,3.938780,
5.400000,0.774170,0.866460,7.598140,288.908260,-334.869380,4292659.000000,1.000000,3.392760,-399.493680
5.402000,1.007450,0.977970,5.834470,288.939270,-334.868560,4292684.000000,,3.482480,
5.404000,0.834410,0.651120,4.101560,288.971920,-334.869140,4292709.000000,,3.602970,
5.406000,0.392210,0.337100,5.854980,289.005130,-334.870360,4292734.500000,,3.833680,
5.408000,0.355040,0.525510,7.198240,289.036620,-334.870640,4292760.000000,1.000000,3.795230,-399.493070
5.410000,0.724180,0.542180,7.218750,289.068120,-334.869480,4292785.500000,,3.450440,
5.412000,0.848510,0.592160,5.670410,289.099760,-334.869750,4292810.500000,,3.746520,
5.414000,0.611390,0.242250,4.716800,289.132320,-334.869900,4292835.500000,,3.620910,
5.416000,0.240970,0.393490,6.357420,289.163600,-334.870240,4292861.000000,1.000000,3.870850,-399.492890
5.418000,0.503720,0.612670,7.546880,289.193940,-334.869810,4292886.500000,,3.609380,
5.420000,0.922850,0.844670,6.706050,289.224400,-334.868960,4292911.500000,,3.472230,
5.422000,1.030520,0.784420,5.034670,289.255740,-334.869080,4292937.000000,,3.628600,
5.424000,0.679320,0.475520,5.578130,289.288360,-334.869540,4292962.500000,1.000000,3.628600,-399.494170
5.426000,0.340940,0.574220,6.972660,289.320040,-334.870790,4292987.500000,,3.999020,
5.428000,0.666500,0.860050,7.577640,289.350560,-334.869810,4293012.500000,,3.490170,
5.430000,0.993350,1.063840,6.111330,289.381350,-334.868560,4293038.000000,,3.391480,
5.432000,0.930540,0.829280,4.163090,289.413670,-334.869050,4293063.500000,1.000000,3.596560,-399.493650
5.434000,0.490910,0.378110,5.424320,289.447240,-334.870120,4293089.000000,,3.706790,
5.436000,0.298650,0.513980,7.352050,289.479280,-334.870910,4293114.000000,,3.905460,
5.438000,0.667790,0.513980,7.495610,289.510990,-334.869720,4293139.500000,,3.420960,
5.440000,0.860050,0.558840,5.926760,289.542760,-334.869780,4293164.500000,1.000000,3.704220,-399.492430
5.442000,0.687010,0.285830,4.347660,289.575290,-334.869930,4293190.000000,,3.614500,
5.444000,0.306340,0.289670,6.008790,289.606990,-334.870240,4293215.500000,,3.767030,
5.446000,0.412720,0.594730,7.639160,289.637360,-334.870090,4293240.500000,,3.710630,
5.448000,0.867740,0.789550,7.239260,289.667690,-334.869110,4293266.000000,1.000000,3.396610,-399.492710
5.450000,1.039490,0.862610,6.060060,289.698670,-334.869110,4293291.000000,,3.619630,
5.452000,0.783140,0.498600,5.065430,289.731140,-334.869350,4293316.500000,,3.563230,
5.454000,0.372990,0.499880,6.849610,289.763210,-334.870760,4293341.500000,,3.941350,
5.456000,0.554990,0.743410,7.300780,289.793980,-334.870360,4293367.000000,1.000000,3.622190,-399.493710
5.458000,0.926700,0.975400,6.480470,289.824580,-334.868740,4293392.500000,,3.324830,
5.460000,0.971560,0.927980,4.665530,289.856320,-334.868960,4293418.000000,,3.590150,
5.462000,0.594730,0.420410,5.229490,289.889800,-334.869810,4293443.000000,,3.626040,
5.464000,0.281980,0.446040,6.931640,289.922120,-334.871000,4293468.000000,1.000000,3.966980,-399.493380
5.466000,0.552430,0.510130,7.536620,289.953770,-334.870030,4293493.500000,,3.514530,
5.468000,0.831850,0.530640,6.213870,289.985600,-334.869720,4293519.000000,,3.635010,
5.470000,0.775450,0.374270,4.163090,290.017850,-334.869960,4293544.000000,,3.679870,
5.472000,0.397340,0.216610,5.455080,290.049990,-334.870090,4293569.500000,1.000000,3.686280,-399.492890
5.474000,0.308900,0.560120,7.229000,290.080410,-334.870240,4293594.500000,,3.813170,
5.476000,0.760070,0.730590,7.557130,290.110780,-334.869230,4293620.000000,,3.427370,
5.478000,1.024110,0.915160,6.275390,290.141420,-334.869020,4293645.000000,,3.590150,
5.480000,0.884400,0.589600,4.706540,290.173680,-334.869260,4293670.500000,1.000000,3.563230,-399.493900
5.482000,0.439640,0.475520,6.367680,290.205960,-334.870360,4293696.000000,,3.833680,
5.484000,0.455020,0.713930,6.859860,290.236910,-334.870640,4293721.500000,,3.759340,
5.486000,0.874150,0.943360,6.695800,290.267490,-334.868990,4293746.500000,,3.304320,
5.488000,1.006160,0.944640,5.116700,290.298950,-334.868800,4293771.500000,1.000000,3.541440,-399.493530
5.490000,0.702390,0.474240,4.778320,290.332370,-334.869540,4293797.000000,,3.573490,
5.492000,0.292240,0.340940,6.624020,290.365260,-334.870940,4293822.500000,,3.936220,
5.494000,0.465270,0.481930,7.187990,290.396790,-334.870450,4293847.500000,,3.627320,
5.496000,0.795960,0.496030,6.736820,290.428590,-334.869630,4293873.000000,1.000000,3.552980,-399.492430
5.498000,0.815190,0.440920,4.624510,290.460630,-334.870000,4293898.000000,,3.736270,
5.500000,0.476810,0.146120,4.932130,290.493130,-334.870030,4293923.500000,,3.682430,
5.502000,0.253780,0.466550,7.290530,290.523830,-334.870360,4293948.500000,,3.860600,
5.504000,0.649840,0.658810,7.782710,290.554170,-334.869480,4293974.000000,1.000000,3.519650,-399.492710
5.506000,0.977970,0.903630,6.706050,290.584560,-334.868900,4293999.500000,,3.564510,
5.508000,0.956180,0.721620,4.634770,290.616240,-334.869050,4294025.000000,,3.611940,
5.510000,0.525510,0.520390,6.070310,290.648500,-334.869810,4294050.000000,,3.765750,
5.512000,0.370420,0.733150,7.044430,290.679530,-334.870670,4294075.000000,1.000000,3.913150,-399.494110
5.514000,0.811340,0.983090,7.372560,290.710110,-334.869170,4294100.500000,,3.373540,
5.516000,1.026670,1.033080,5.701170,290.741300,-334.868470,4294126.000000,,3.494020,
5.518000,0.812620,0.649840,4.480960,290.774320,-334.869110,4294151.500000,,3.605530,
5.520000,0.366580,0.351200,5.957520,290.807740,-334.870450,4294176.500000,1.000000,3.878540,-399.493620
5.522000,0.380680,0.505000,7.126460,290.839480,-334.870510,4294202.000000,,3.769590,
5.524000,0.730590,0.496030,7.105960,290.871340,-334.869450,4294227.000000,,3.488890,
5.526000,0.838260,0.508850,5.444820,290.903290,-334.869780,4294252.500000,,3.764470,
5.528000,0.576780,0.166630,4.870610,290.936040,-334.869870,4294277.500000,1.000000,3.652950,-399.492860
5.530000,0.239690,0.376830,6.583010,290.967160,-334.870150,4294303.000000,,3.882390,
5.532000,0.533200,0.622920,7.772460,290.997470,-334.869630,4294328.500000,,3.596560,
5.534000,0.922850,0.874150,6.624020,291.027830,-334.868770,4294353.500000,,3.499150,
5.536000,1.001040,0.804930,4.655270,291.059110,-334.868960,4294378.500000,1.000000,3.622190,-399.493710
5.536000,1.001040,0.804930,4.655270,291.059110,-334.868960,4294378.500000,1.000000,3.622190,-399.493710
5.538000,0.625490,0.519100,5.414060,291.091580,-334.869510,4294404.000000,,3.663210,
5.540000,0.330690,0.631900,7.116210,291.123050,-334.870760,4294429.500000,,4.002870,
5.542000,0.693420,0.890810,7.710940,291.153630,-334.869600,4294455.000000,,3.453000,
5.544000,0.995910,1.040770,6.029300,291.184570,-334.868440,4294480.000000,1.000000,3.414550,-399.493650
5.546000,0.910030,0.765200,4.173340,291.217010,-334.869020,4294505.500000,,3.592710,
5.548000,0.442200,0.349910,5.424320,291.250610,-334.870180,4294530.500000,,3.752930,
5.550000,0.297360,0.470400,7.095700,291.282650,-334.870820,4294556.000000,,3.873410,
5.552000,0.678040,0.440920,7.300780,291.314510,-334.869690,4294581.000000,1.000000,3.432500,-399.492710
5.554000,0.860050,0.474240,5.844730,291.346410,-334.869780,4294606.500000,,3.729860,
5.556000,0.653690,0.183290,4.614260,291.378970,-334.869900,4294632.000000,,3.620910,
5.558000,0.265320,0.260190,6.224120,291.410460,-334.870210,4294657.000000,,3.817020,
5.560000,0.433230,0.612670,7.454590,291.440610,-334.869930,4294682.000000,1.000000,3.678590,-399.492740
5.562000,0.876710,0.858760,7.270020,291.470760,-334.868990,4294707.500000,,3.413270,
5.564000,1.044620,0.907470,5.444820,291.501650,-334.868990,4294733.000000,,3.619630,
5.566000,0.758790,0.551150,5.444820,291.534090,-334.869320,4294758.500000,,3.576050,
5.568000,0.362730,0.565250,6.962400,291.566070,-334.870760,4294783.500000,1.000000,3.977230,-399.494260
5.570000,0.580630,0.829280,7.382810,291.596740,-334.870120,4294809.000000,,3.585020,
5.572000,0.949770,1.044620,6.531740,291.627440,-334.868590,4294834.000000,,3.340210,
5.574000,0.948490,0.915160,4.347660,291.659520,-334.868930,4294859.500000,,3.593990,
5.576000,0.553710,0.408870,5.393550,291.693120,-334.869870,4294885.000000,1.000000,3.650390,-399.493770
5.578000,0.289670,0.485780,7.167480,291.725370,-334.870970,4294910.000000,,3.963130,
5.580000,0.598570,0.529360,7.598140,291.757050,-334.869900,4294935.500000,,3.479920,
5.582000,0.848510,0.554990,6.377930,291.788850,-334.869750,4294960.500000,,3.664490,
5.584000,0.742130,0.358890,4.398930,291.821170,-334.869900,4294986.000000,1.000000,3.656800,-399.492770
5.586000,0.356320,0.265320,5.567870,291.853120,-334.870120,4295011.000000,,3.701660,
5.588000,0.323000,0.624210,7.331540,291.883420,-334.870180,4295036.500000,,3.790100,
5.590000,0.786990,0.794680,7.516110,291.913730,-334.869170,4295062.000000,,3.392760,
5.592000,1.043330,0.951050,6.152340,291.944490,-334.869050,4295087.000000,1.000000,3.592710,-399.493260
5.594000,0.870300,0.590880,4.973140,291.976870,-334.869260,4295112.500000,,3.544010,
5.596000,0.424260,0.528080,6.654790,292.009120,-334.870540,4295137.500000,,3.859310,
5.598000,0.485780,0.775450,7.105960,292.040040,-334.870610,4295163.000000,,3.701660,
5.600000,0.880550,1.004880,6.603520,292.070710,-334.868900,4295188.000000,1.000000,3.291500,-399.493620
5.602000,0.981810,0.976680,4.665530,292.102390,-334.868930,4295213.500000,,3.560670,
5.604000,0.656250,0.448610,5.024410,292.136110,-334.869690,4295239.000000,,3.568360,
5.606000,0.279420,0.349910,6.757320,292.168910,-334.871060,4295264.500000,,3.946470,
5.608000,0.489620,0.470400,7.577640,292.200560,-334.870390,4295289.500000,1.000000,3.582460,-399.492860
5.610000,0.820310,0.540890,6.603520,292.232120,-334.869720,4295314.500000,,3.573490,
5.612000,0.808780,0.505000,4.614260,292.263890,-334.870060,4295340.000000,,3.720890,
5.614000,0.451170,0.280700,5.044920,292.295960,-334.870090,4295365.500000,,3.679870,
5.616000,0.262760,0.628050,7.403320,292.326320,-334.870390,4295391.000000,1.000000,3.859310,-399.492860
5.618000,0.692140,0.792110,7.516110,292.356630,-334.869380,4295416.000000,,3.473510,
5.620000,1.011290,0.988220,6.685550,292.387120,-334.868870,4295441.000000,,3.538880,
5.622000,0.944640,0.719060,4.911620,292.419220,-334.869080,4295466.500000,,3.583740,
5.624000,0.502440,0.503720,6.029300,292.451780,-334.870030,4295492.000000,1.000000,3.773440,-399.494260
5.626000,0.406310,0.724180,7.362300,292.483030,-334.870730,4295517.000000,,3.860600,
5.628000,0.842100,0.952330,6.921390,292.513760,-334.869110,4295542.500000,,3.328670,
5.630000,1.027950,1.001040,5.639650,292.545170,-334.868710,4295568.000000,,3.522220,
5.632000,0.772890,0.572940,4.675780,292.578490,-334.869320,4295593.000000,1.000000,3.585020,-399.493620
5.634000,0.339660,0.305050,6.326660,292.611790,-334.870670,4295618.000000,,3.896480,
5.636000,0.415280,0.476810,7.434080,292.643430,-334.870540,4295643.500000,,3.723450,
5.638000,0.766480,0.528080,6.890630,292.674960,-334.869540,4295669.000000,,3.502990,
5.640000,0.839540,0.578060,5.219240,292.706540,-334.869900,4295694.500000,1.000000,3.750370,-399.492490
5.642000,0.553710,0.257630,4.757810,292.738860,-334.869960,4295719.500000,,3.664490,
5.644000,0.251220,0.535770,6.665040,292.769620,-334.870300,4295744.500000,,3.887510,
5.646000,0.565250,0.733150,7.885250,292.799840,-334.869630,4295770.000000,,3.549130,
5.648000,0.934390,0.956180,6.859860,292.830230,-334.868840,4295795.500000,1.000000,3.504270,-399.492950
5.650000,0.984380,0.804930,4.460450,292.861820,-334.869020,4295821.000000,,3.606810,
5.652000,0.606260,0.493470,5.475590,292.894560,-334.869690,4295846.000000,,3.685000,
5.654000,0.357600,0.611390,7.167480,292.926120,-334.870820,4295871.500000,,3.977230,
5.656000,0.737000,0.861330,7.218750,292.956880,-334.869540,4295896.500000,1.000000,3.414550,-399.493710
5.658000,0.995910,0.979250,6.039550,292.988040,-334.868560,4295922.000000,,3.453000,
5.660000,0.860050,0.675480,4.368160,293.020750,-334.869110,4295947.000000,,3.591430,
5.662000,0.411440,0.337100,5.701170,293.054140,-334.870330,4295972.500000,,3.796510,
5.664000,0.326840,0.539610,7.013670,293.085780,-334.870790,4295998.000000,1.000000,3.836240,-399.493130
5.666000,0.710080,0.554990,6.870120,293.117340,-334.869630,4296023.000000,,3.431210,
5.668000,0.871580,0.628050,5.578130,293.148860,-334.869810,4296048.000000,,3.742680,
5.670000,0.635740,0.321720,4.716800,293.181240,-334.869960,4296073.500000,,3.617070,
5.672000,0.255070,0.452450,6.439450,293.212460,-334.870240,4296099.000000,1.000000,3.851620,-399.492920
5.674000,0.461430,0.724180,7.710940,293.242680,-334.869840,4296124.500000,,3.637570,
5.676000,0.902340,0.956180,7.116210,293.273010,-334.868960,4296149.500000,,3.426090,
5.678000,1.047180,0.936950,4.932130,293.304170,-334.869050,4296175.000000,,3.628600,
5.680000,0.720340,0.580630,5.096190,293.336850,-334.869450,4296200.000000,1.000000,3.591430,-399.494110
5.682000,0.358890,0.602420,7.023930,293.368800,-334.870820,4296225.500000,,3.995180,
5.684000,0.628050,0.829280,7.700680,293.399660,-334.870030,4296250.500000,,3.538880,
5.686000,0.985660,1.013850,6.695800,293.430600,-334.868650,4296276.000000,,3.379940,
5.688000,0.942080,0.833130,4.419430,293.462860,-334.869050,4296301.500000,1.000000,3.601680,-399.493590
5.690000,0.521670,0.371700,5.516600,293.496430,-334.870030,4296327.000000,,3.676030,
5.692000,0.293520,0.511410,6.849610,293.528440,-334.870940,4296351.500000,,3.941350,
5.694000,0.630620,0.551150,7.290530,293.560000,-334.869810,4296377.000000,,3.445310,
5.696000,0.848510,0.606260,6.183110,293.591640,-334.869750,4296402.500000,1.000000,3.685000,-399.492430
5.698000,0.710080,0.375550,4.583500,293.623960,-334.869900,4296428.000000,,3.633730,
5.700000,0.337100,0.319150,5.967770,293.655820,-334.870240,4296453.500000,,3.732420,
5.702000,0.362730,0.643430,7.311040,293.686190,-334.870120,4296478.500000,,3.750370,
5.704000,0.822880,0.820310,7.454590,293.716550,-334.869110,4296503.500000,1.000000,3.377380,-399.492740
5.706000,1.034360,0.924130,5.701170,293.747500,-334.869110,4296529.000000,,3.614500,
5.708000,0.821590,0.552430,4.829590,293.779970,-334.869320,4296554.500000,,3.542720,
5.710000,0.396060,0.512700,6.818850,293.812160,-334.870730,4296579.500000,,3.904170,
5.712000,0.511410,0.761350,7.444340,293.843020,-334.870570,4296605.000000,1.000000,3.669620,-399.493930
5.712000,0.511410,0.761350,7.444340,293.843020,-334.870570,4296605.000000,1.000000,3.669620,-399.493930
5.714000,0.906190,0.999760,6.624020,293.873540,-334.868870,4296630.500000,,3.299190,
5.716000,0.974120,0.967710,4.480960,293.905210,-334.868960,4296655.500000,,3.577330,
5.718000,0.619080,0.447330,4.952640,293.938690,-334.869720,4296680.500000,,3.590150,
5.720000,0.269170,0.429380,6.716310,293.971070,-334.871060,4296706.000000,1.000000,3.965700,-399.493530
5.722000,0.510130,0.539610,7.526370,294.002560,-334.870240,4296731.500000,,3.547850,
5.724000,0.830570,0.583190,6.644530,294.034180,-334.869720,4296757.000000,,3.593990,
5.726000,0.790830,0.458860,4.604000,294.066220,-334.870000,4296782.000000,,3.705510,
5.728000,0.421690,0.271730,5.178220,294.098390,-334.870060,4296807.000000,1.000000,3.674740,-399.492980
5.730000,0.270450,0.628050,6.870120,294.128810,-334.870300,4296832.500000,,3.836240,
5.732000,0.720340,0.792110,7.669920,294.159210,-334.869320,4296858.000000,,3.455570,
5.734000,1.016420,0.972840,6.265140,294.189910,-334.869020,4296883.000000,,3.572200,
5.736000,0.908750,0.651120,5.188480,294.222230,-334.869230,4296908.500000,1.000000,3.579900,-399.493930
5.738000,0.472960,0.503720,6.500980,294.254640,-334.870240,4296934.000000,,3.805480,
5.740000,0.430660,0.754940,7.290530,294.285640,-334.870790,4296959.000000,,3.817020,
5.742000,0.872860,1.030520,6.911130,294.316070,-334.869080,4296984.000000,,3.304320,
5.744000,1.022830,1.085630,5.147460,294.347230,-334.868710,4297009.500000,1.000000,3.527340,-399.493560
5.746000,0.731870,0.663940,4.624510,294.380370,-334.869380,4297035.000000,,3.578610,
5.748000,0.308900,0.480650,6.654790,294.413210,-334.870790,4297060.500000,,3.913150,
5.750000,0.438350,0.603700,7.546880,294.444760,-334.870510,4297085.500000,,3.677310,
5.752000,0.789550,0.583190,6.993160,294.476590,-334.869600,4297110.500000,1.000000,3.518370,-399.492370
5.754000,0.831850,0.539610,5.003910,294.508670,-334.869960,4297136.000000,,3.741390,
5.756000,0.521670,0.210210,4.809080,294.541320,-334.869960,4297161.500000,,3.667050,
5.758000,0.247380,0.494750,6.675290,294.572270,-334.870360,4297186.500000,,3.870850,
5.760000,0.604980,0.667790,7.875000,294.602810,-334.869600,4297212.000000,1.000000,3.536320,-399.492680
5.762000,0.958740,0.892090,6.767580,294.633390,-334.868930,4297237.500000,,3.533750,
5.764000,0.967710,0.713930,4.716800,294.665250,-334.869110,4297262.500000,,3.622190,
5.766000,0.567810,0.457580,6.019040,294.697810,-334.869780,4297287.500000,,3.727290,
5.768000,0.360170,0.647280,7.095700,294.729060,-334.870820,4297313.000000,1.000000,3.950320,-399.494080
5.770000,0.779300,0.967710,7.218750,294.759370,-334.869350,4297338.500000,,3.388920,
5.772000,1.008730,1.108700,5.629390,294.790160,-334.868440,4297364.000000,,3.467100,
5.774000,0.834410,0.784420,4.470700,294.822720,-334.869080,4297389.500000,,3.600400,
5.776000,0.393490,0.475520,6.039550,294.855830,-334.870360,4297414.000000,1.000000,3.829830,-399.493620
5.778000,0.348630,0.642150,7.167480,294.887450,-334.870640,4297439.500000,,3.802920,
5.780000,0.721620,0.607540,6.911130,294.919160,-334.869540,4297465.000000,,3.450440,
5.782000,0.853640,0.631900,5.403810,294.951050,-334.869780,4297490.500000,,3.749080,
5.784000,0.616520,0.248660,4.573240,294.983860,-334.869900,4297515.500000,1.000000,3.619630,-399.492830
5.786000,0.248660,0.388370,6.357420,295.015290,-334.870240,4297541.000000,,3.872130,
5.788000,0.501160,0.615230,7.792970,295.045810,-334.869810,4297566.000000,,3.618350,
5.790000,0.917720,0.865170,7.085450,295.076260,-334.868960,4297591.500000,,3.464540,
5.792000,1.025390,0.807500,5.044920,295.107670,-334.869050,4297616.500000,1.000000,3.628600,-399.493530
5.794000,0.680600,0.476810,5.208980,295.140380,-334.869510,4297642.000000,,3.627320,
5.796000,0.347350,0.580630,7.198240,295.172000,-334.870820,4297667.500000,,4.005430,
5.798000,0.667790,0.879270,7.464840,295.202420,-334.869810,4297693.000000,,3.491460,
5.800000,0.994630,1.097170,6.388180,295.233060,-334.868530,4297718.000000,1.000000,3.377380,-399.493470
5.802000,0.925420,0.845950,4.645020,295.265350,-334.869020,4297743.000000,,3.591430,
5.804000,0.484500,0.412720,5.537110,295.298800,-334.870090,4297768.500000,,3.697810,
5.806000,0.292240,0.537050,7.075200,295.330810,-334.870940,4297794.000000,,3.910580,
5.808000,0.666500,0.552430,7.075200,295.362400,-334.869780,4297819.000000,1.000000,3.427370,-399.492580
5.810000,0.865170,0.598570,6.029300,295.394070,-334.869810,4297844.500000,,3.701660,
5.812000,0.687010,0.334530,4.450200,295.426510,-334.869930,4297869.500000,,3.617070,
5.814000,0.306340,0.337100,6.408690,295.458190,-334.870270,4297895.000000,,3.765750,
5.816000,0.405030,0.631900,7.608400,295.488590,-334.870090,4297920.000000,1.000000,3.714480,-399.492650
5.818000,0.863890,0.816470,7.393070,295.518980,-334.869110,4297945.500000,,3.387630,
5.820000,1.038210,0.876710,5.588380,295.550020,-334.869080,4297971.000000,,3.617070,
5.822000,0.790830,0.519100,4.819340,295.582520,-334.869350,4297996.500000,,3.564510,
5.824000,0.380680,0.548580,6.880370,295.614440,-334.870730,4298021.500000,1.000000,3.936220,-399.494140
5.826000,0.553710,0.830570,7.700680,295.645050,-334.870360,4298046.500000,,3.620910,
5.828000,0.920290,1.068970,6.665040,295.675540,-334.868710,4298072.000000,,3.315860,
5.830000,0.961300,1.001040,4.460450,295.707340,-334.868930,4298097.500000,,3.590150,
5.832000,0.588320,0.470400,5.044920,295.740840,-334.869780,4298123.000000,1.000000,3.614500,-399.493710
5.834000,0.285830,0.493470,6.726560,295.773250,-334.871030,4298148.000000,,3.972110,
5.836000,0.561400,0.561400,7.187990,295.804900,-334.870090,4298173.000000,,3.514530,
5.838000,0.840820,0.619080,6.459960,295.836610,-334.869720,4298198.500000,,3.626040,
5.840000,0.774170,0.463990,4.747560,295.868710,-334.869960,4298224.000000,1.000000,3.681150,-399.492680
5.842000,0.394780,0.335820,5.598630,295.900760,-334.870120,4298249.000000,,3.687560,
5.844000,0.303770,0.662660,7.075200,295.931180,-334.870300,4298274.500000,,3.819580,
5.846000,0.770320,0.826720,7.290530,295.961550,-334.869260,4298300.000000,,3.422240,
5.848000,1.044620,0.988220,6.080570,295.992280,-334.869050,4298325.000000,1.000000,3.586300,-399.493160
5.850000,0.895940,0.638310,4.829590,296.024630,-334.869260,4298350.000000,,3.569640,
5.852000,0.447330,0.528080,6.603520,296.056920,-334.870360,4298375.500000,,3.827270,
5.854000,0.457580,0.756230,7.485350,296.087950,-334.870640,4298401.000000,,3.758060,
5.856000,0.885680,0.967710,7.003420,296.118620,-334.868990,4298426.000000,1.000000,3.296630,-399.493470
5.858000,1.021550,0.976680,4.819340,296.150120,-334.868800,4298451.500000,,3.541440,
5.860000,0.715210,0.488340,4.634770,296.183650,-334.869510,4298476.500000,,3.564510,
5.862000,0.299930,0.365300,6.685550,296.216490,-334.870970,4298502.000000,,3.941350,
5.864000,0.474240,0.487060,7.505860,296.248080,-334.870510,4298527.500000,1.000000,3.629880,-399.492740
5.866000,0.801090,0.521670,7.331540,296.279750,-334.869690,4298552.500000,,3.546570,
5.868000,0.819030,0.462710,4.983400,296.311710,-334.870030,4298578.000000,,3.738830,
5.870000,0.484500,0.179440,5.055180,296.344060,-334.870060,4298603.500000,,3.687560,
5.872000,0.264040,0.535770,6.726560,296.374540,-334.870390,4298628.500000,1.000000,3.872130,-399.492740
5.874000,0.660100,0.765200,7.587890,296.404630,-334.869480,4298653.500000,,3.508120,
5.876000,0.979250,1.012570,6.449710,296.434810,-334.868840,4298679.000000,,3.547850,
5.878000,0.953610,0.804930,4.983400,296.466550,-334.868990,4298704.500000,,3.605530,
5.880000,0.529360,0.560120,6.172850,296.498930,-334.869810,4298730.000000,1.000000,3.761900,-399.494230
5.882000,0.376830,0.733150,7.331540,296.530150,-334.870760,4298755.000000,,3.923400,
5.884000,0.825440,0.962590,7.187990,296.560850,-334.869200,4298780.500000,,3.365840,
5.886000,1.033080,0.988220,5.291020,296.592250,-334.868500,4298805.500000,,3.490170,
5.888000,0.806210,0.580630,4.357910,296.625400,-334.869110,4298831.000000,1.000000,3.600400,-399.493680
5.890000,0.360170,0.312740,5.988280,296.658750,-334.870480,4298856.000000,,3.874690,
5.892000,0.387080,0.466550,7.546880,296.690460,-334.870640,4298881.500000,,3.777280,
5.894000,0.749820,0.453740,7.187990,296.722230,-334.869540,4298907.000000,,3.478640,
5.896000,0.849790,0.507570,5.321780,296.753940,-334.869810,4298932.000000,1.000000,3.765750,-399.492460
5.898000,0.583190,0.193540,4.593750,296.786350,-334.869930,4298957.500000,,3.651670,
5.900000,0.231990,0.463990,6.213870,296.817140,-334.870240,4298982.500000,,3.891360,
5.902000,0.526790,0.717770,7.823730,296.847170,-334.869690,4299008.000000,,3.586300,
5.904000,0.925420,0.977970,6.911130,296.877320,-334.868840,4299033.500000,1.000000,3.488890,-399.492890
5.904000,0.925420,0.977970,6.911130,296.877320,-334.868840,4299033.500000,1.000000,3.488890,-399.492890
5.906000,1.013850,0.888240,5.044920,296.908570,-334.868990,4299059.000000,,3.613220,
5.908000,0.643430,0.578060,5.321780,296.941130,-334.869540,4299084.000000,,3.659360,
5.910000,0.338380,0.681880,7.064940,296.972690,-334.870820,4299109.000000,,4.005430,
5.912000,0.695980,0.919010,7.475100,297.003360,-334.869690,4299134.500000,1.000000,3.451720,-399.493770
5.914000,0.994630,1.063840,5.906250,297.034420,-334.868500,4299159.500000,,3.406860,
5.916000,0.907470,0.740840,4.583500,297.067110,-334.869080,4299185.000000,,3.590150,
5.918000,0.447330,0.320430,5.844730,297.100800,-334.870180,4299210.500000,,3.737550,
5.920000,0.301210,0.429380,7.321290,297.132930,-334.870880,4299235.500000,1.000000,3.881100,-399.493190
5.922000,0.683170,0.411440,7.177730,297.164760,-334.869720,4299261.000000,,3.428650,
5.924000,0.863890,0.478090,5.680660,297.196470,-334.869810,4299286.000000,,3.724730,
5.926000,0.663940,0.217900,4.583500,297.228820,-334.869960,4299311.500000,,3.618350,
5.928000,0.280700,0.321720,6.162600,297.260130,-334.870240,4299337.000000,1.000000,3.809330,-399.492890
5.930000,0.437070,0.640870,7.844240,297.290220,-334.869960,4299362.500000,,3.677310,
5.932000,0.880550,0.862610,7.434080,297.320400,-334.869080,4299387.500000,,3.401730,
5.934000,1.039490,0.889530,5.475590,297.351380,-334.869110,4299412.500000,,3.627320,
5.936000,0.751100,0.524230,4.962890,297.383820,-334.869380,4299438.000000,1.000000,3.570920,-399.494080
5.938000,0.360170,0.574220,6.870120,297.415620,-334.870790,4299463.500000,,3.969540,
5.940000,0.583190,0.866460,7.403320,297.446140,-334.870210,4299488.500000,,3.583740,
5.942000,0.949770,1.094600,6.552250,297.476650,-334.868650,4299514.000000,,3.338930,
5.944000,0.948490,0.958740,4.562990,297.508640,-334.868990,4299539.500000,1.000000,3.593990,-399.493590
5.946000,0.552430,0.424260,5.373050,297.542240,-334.869900,4299564.500000,,3.646550,
5.948000,0.281980,0.475520,6.870120,297.574580,-334.871030,4299589.500000,,3.964420,
5.950000,0.588320,0.498600,7.075200,297.606380,-334.869960,4299615.000000,,3.491460,
5.952000,0.848510,0.525510,6.213870,297.638210,-334.869750,4299640.500000,1.000000,3.655520,-399.492460
5.954000,0.752380,0.328130,4.542480,297.670560,-334.869960,4299666.000000,,3.663210,
5.956000,0.367860,0.234560,5.772950,297.702510,-334.870150,4299691.000000,,3.700380,
5.958000,0.323000,0.585750,7.341800,297.732850,-334.870210,4299716.000000,,3.784970,
5.960000,0.781860,0.766480,7.567380,297.763120,-334.869200,4299741.500000,1.000000,3.392760,-399.492740
5.962000,1.035640,0.901060,5.824220,297.793910,-334.869110,4299767.000000,,3.587590,
5.964000,0.865170,0.538330,4.706540,297.826350,-334.869290,4299792.500000,,3.544010,
5.966000,0.426820,0.478090,6.439450,297.858550,-334.870570,4299817.500000,,3.855470,
5.968000,0.488340,0.745970,7.567380,297.889340,-334.870670,4299843.000000,1.000000,3.715760,-399.493930
5.970000,0.892090,0.974120,7.023930,297.919860,-334.868960,4299868.000000,,3.287660,
5.972000,0.990780,0.977970,4.798830,297.951350,-334.868930,4299893.500000,,3.556820,
5.974000,0.660100,0.471680,4.829590,297.984830,-334.869660,4299918.500000,,3.569640,
5.976000,0.274290,0.411440,6.900880,298.017360,-334.871030,4299944.000000,1.000000,3.938780,-399.493440
5.978000,0.479370,0.530640,7.126460,298.048860,-334.870420,4299969.500000,,3.586300,
5.980000,0.826720,0.581910,7.034180,298.080410,-334.869720,4299994.500000,,3.569640,
5.982000,0.821590,0.502440,4.952640,298.112270,-334.870060,4300019.500000,,3.714480,
5.984000,0.457580,0.237120,5.598630,298.144530,-334.870090,4300045.000000,1.000000,3.682430,-399.492890
5.986000,0.260190,0.569090,6.818850,298.175080,-334.870360,4300070.500000,,3.843930,
5.988000,0.678040,0.740840,7.464840,298.205440,-334.869450,4300096.000000,,3.482480,
5.990000,0.999760,0.968990,6.583010,298.235960,-334.868990,4300121.000000,,3.556820,
5.992000,0.943360,0.710080,4.768070,298.267970,-334.869170,4300146.500000,1.000000,3.592710,-399.493770
5.994000,0.506290,0.502440,6.326660,298.300480,-334.870090,4300171.500000,,3.777280,
5.996000,0.407590,0.710080,7.618650,298.331700,-334.870790,4300197.000000,,3.874690,
5.998000,0.844670,0.965150,7.218750,298.362340,-334.869170,4300222.000000,,3.338930,
6.000000,1.034360,1.007450,5.260250,298.393590,-334.868620,4300247.500000,1.000000,3.497860,-399.493500
6.002000,0.779300,0.612670,4.183590,298.426760,-334.869260,4300273.000000,,3.597840,
6.004000,0.338380,0.378110,6.316410,298.459840,-334.870640,4300298.000000,,3.892640,
6.006000,0.405030,0.556270,7.352050,298.491330,-334.870510,4300323.000000,,3.724730,
6.008000,0.756230,0.563960,7.321290,298.522890,-334.869540,4300348.500000,1.000000,3.497860,-399.492340
6.010000,0.838260,0.589600,5.270510,298.554630,-334.869870,4300374.000000,,3.754210,
6.012000,0.557560,0.248660,4.593750,298.587070,-334.869930,4300399.500000,,3.652950,
6.014000,0.255070,0.508850,6.398440,298.617950,-334.870240,4300424.500000,,3.879820,
6.016000,0.571660,0.703670,7.331540,298.648250,-334.869630,4300450.000000,1.000000,3.563230,-399.492710
6.018000,0.945920,0.915160,6.941890,298.678710,-334.868870,4300475.000000,,3.509400,
6.020000,0.990780,0.757510,4.891110,298.710390,-334.869080,4300500.500000,,3.617070,
6.022000,0.603700,0.443480,5.742190,298.743160,-334.869690,4300525.500000,,3.686280,
6.024000,0.348630,0.574220,7.464840,298.774720,-334.870850,4300551.000000,1.000000,3.982360,-399.494110
6.026000,0.738280,0.845950,7.208500,298.805330,-334.869540,4300576.500000,,3.423520,
6.028000,1.018980,0.993350,5.875490,298.836360,-334.868470,4300602.000000,,3.431210,
6.030000,0.889530,0.688290,4.214360,298.868900,-334.869110,4300627.000000,,3.599120,
6.032000,0.421690,0.340940,5.916500,298.902250,-334.870270,4300652.000000,1.000000,3.786250,-399.493710
6.034000,0.308900,0.517820,7.546880,298.933960,-334.870790,4300677.500000,,3.836240,
6.036000,0.689580,0.519100,7.280270,298.965520,-334.869630,4300703.000000,,3.435060,
6.038000,0.870300,0.574220,5.701170,298.997160,-334.869810,4300728.500000,,3.741390,
6.040000,0.642150,0.273010,4.306640,299.029510,-334.869930,4300753.500000,1.000000,3.623470,-399.492740
6.042000,0.264040,0.411440,6.388180,299.060670,-334.870240,4300778.500000,,3.841370,
6.044000,0.462710,0.702390,7.557130,299.090790,-334.869840,4300804.000000,,3.650390,
6.046000,0.899780,0.925420,7.382810,299.121060,-334.868990,4300829.000000,,3.432500,
6.048000,1.048460,0.895940,5.578130,299.152280,-334.869080,4300854.500000,1.000000,3.632450,-399.493440
6.050000,0.722900,0.533200,5.085940,299.184940,-334.869450,4300880.000000,,3.597840,
6.052000,0.356320,0.554990,6.972660,299.216890,-334.870820,4300905.500000,,3.995180,
6.054000,0.624210,0.799800,7.290530,299.247680,-334.870060,4300930.500000,,3.551700,
6.056000,0.992070,0.999760,6.377930,299.278530,-334.868590,4300955.500000,1.000000,3.363280,-399.493440
6.056000,0.992070,0.999760,6.377930,299.278530,-334.868590,4300955.500000,1.000000,3.363280,-399.493440
6.058000,0.948490,0.833130,4.501460,299.310730,-334.868990,4300981.000000,,3.597840,
6.060000,0.526790,0.378110,5.742190,299.344150,-334.869960,4301006.500000,,3.668330,
6.062000,0.293520,0.516540,7.085450,299.376160,-334.870910,4301032.000000,,3.940060,
6.064000,0.631900,0.563960,7.290530,299.407710,-334.869810,4301057.000000,1.000000,3.451720,-399.492610
6.066000,0.856200,0.616520,5.967770,299.439330,-334.869750,4301082.000000,,3.679870,
6.068000,0.716490,0.403750,4.214360,299.471590,-334.869900,4301107.500000,,3.640140,
6.070000,0.339660,0.355040,5.865230,299.503390,-334.870180,4301133.000000,,3.724730,
6.072000,0.357600,0.692140,7.393070,299.533750,-334.870120,4301158.000000,1.000000,3.752930,-399.492680
6.074000,0.825440,0.879270,7.751950,299.564090,-334.869170,4301183.500000,,3.387630,
6.076000,1.045900,0.985660,5.772950,299.595030,-334.869110,4301209.000000,,3.618350,
6.078000,0.830570,0.616520,4.624510,299.627530,-334.869350,4301234.000000,,3.549130,
6.080000,0.397340,0.553710,6.695800,299.659850,-334.870670,4301259.000000,1.000000,3.893920,-399.494260
6.082000,0.507570,0.780580,7.382810,299.690890,-334.870570,4301284.500000,,3.677310,
6.084000,0.916440,0.970280,6.808590,299.721710,-334.868900,4301310.000000,,3.295350,
6.086000,0.992070,0.925420,4.788570,299.753600,-334.868900,4301335.500000,,3.577330,
6.088000,0.634460,0.401180,5.106450,299.787200,-334.869690,4301360.500000,1.000000,3.586300,-399.493870
6.090000,0.270450,0.405030,6.808590,299.819640,-334.871030,4301385.500000,,3.961850,
6.092000,0.507570,0.538330,7.382810,299.851070,-334.870240,4301411.000000,,3.547850,
6.094000,0.834410,0.572940,6.511230,299.882750,-334.869720,4301436.500000,,3.595280,
6.096000,0.801090,0.443480,4.880860,299.914860,-334.870000,4301462.000000,1.000000,3.701660,-399.492610
6.098000,0.428100,0.233280,5.455080,299.947050,-334.870060,4301487.000000,,3.674740,
6.100000,0.274290,0.597290,7.259770,299.977510,-334.870270,4301512.500000,,3.828550,
6.102000,0.725460,0.775450,7.587890,300.007840,-334.869350,4301537.500000,,3.458130,
6.104000,1.029240,0.971560,6.326660,300.038450,-334.869020,4301562.500000,1.000000,3.572200,-399.493100
6.106000,0.920290,0.661380,4.880860,300.070680,-334.869260,4301588.000000,,3.586300,
6.108000,0.470400,0.501160,6.275390,300.103090,-334.870240,4301613.500000,,3.795230,
6.110000,0.420410,0.748540,7.526370,300.134090,-334.870790,4301639.000000,,3.823430,
6.112000,0.871580,0.994630,7.249510,300.164700,-334.869110,4301664.000000,1.000000,3.313290,-399.493530
6.114000,1.033080,1.029240,5.332030,300.195980,-334.868710,4301689.000000,,3.519650,
6.116000,0.745970,0.588320,4.357910,300.229280,-334.869380,4301714.500000,,3.581180,
6.118000,0.315310,0.370420,6.347170,300.262300,-334.870790,4301740.000000,,3.908020,
6.120000,0.431950,0.507570,7.290530,300.293950,-334.870510,4301765.500000,1.000000,3.681150,-399.492770
6.122000,0.788270,0.488340,6.972660,300.325810,-334.869630,4301790.500000,,3.513240,
6.124000,0.835690,0.460140,5.291020,300.357790,-334.869960,4301816.000000,,3.747800,
6.126000,0.528080,0.160220,4.911620,300.390290,-334.870000,4301841.000000,,3.664490,
6.128000,0.253780,0.471680,6.716310,300.421110,-334.870300,4301866.500000,1.000000,3.865720,-399.492740
6.130000,0.613950,0.676760,7.567380,300.451390,-334.869600,4301891.500000,,3.541440,
6.132000,0.976680,0.916440,6.583010,300.481810,-334.868960,4301917.000000,,3.536320,
6.134000,0.980530,0.745970,4.645020,300.513490,-334.869110,4301942.500000,,3.623470,
6.136000,0.574220,0.474240,5.998540,300.546080,-334.869750,4301968.000000,1.000000,3.720890,-399.494200
6.138000,0.347350,0.672910,7.598140,300.577300,-334.870790,4301993.000000,,3.947750,
6.140000,0.772890,0.977970,7.505860,300.607670,-334.869380,4302018.000000,,3.397890,
6.142000,1.029240,1.115110,5.608890,300.638580,-334.868470,4302043.500000,,3.459410,
6.144000,0.857480,0.785710,4.193850,300.671140,-334.869080,4302069.000000,1.000000,3.605530,-399.493650
6.146000,0.406310,0.446040,5.803710,300.704440,-334.870330,4302094.000000,,3.815730,
6.148000,0.340940,0.606260,7.239260,300.736180,-334.870640,4302119.500000,,3.804200,
6.150000,0.725460,0.561400,7.413570,300.768010,-334.869540,4302144.500000,,3.446590,
6.152000,0.861330,0.590880,5.721680,300.799930,-334.869810,4302170.000000,1.000000,3.750370,-399.492430
6.154000,0.621640,0.242250,4.562990,300.832640,-334.869900,4302195.500000,,3.617070,
6.156000,0.251220,0.394780,6.316410,300.864010,-334.870210,4302220.500000,,3.859310,
6.158000,0.506290,0.653690,7.485350,300.894410,-334.869810,4302246.000000,,3.622190,
6.160000,0.936950,0.876710,7.064940,300.924900,-334.868990,4302271.500000,1.000000,3.461980,-399.492830
6.162000,1.045900,0.830570,5.485840,300.956270,-334.869110,4302296.500000,,3.635010,
6.164000,0.689580,0.497310,5.516600,300.988980,-334.869540,4302321.500000,,3.623470,
6.166000,0.340940,0.596010,7.341800,301.020660,-334.870820,4302347.000000,,3.995180,
6.168000,0.660100,0.901060,7.454590,301.051120,-334.869870,4302372.500000,1.000000,3.499150,-399.493590
6.170000,1.011290,1.112550,6.275390,301.081820,-334.868560,4302397.500000,,3.377380,
6.172000,0.953610,0.875430,4.419430,301.114040,-334.869050,4302423.000000,,3.599120,
6.174000,0.510130,0.424260,5.762700,301.147580,-334.870060,4302448.000000,,3.686280,
6.176000,0.299930,0.563960,7.434080,301.179530,-334.870880,4302473.500000,1.000000,3.893920,-399.493130
6.178000,0.665220,0.578060,7.454590,301.211210,-334.869750,4302499.000000,,3.428650,
6.180000,0.865170,0.604980,5.885740,301.243010,-334.869810,4302524.000000,,3.696530,
6.182000,0.699830,0.317870,4.173340,301.275600,-334.869930,4302549.500000,,3.613220,
6.184000,0.319150,0.271730,5.875490,301.307530,-334.870240,4302575.000000,1.000000,3.751650,-399.492710
6.186000,0.405030,0.560120,7.608400,301.338100,-334.870090,4302600.000000,,3.713200,
6.188000,0.869020,0.748540,7.495610,301.368560,-334.869170,4302625.000000,,3.395320,
6.190000,1.052310,0.840820,5.916500,301.399540,-334.869140,4302650.500000,,3.622190,
6.192000,0.811340,0.513980,4.839840,301.431950,-334.869380,4302676.000000,1.000000,3.565800,-399.493930
6.194000,0.389650,0.539610,6.767580,301.463840,-334.870730,4302701.500000,,3.918270,
6.196000,0.548580,0.843380,7.187990,301.494380,-334.870390,4302726.500000,,3.631160,
6.198000,0.934390,1.056150,6.593260,301.524840,-334.868770,4302751.500000,,3.309450,
6.200000,0.981810,0.984380,4.778320,301.556670,-334.868930,4302777.000000,1.000000,3.590150,-399.493530
6.202000,0.608830,0.458860,5.321780,301.590150,-334.869750,4302802.500000,,3.606810,
6.204000,0.283260,0.517820,7.003420,301.622470,-334.870970,4302827.500000,,3.952880,
6.206000,0.556270,0.589600,7.290530,301.654050,-334.870060,4302853.000000,,3.511960,
6.208000,0.852360,0.617800,6.439450,301.685880,-334.869720,4302878.500000,1.000000,3.619630,-399.492400
6.210000,0.789550,0.457580,4.398930,301.718080,-334.869960,4302903.500000,,3.678590,
6.212000,0.406310,0.279420,5.537110,301.750240,-334.870090,4302928.500000,,3.669620,
6.214000,0.302490,0.620360,7.403320,301.780730,-334.870240,4302954.000000,,3.804200,
6.216000,0.762630,0.785710,7.977540,301.811130,-334.869260,4302979.500000,1.000000,3.432500,-399.492610
6.216000,0.762630,0.785710,7.977540,301.811130,-334.869260,4302979.500000,1.000000,3.432500,-399.492610
6.218000,1.040770,0.970280,6.131840,301.841800,-334.869080,4303005.000000,,3.582460,
6.220000,0.902340,0.663940,4.901370,301.873990,-334.869260,4303030.000000,,3.570920,
6.222000,0.456300,0.561400,6.244630,301.906220,-334.870360,4303055.500000,,3.811890,
6.224000,0.451170,0.799800,7.311040,301.937230,-334.870670,4303080.500000,1.000000,3.759340,-399.493800
6.226000,0.883120,1.022830,7.013670,301.967860,-334.869050,4303106.000000,,3.299190,
6.228000,1.017700,1.035640,5.270510,301.999360,-334.868840,4303131.000000,,3.535030,
6.230000,0.713930,0.578060,4.850100,302.032780,-334.869510,4303156.500000,,3.565800,
6.232000,0.303770,0.426820,6.511230,302.065730,-334.870910,4303182.000000,1.000000,3.905460,-399.493290
6.234000,0.472960,0.531920,7.311040,302.097500,-334.870510,4303207.000000,,3.629880,
6.236000,0.806210,0.524230,6.736820,302.129360,-334.869690,4303232.000000,,3.541440,
6.238000,0.824160,0.480650,4.932130,302.161410,-334.870060,4303257.500000,,3.732420,
6.240000,0.490910,0.206360,5.106450,302.193790,-334.870060,4303283.000000,1.000000,3.673460,-399.492740
6.242000,0.260190,0.560120,6.962400,302.224370,-334.870330,4303308.500000,,3.841370,
6.244000,0.643430,0.789550,7.659670,302.254550,-334.869540,4303334.000000,,3.515810,
6.246000,0.979250,1.022830,6.531740,302.284850,-334.868960,4303359.000000,,3.550420,
6.248000,0.962590,0.801090,4.511720,302.316620,-334.869140,4303384.000000,1.000000,3.618350,-399.493680
6.250000,0.540890,0.539610,5.926760,302.349090,-334.869870,4303409.500000,,3.747800,
6.252000,0.378110,0.725460,7.280270,302.380340,-334.870730,4303435.000000,,3.900330,
6.254000,0.812620,0.994630,7.300780,302.410950,-334.869230,4303460.000000,,3.367130,
6.256000,1.020260,1.060000,5.567870,302.442140,-334.868500,4303485.500000,1.000000,3.476070,-399.493500
6.258000,0.806210,0.701110,4.234860,302.475130,-334.869140,4303510.500000,,3.596560,
6.260000,0.365300,0.394780,5.967770,302.508540,-334.870450,4303536.000000,,3.843930,
6.262000,0.381960,0.537050,7.023930,302.540370,-334.870610,4303561.000000,,3.765750,
6.264000,0.738280,0.492190,7.239260,302.572300,-334.869570,4303586.500000,1.000000,3.470950,-399.492430
6.266000,0.845950,0.521670,5.455080,302.604250,-334.869840,4303612.000000,,3.760620,
6.268000,0.585750,0.206360,4.850100,302.636750,-334.869960,4303637.500000,,3.633730,
6.270000,0.238400,0.472960,6.552250,302.667660,-334.870240,4303662.500000,,3.874690,
6.272000,0.524230,0.738280,7.649410,302.697750,-334.869720,4303687.500000,1.000000,3.579900,-399.492740
6.274000,0.917720,0.965150,6.921390,302.728030,-334.868960,4303713.000000,,3.490170,
6.276000,1.006160,0.875430,5.034670,302.759340,-334.869110,4303738.500000,,3.622190,
6.278000,0.647280,0.556270,5.547360,302.791870,-334.869630,4303763.500000,,3.647830,
6.280000,0.339660,0.679320,7.413570,302.823360,-334.870790,4303789.000000,1.000000,3.982360,-399.494200
6.282000,0.689580,0.942080,7.546880,302.853910,-334.869690,4303814.000000,,3.442750,
6.284000,0.988220,1.086910,5.998540,302.884950,-334.868560,4303839.500000,,3.399170,
6.286000,0.903630,0.762630,4.337400,302.917570,-334.869110,4303865.000000,,3.581180,
6.288000,0.446040,0.339660,5.690920,302.951290,-334.870210,4303890.000000,1.000000,3.719600,-399.493710
6.290000,0.297360,0.458860,7.311040,302.983430,-334.870910,4303915.500000,,3.864440,
6.292000,0.678040,0.462710,7.495610,303.015260,-334.869810,4303941.000000,,3.424800,
6.294000,0.865170,0.539610,6.008790,303.046910,-334.869870,4303966.000000,,3.710630,
6.296000,0.665220,0.299930,4.357910,303.079190,-334.869960,4303991.000000,1.000000,3.609380,-399.492740
6.298000,0.278140,0.388370,6.213870,303.110470,-334.870300,4304016.500000,,3.795230,
6.300000,0.428100,0.712650,7.434080,303.140590,-334.870060,4304042.000000,,3.672180,
6.302000,0.872860,0.934390,7.270020,303.170810,-334.869140,4304067.000000,,3.395320,
6.304000,1.043330,0.963870,5.537110,303.201750,-334.869170,4304092.500000,1.000000,3.619630,-399.493410
6.306000,0.765200,0.634460,5.383300,303.234130,-334.869480,4304118.000000,,3.568360,
6.308000,0.369140,0.675480,7.003420,303.265930,-334.870790,4304143.000000,,3.940060,
6.310000,0.587040,0.956180,7.270020,303.296540,-334.870240,4304168.500000,,3.574770,
6.312000,0.947200,1.133060,6.285640,303.327300,-334.868710,4304193.500000,1.000000,3.336360,-399.493500
6.314000,0.953610,0.971560,4.470700,303.359560,-334.869050,4304219.000000,,3.592710,
6.316000,0.557560,0.398620,5.434570,303.393400,-334.869930,4304244.500000,,3.623470,
6.318000,0.285830,0.440920,7.167480,303.425960,-334.871030,4304269.500000,,3.958010,
6.320000,0.589600,0.497310,7.649410,303.457700,-334.870000,4304294.500000,1.000000,3.477360,-399.492710
6.322000,0.847230,0.558840,6.306150,303.489440,-334.869810,4304320.000000,,3.642700,
6.324000,0.754940,0.392210,4.368160,303.521610,-334.869960,4304345.500000,,3.654240,
6.326000,0.372990,0.307620,5.260250,303.553440,-334.870210,4304371.000000,,3.686280,
6.328000,0.328130,0.672910,7.444340,303.583680,-334.870240,4304396.000000,1.000000,3.772160,-399.492740
6.330000,0.788270,0.848510,7.690430,303.613950,-334.869260,4304421.500000,,3.390200,
6.332000,1.044620,0.988220,6.234380,303.644710,-334.869200,4304446.500000,,3.592710,
6.334000,0.874150,0.626770,5.106450,303.677090,-334.869380,4304472.000000,,3.541440,
6.336000,0.426820,0.561400,6.367680,303.709350,-334.870570,4304497.000000,1.000000,3.836240,-399.494230
6.338000,0.479370,0.802370,7.372560,303.740260,-334.870670,4304522.500000,,3.700380,
6.340000,0.893370,1.002320,6.665040,303.771000,-334.869080,4304548.000000,,3.290220,
6.342000,1.004880,0.980530,5.178220,303.802610,-334.868990,4304573.000000,,3.550420,
6.344000,0.681880,0.475520,5.075680,303.836210,-334.869690,4304598.000000,1.000000,3.563230,-399.493710
6.346000,0.287110,0.398620,7.044430,303.868840,-334.871060,4304623.500000,,3.924680,
6.348000,0.481930,0.531920,7.434080,303.900360,-334.870450,4304649.000000,,3.574770,
6.350000,0.819030,0.552430,6.859860,303.932010,-334.869780,4304674.500000,,3.560670,
6.352000,0.819030,0.461430,4.798830,303.963960,-334.870090,4304699.500000,1.000000,3.711910,-399.492520
6.354000,0.465270,0.216610,5.034670,303.996150,-334.870090,4304725.000000,,3.672180,
6.356000,0.273010,0.583190,7.382810,304.026610,-334.870360,4304750.000000,,3.827270,
6.358000,0.684450,0.769040,7.680180,304.056850,-334.869450,4304775.500000,,3.476070,
6.360000,0.999760,0.980530,6.613770,304.087340,-334.869020,4304800.500000,1.000000,3.556820,-399.493010
6.362000,0.945920,0.719060,4.501460,304.119380,-334.869260,4304826.000000,,3.592710,
6.364000,0.512700,0.511410,6.275390,304.151860,-334.870090,4304851.500000,,3.767030,
6.366000,0.411440,0.722900,7.105960,304.183010,-334.870820,4304876.500000,,3.867000,
6.368000,0.842100,0.994630,7.177730,304.213620,-334.869260,4304901.500000,1.000000,3.345340,-399.493530
6.370000,1.029240,1.054870,5.598630,304.244810,-334.868710,4304927.000000,,3.495300,
6.372000,0.779300,0.683170,4.573240,304.277770,-334.869320,4304952.500000,,3.596560,
6.374000,0.349910,0.451170,6.111330,304.310820,-334.870640,4304978.000000,,3.875980,
6.376000,0.420410,0.634460,7.126460,304.342320,-334.870570,4305003.500000,1.000000,3.717040,-399.492770
6.376000,0.420410,0.634460,7.126460,304.342320,-334.870570,4305003.500000,1.000000,3.717040,-399.492770
6.378000,0.770320,0.634460,7.167480,304.373930,-334.869570,4305028.500000,,3.490170,
6.380000,0.845950,0.652400,5.250000,304.405670,-334.869900,4305053.500000,,3.746520,
6.382000,0.561400,0.296080,4.901370,304.438260,-334.869960,4305079.000000,,3.647830,
6.384000,0.252500,0.528080,6.624020,304.469300,-334.870270,4305104.500000,1.000000,3.870850,-399.492800
6.386000,0.565250,0.702390,7.690430,304.499820,-334.869690,4305129.500000,,3.547850,
6.388000,0.945920,0.912600,6.808590,304.530430,-334.868990,4305155.000000,,3.514530,
6.390000,0.997190,0.766480,4.573240,304.562160,-334.869200,4305180.500000,,3.619630,
6.392000,0.619080,0.456300,5.844730,304.594940,-334.869750,4305205.500000,1.000000,3.682430,-399.494200
6.394000,0.357600,0.594730,7.485350,304.626560,-334.870880,4305230.500000,,3.966980,
6.396000,0.737000,0.890810,7.700680,304.657070,-334.869630,4305256.000000,,3.423520,
6.398000,1.003600,1.051030,6.039550,304.688020,-334.868590,4305281.500000,,3.438900,
6.400000,0.880550,0.743410,4.357910,304.720550,-334.869170,4305307.000000,1.000000,3.592710,-399.493680
6.402000,0.421690,0.394780,5.793460,304.753880,-334.870270,4305332.000000,,3.769590,
6.404000,0.312740,0.578060,7.157230,304.785520,-334.870760,4305357.000000,,3.817020,
6.406000,0.695980,0.599850,7.362300,304.816990,-334.869690,4305382.500000,,3.427370,
6.408000,0.866460,0.675480,5.854980,304.848450,-334.869840,4305408.000000,1.000000,3.731140,-399.492400
6.410000,0.649840,0.388370,4.645020,304.880740,-334.869960,4305433.500000,,3.604250,
6.412000,0.271730,0.503720,6.439450,304.911990,-334.870240,4305458.500000,,3.831120,
6.414000,0.467830,0.738280,7.485350,304.942380,-334.869900,4305484.000000,,3.635010,
6.416000,0.898500,0.915160,6.982910,304.972960,-334.869110,4305509.000000,1.000000,3.424800,-399.492800
6.418000,1.036930,0.851070,5.167970,305.004460,-334.869170,4305534.000000,,3.632450,
6.420000,0.721620,0.485780,5.455080,305.037260,-334.869540,4305559.500000,,3.585020,
6.422000,0.360170,0.542180,7.044430,305.069210,-334.870880,4305585.000000,,3.977230,
6.424000,0.628050,0.813900,7.721190,305.099950,-334.870120,4305610.500000,1.000000,3.541440,-399.493620
6.426000,0.993350,1.006160,6.234380,305.130770,-334.868710,4305635.500000,,3.362000,
6.428000,0.944640,0.840820,4.347660,305.162960,-334.869080,4305660.500000,,3.599120,
6.430000,0.526790,0.379390,5.270510,305.196320,-334.870000,4305686.000000,,3.651670,
6.432000,0.284550,0.526790,6.736820,305.228270,-334.870910,4305711.500000,1.000000,3.923400,-399.493160
6.434000,0.619080,0.557560,7.516110,305.259800,-334.869870,4305737.000000,,3.442750,
6.436000,0.856200,0.598570,6.306150,305.291440,-334.869840,4305762.000000,,3.679870,
6.438000,0.722900,0.379390,4.378420,305.323670,-334.869960,4305787.500000,,3.627320,
6.440000,0.352480,0.333250,5.690920,305.355410,-334.870240,4305812.500000,1.000000,3.714480,-399.492800
6.442000,0.361450,0.676760,7.157230,305.385650,-334.870150,4305838.000000,,3.740110,
6.444000,0.813900,0.852360,7.475100,305.415990,-334.869260,4305863.000000,,3.379940,
6.446000,1.031800,0.953610,5.660160,305.446840,-334.869260,4305888.500000,,3.615780,
6.448000,0.825440,0.567810,5.126950,305.479340,-334.869450,4305914.000000,1.000000,3.545290,-399.493990
6.450000,0.399900,0.516540,6.900880,305.511540,-334.870760,4305939.500000,,3.874690,
6.452000,0.506290,0.762630,7.557130,305.542420,-334.870610,4305964.000000,,3.665770,
6.454000,0.906190,0.985660,6.562500,305.573060,-334.868990,4305989.500000,,3.295350,
6.456000,0.980530,0.989500,4.737300,305.604610,-334.868990,4306015.000000,1.000000,3.573490,-399.493650
6.458000,0.633180,0.498600,5.065430,305.637970,-334.869720,4306040.500000,,3.579900,
6.460000,0.278140,0.490910,6.870120,305.670350,-334.871060,4306065.500000,,3.938780,
6.462000,0.510130,0.587040,7.751950,305.701900,-334.870270,4306091.000000,,3.542720,
6.464000,0.829280,0.587040,6.695800,305.733760,-334.869780,4306116.000000,1.000000,3.582460,-399.492490
6.466000,0.790830,0.440920,4.737300,305.765960,-334.870060,4306141.500000,,3.699100,
6.468000,0.425540,0.219180,5.229490,305.798280,-334.870090,4306166.500000,,3.664490,
6.470000,0.280700,0.584470,6.911130,305.828740,-334.870330,4306192.000000,,3.815730,
6.472000,0.730590,0.786990,7.813480,305.858980,-334.869380,4306217.500000,1.000000,3.453000,-399.492740
6.474000,1.030520,0.977970,6.644530,305.889530,-334.869110,4306243.000000,,3.572200,
6.476000,0.920290,0.676760,4.901370,305.921660,-334.869320,4306268.000000,,3.586300,
6.478000,0.475520,0.524230,6.459960,305.953890,-334.870270,4306293.000000,,3.790100,
6.480000,0.419130,0.770320,7.126460,305.984860,-334.870790,4306318.500000,1.000000,3.802920,-399.493960
6.482000,0.861330,1.013850,6.777830,306.015380,-334.869140,4306344.000000,,3.309450,
6.484000,1.026670,1.021550,5.219240,306.046690,-334.868770,4306369.000000,,3.518370,
6.486000,0.747250,0.581910,4.665530,306.079960,-334.869420,4306394.500000,,3.576050,
6.488000,0.325560,0.371700,6.531740,306.112980,-334.870790,4306419.500000,1.000000,3.886230,-399.493410
6.490000,0.442200,0.506290,7.208500,306.144650,-334.870540,4306445.000000,,3.663210,
6.492000,0.786990,0.483220,6.952150,306.176510,-334.869690,4306470.000000,,3.511960,
6.494000,0.834410,0.461430,4.993650,306.208530,-334.870030,4306495.500000,,3.734990,
6.496000,0.533200,0.164060,4.604000,306.240970,-334.870060,4306521.000000,1.000000,3.656800,-399.492770
6.498000,0.257630,0.476810,6.552250,306.271760,-334.870360,4306546.500000,,3.852910,
6.500000,0.606260,0.670350,8.121090,306.302060,-334.869660,4306571.500000,,3.531190,
6.502000,0.962590,0.885680,6.716310,306.332490,-334.869020,4306596.500000,,3.532470,
6.504000,0.971560,0.713930,4.675780,306.364230,-334.869230,4306622.000000,1.000000,3.619630,-399.493590
6.506000,0.580630,0.465270,5.680660,306.396640,-334.869810,4306647.500000,,3.708070,
6.508000,0.365300,0.675480,7.290530,306.427730,-334.870790,4306673.000000,,3.920840,
6.510000,0.774170,0.985660,7.311040,306.457950,-334.869450,4306698.000000,,3.391480,
6.512000,1.008730,1.104860,5.926760,306.488860,-334.868560,4306723.000000,1.000000,3.459410,-399.493440
6.514000,0.844670,0.735720,4.614260,306.521480,-334.869200,4306748.500000,,3.596560,
6.516000,0.403750,0.384520,6.111330,306.554870,-334.870360,4306774.000000,,3.800350,
6.518000,0.349910,0.521670,6.921390,306.586700,-334.870670,4306799.000000,,3.779850,
6.520000,0.726750,0.487060,7.259770,306.618530,-334.869630,4306824.500000,1.000000,3.440190,-399.492460
6.520000,0.726750,0.487060,7.259770,306.618530,-334.869630,4306824.500000,1.000000,3.440190,-399.492460
6.522000,0.865170,0.549870,5.629390,306.650270,-334.869840,4306850.000000,,3.741390,
6.524000,0.622920,0.225590,4.645020,306.682860,-334.869960,4306875.000000,,3.604250,
6.526000,0.255070,0.388370,6.716310,306.714110,-334.870270,4306900.000000,,3.852910,
6.528000,0.503720,0.624210,7.649410,306.744510,-334.869870,4306925.500000,1.000000,3.602970,-399.492650
6.530000,0.925420,0.857480,7.187990,306.774930,-334.869110,4306951.000000,,3.463260,
6.532000,1.035640,0.813900,4.952640,306.806180,-334.869200,4306976.500000,,3.635010,
6.534000,0.692140,0.507570,5.393550,306.838710,-334.869630,4307001.500000,,3.619630,
6.536000,0.355040,0.626770,7.198240,306.870180,-334.870790,4307026.500000,1.000000,3.966980,-399.493990
6.538000,0.663940,0.921570,7.516110,306.900540,-334.869900,4307052.000000,,3.488890,
6.540000,0.998470,1.106140,6.480470,306.931240,-334.868680,4307077.500000,,3.387630,
6.542000,0.934390,0.858760,4.316890,306.963560,-334.869110,4307103.000000,,3.592710,
6.544000,0.501160,0.394780,5.506350,306.997100,-334.870090,4307128.000000,1.000000,3.674740,-399.493560
6.546000,0.306340,0.516540,6.931640,307.029170,-334.870880,4307153.500000,,3.877260,
6.548000,0.665220,0.517820,7.300780,307.060910,-334.869810,4307178.500000,,3.422240,
6.550000,0.860050,0.531920,6.131840,307.092770,-334.869870,4307203.500000,,3.688840,
6.552000,0.694700,0.246090,4.409180,307.125340,-334.869960,4307229.000000,1.000000,3.605530,-399.492580
6.554000,0.324280,0.216610,5.998540,307.157200,-334.870300,4307254.500000,,3.738830,
6.556000,0.411440,0.542180,7.516110,307.187560,-334.870120,4307280.000000,,3.699100,
6.558000,0.867740,0.762630,7.423830,307.217830,-334.869200,4307305.000000,,3.383790,
6.560000,1.040770,0.876710,5.352540,307.248600,-334.869200,4307330.500000,1.000000,3.615780,-399.493260
6.562000,0.799800,0.546020,5.188480,307.280850,-334.869450,4307355.500000,,3.556820,
6.564000,0.379390,0.553710,7.003420,307.312710,-334.870760,4307381.000000,,3.897770,
6.566000,0.543460,0.815190,7.526370,307.343380,-334.870450,4307406.500000,,3.617070,
6.568000,0.926700,1.004880,6.572750,307.373990,-334.868930,4307431.500000,1.000000,3.318420,-399.493440
6.570000,0.975400,0.942080,4.542480,307.405790,-334.869050,4307457.000000,,3.592710,
6.572000,0.604980,0.426820,5.157710,307.439240,-334.869810,4307482.000000,,3.595280,
6.572000,0.604980,0.426820,5.157710,307.439240,-334.869810,4307482.000000,,3.595280,
6.574000,0.284550,0.479370,6.870120,307.471530,-334.871000,4307507.500000,,3.937500,
6.576000,0.548580,0.544740,7.751950,307.503110,-334.870120,4307532.500000,1.000000,3.508120,-399.492740
6.578000,0.834410,0.563960,6.706050,307.534910,-334.869810,4307558.000000,,3.618350,
6.580000,0.776730,0.399900,4.788570,307.567050,-334.870030,4307583.500000,,3.677310,
6.582000,0.406310,0.211490,5.250000,307.599210,-334.870120,4307609.000000,,3.669620,
6.584000,0.310180,0.560120,7.157230,307.629640,-334.870240,4307634.000000,1.000000,3.788820,-399.492710
6.586000,0.763920,0.722900,7.659670,307.660060,-334.869320,4307659.000000,,3.426090,
6.588000,1.029240,0.906190,6.203610,307.690700,-334.869140,4307684.500000,,3.577330,
6.590000,0.893370,0.587040,5.198730,307.722930,-334.869350,4307710.000000,,3.568360,
6.592000,0.457580,0.463990,6.665040,307.755220,-334.870390,4307735.000000,1.000000,3.801640,-399.494170
6.594000,0.456300,0.699830,7.444340,307.786220,-334.870730,4307760.500000,,3.751650,
6.596000,0.889530,0.920290,6.706050,307.816890,-334.869110,4307785.500000,,3.297910,
6.598000,1.012570,0.930540,4.962890,307.848270,-334.868930,4307811.000000,,3.544010,
6.600000,0.707520,0.483220,4.665530,307.881620,-334.869570,4307836.500000,1.000000,3.567080,-399.493590
6.602000,0.299930,0.347350,6.665040,307.914400,-334.870910,4307861.500000,,3.899050,
6.604000,0.480650,0.479370,7.577640,307.945950,-334.870510,4307887.000000,,3.623470,
6.606000,0.806210,0.489620,7.157230,307.977630,-334.869690,4307912.500000,,3.533750,
6.608000,0.828000,0.472960,4.829590,308.009400,-334.870060,4307937.500000,1.000000,3.728580,-399.492460
6.610000,0.492190,0.199950,4.604000,308.041630,-334.870090,4307962.500000,,3.672180,
6.612000,0.260190,0.543460,6.613770,308.072110,-334.870360,4307988.000000,,3.836240,
6.614000,0.638310,0.724180,7.669920,308.102390,-334.869570,4308013.500000,,3.506840,
6.616000,0.968990,0.931820,6.767580,308.132810,-334.869050,4308038.500000,1.000000,3.556820,-399.492920
6.618000,0.963870,0.703670,4.932130,308.164640,-334.869260,4308064.000000,,3.617070,
6.620000,0.551150,0.438350,6.080570,308.197140,-334.869930,4308089.000000,,3.747800,
6.622000,0.380680,0.662660,7.239260,308.228330,-334.870760,4308114.500000,,3.884950,
6.624000,0.807500,0.956180,6.890630,308.258790,-334.869290,4308139.500000,1.000000,3.373540,-399.493620
6.626000,1.004880,1.033080,5.229490,308.289950,-334.868590,4308165.000000,,3.486330,
6.628000,0.799800,0.669070,4.747560,308.322810,-334.869230,4308190.500000,,3.600400,
6.630000,0.372990,0.361450,6.285640,308.356200,-334.870450,4308216.000000,,3.838810,
6.632000,0.388370,0.508850,7.434080,308.388000,-334.870610,4308241.000000,1.000000,3.756770,-399.492890
6.634000,0.742130,0.475520,7.239260,308.419830,-334.869570,4308266.000000,,3.472230,
6.636000,0.839540,0.540890,5.526860,308.451540,-334.869840,4308291.500000,,3.752930,
6.638000,0.592160,0.215330,4.429690,308.484010,-334.869960,4308317.000000,,3.629880,
6.640000,0.249940,0.463990,6.388180,308.514890,-334.870240,4308342.500000,1.000000,3.865720,-399.492890
6.642000,0.530640,0.706240,8.049320,308.545070,-334.869750,4308367.500000,,3.573490,
6.644000,0.917720,0.904910,7.198240,308.575470,-334.868990,4308393.000000,,3.494020,
6.646000,1.001040,0.811340,5.055180,308.606840,-334.869170,4308418.000000,,3.627320,
6.648000,0.647280,0.483220,5.465330,308.639430,-334.869690,4308443.500000,1.000000,3.646550,-399.494230
6.650000,0.340940,0.611390,7.044430,308.670990,-334.870790,4308468.500000,,3.968260,
6.652000,0.693420,0.854920,7.485350,308.701600,-334.869750,4308494.000000,,3.451720,
6.654000,0.992070,1.003600,6.080570,308.732640,-334.868650,4308519.500000,,3.415830,
6.656000,0.911320,0.719060,4.624510,308.765140,-334.869170,4308544.500000,1.000000,3.585020,-399.493710
6.658000,0.456300,0.307620,5.742190,308.798740,-334.870210,4308569.500000,,3.713200,
6.660000,0.298650,0.453740,7.136720,308.830690,-334.870850,4308595.000000,,3.850340,
6.662000,0.678040,0.456300,7.208500,308.862460,-334.869780,4308620.500000,,3.419680,
6.664000,0.861330,0.506290,5.742190,308.894170,-334.869870,4308646.000000,1.000000,3.711910,-399.492430
6.666000,0.670350,0.256350,4.460450,308.926480,-334.869960,4308671.500000,,3.601680,
6.668000,0.290950,0.306340,6.213870,308.957890,-334.870300,4308696.500000,,3.784970,
6.670000,0.438350,0.639590,7.700680,308.988040,-334.870000,4308721.500000,,3.663210,
6.672000,0.875430,0.835690,7.341800,309.018310,-334.869170,4308747.000000,1.000000,3.399170,-399.492740
6.674000,1.030520,0.884400,5.321780,309.049220,-334.869230,4308772.500000,,3.627320,
6.676000,0.763920,0.540890,5.106450,309.081630,-334.869510,4308797.500000,,3.565800,
6.678000,0.372990,0.563960,6.798340,309.113490,-334.870790,4308823.000000,,3.928530,
6.680000,0.589600,0.824160,7.618650,309.144170,-334.870240,4308848.000000,1.000000,3.578610,-399.493710
6.682000,0.947200,1.007450,6.449710,309.174870,-334.868840,4308873.000000,,3.345340,
6.684000,0.948490,0.890810,4.634770,309.206940,-334.869110,4308898.500000,,3.602970,
6.686000,0.557560,0.353760,5.075680,309.240540,-334.869930,4308924.000000,,3.619630,
6.688000,0.283260,0.417850,6.880370,309.272890,-334.870970,4308949.500000,1.000000,3.937500,-399.493260
6.690000,0.585750,0.485780,7.454590,309.304530,-334.870000,4308975.000000,,3.477360,
6.692000,0.849790,0.534480,6.429200,309.336240,-334.869810,4309000.000000,,3.646550,
6.694000,0.757510,0.376830,4.757810,309.368380,-334.869960,4309025.000000,,3.650390,
6.696000,0.379390,0.265320,5.701170,309.400300,-334.870180,4309050.500000,1.000000,3.681150,-399.492860
6.696000,0.379390,0.265320,5.701170,309.400300,-334.870180,4309050.500000,1.000000,3.681150,-399.492860
6.698000,0.331970,0.630620,7.239260,309.430600,-334.870240,4309076.000000,,3.767030,
6.700000,0.786990,0.790830,7.526370,309.460970,-334.869320,4309101.000000,,3.397890,
6.702000,1.044620,0.938230,6.101070,309.491760,-334.869230,4309126.500000,,3.590150,
6.704000,0.877990,0.578060,4.901370,309.524140,-334.869420,4309151.500000,1.000000,3.550420,-399.493900
6.706000,0.438350,0.489620,6.890630,309.556490,-334.870570,4309177.000000,,3.824710,
6.708000,0.489620,0.749820,7.546880,309.587430,-334.870640,4309202.000000,,3.700380,
6.710000,0.894650,0.977970,6.829100,309.618010,-334.869050,4309227.500000,,3.291500,
6.712000,0.997190,0.966430,4.809080,309.649570,-334.869020,4309253.000000,1.000000,3.555540,-399.493500
6.714000,0.679320,0.462710,4.850100,309.683140,-334.869690,4309278.500000,,3.564510,
6.716000,0.288390,0.346070,6.665040,309.715910,-334.870970,4309303.500000,,3.899050,
6.718000,0.479370,0.463990,7.557130,309.747590,-334.870420,4309328.500000,,3.576050,
6.720000,0.810060,0.458860,7.146970,309.779420,-334.869810,4309354.000000,1.000000,3.564510,-399.492310
6.722000,0.813900,0.412720,4.880860,309.811310,-334.870090,4309379.500000,,3.706790,
6.724000,0.469120,0.182010,5.003910,309.843480,-334.870090,4309405.000000,,3.668330,
6.726000,0.281980,0.556270,6.726560,309.873870,-334.870330,4309430.000000,,3.813170,
6.728000,0.680600,0.731870,7.444340,309.904170,-334.869510,4309455.500000,1.000000,3.479920,-399.492610
6.730000,0.988220,0.935670,6.500980,309.934720,-334.869080,4309480.500000,,3.554260,
6.732000,0.935670,0.676760,4.850100,309.966740,-334.869290,4309506.000000,,3.595280,
6.734000,0.508850,0.452450,6.408690,309.999270,-334.870090,4309531.000000,,3.763180,
6.736000,0.407590,0.667790,7.321290,310.030490,-334.870790,4309556.500000,1.000000,3.849060,-399.493870
6.738000,0.844670,0.935670,6.870120,310.061100,-334.869260,4309582.000000,,3.353030,
6.740000,1.026670,0.988220,5.291020,310.092320,-334.868710,4309607.000000,,3.497860,
6.742000,0.778020,0.621640,4.521970,310.125340,-334.869350,4309632.000000,,3.599120,
6.744000,0.346070,0.357600,6.183110,310.158480,-334.870570,4309657.500000,1.000000,3.851620,-399.493380
6.746000,0.405030,0.510130,7.362300,310.190160,-334.870510,4309683.000000,,3.706790,
6.748000,0.752380,0.478090,7.403320,310.221950,-334.869600,4309708.000000,,3.497860,
6.750000,0.833130,0.503720,5.280760,310.253750,-334.869930,4309733.500000,,3.741390,
6.752000,0.563960,0.161500,4.388670,310.286290,-334.869960,4309759.000000,1.000000,3.643980,-399.492740
6.754000,0.258910,0.401180,6.439450,310.317290,-334.870240,4309784.000000,,3.849060,
6.756000,0.558840,0.625490,7.813480,310.347630,-334.869690,4309809.500000,,3.547850,
6.758000,0.926700,0.847230,7.054690,310.378110,-334.869020,4309834.500000,,3.511960,
6.760000,0.975400,0.742130,5.106450,310.409640,-334.869260,4309860.000000,1.000000,3.614500,-399.493620
6.762000,0.610110,0.429380,5.762700,310.442320,-334.869780,4309885.500000,,3.667050,
6.764000,0.353760,0.561400,7.300780,310.473940,-334.870850,4309910.500000,,3.949040,
6.766000,0.729310,0.826720,7.331540,310.504520,-334.869690,4309935.500000,,3.424800,
6.768000,0.993350,0.986940,5.793460,310.535490,-334.868680,4309961.000000,1.000000,3.432500,-399.493560
6.770000,0.865170,0.716490,4.521970,310.567930,-334.869260,4309986.500000,,3.591430,
6.772000,0.414000,0.357600,6.008790,310.601230,-334.870300,4310012.000000,,3.746520,
6.774000,0.312740,0.560120,7.434080,310.632840,-334.870760,4310037.000000,,3.801640,
6.776000,0.685730,0.574220,7.126460,310.664370,-334.869690,4310062.500000,1.000000,3.419680,-399.492580
6.778000,0.862610,0.626770,5.455080,310.695950,-334.869870,4310087.500000,,3.720890,
6.780000,0.637020,0.320430,4.286130,310.728390,-334.869960,4310113.000000,,3.592710,
6.782000,0.267880,0.393490,6.172850,310.759890,-334.870240,4310138.000000,,3.809330,
6.784000,0.456300,0.666500,7.649410,310.790310,-334.869930,4310163.500000,1.000000,3.626040,-399.492740
6.786000,0.886960,0.829280,7.382810,310.821010,-334.869200,4310189.000000,,3.427370,
6.788000,1.027950,0.830570,5.291020,310.852330,-334.869290,4310214.000000,,3.636290,
6.790000,0.716490,0.479370,5.055180,310.885040,-334.869630,4310239.000000,,3.578610,
6.792000,0.360170,0.517820,6.716310,310.917020,-334.870880,4310264.500000,1.000000,3.950320,-399.494140
6.794000,0.617800,0.783140,7.423830,310.947810,-334.870150,4310290.000000,,3.541440,
6.796000,0.974120,0.977970,6.152340,310.978640,-334.868740,4310315.500000,,3.355590,
6.798000,0.927980,0.847230,4.768070,311.010740,-334.869110,4310341.000000,,3.599120,
6.800000,0.521670,0.376830,5.485840,311.044190,-334.870030,4310366.000000,1.000000,3.640140,-399.493710
6.802000,0.287110,0.508850,6.880370,311.076170,-334.870910,4310391.000000,,3.904170,
6.804000,0.624210,0.557560,7.259770,311.107730,-334.869900,4310416.500000,,3.441470,
6.806000,0.847230,0.565250,5.854980,311.139500,-334.869870,4310441.500000,,3.665770,
6.808000,0.719060,0.372990,4.470700,311.171720,-334.869960,4310467.000000,1.000000,3.622190,-399.492740
6.810000,0.348630,0.302490,5.947270,311.203580,-334.870240,4310492.500000,,3.691410,
6.812000,0.353760,0.640870,7.587890,311.233980,-334.870150,4310518.000000,,3.728580,
6.814000,0.807500,0.775450,7.700680,311.264500,-334.869290,4310543.000000,,3.382510,
6.816000,1.026670,0.861330,5.854980,311.295560,-334.869320,4310568.000000,1.000000,3.604250,-399.493320
6.818000,0.821590,0.481930,4.716800,311.328130,-334.869510,4310593.500000,,3.542720,
6.820000,0.406310,0.415280,6.685550,311.360470,-334.870730,4310619.000000,,3.849060,
6.822000,0.507570,0.688290,7.475100,311.391360,-334.870640,4310644.500000,,3.658080,
6.824000,0.901060,0.943360,6.859860,311.421910,-334.869020,4310669.500000,1.000000,3.291500,-399.493620
6.826000,0.968990,0.968990,4.993650,311.453310,-334.869080,4310694.500000,,3.564510,
6.828000,0.628050,0.496030,4.932130,311.486570,-334.869780,4310720.000000,,3.572200,
6.830000,0.274290,0.457580,6.870120,311.519010,-334.871030,4310745.500000,,3.905460,
6.832000,0.508850,0.546020,7.270020,311.550600,-334.870330,4310770.500000,1.000000,3.536320,-399.492860
6.834000,0.833130,0.542180,6.798340,311.582490,-334.869840,4310796.000000,,3.576050,
6.836000,0.798520,0.444760,4.706540,311.614500,-334.870090,4310821.500000,,3.682430,
6.838000,0.434510,0.242250,5.373050,311.646700,-334.870120,4310846.500000,,3.656800,
6.840000,0.278140,0.616520,7.054690,311.677150,-334.870360,4310871.500000,1.000000,3.793950,-399.492830
6.842000,0.715210,0.788270,7.454590,311.707490,-334.869510,4310897.000000,,3.455570,
6.844000,1.012570,0.967710,6.254880,311.738130,-334.869200,4310922.500000,,3.564510,
6.846000,0.913880,0.654970,4.839840,311.770360,-334.869420,4310948.000000,,3.579900,
6.848000,0.484500,0.474240,6.449710,311.802830,-334.870300,4310973.000000,1.000000,3.770870,-399.494230
6.850000,0.428100,0.728030,7.300780,311.833860,-334.870790,4310998.000000,,3.788820,
6.852000,0.860050,1.004880,6.788090,311.864320,-334.869200,4311023.500000,,3.309450,
6.854000,1.016420,1.048460,5.085940,311.895540,-334.868840,4311049.000000,,3.514530,
6.856000,0.738280,0.631900,4.429690,311.928710,-334.869480,4311074.500000,1.000000,3.573490,-399.493590
6.858000,0.329410,0.411440,6.049800,311.961760,-334.870760,4311099.500000,,3.859310,
6.860000,0.447330,0.567810,7.526370,311.993410,-334.870510,4311125.000000,,3.656800,
6.862000,0.789550,0.553710,7.259770,312.025240,-334.869690,4311150.000000,,3.496580,
6.864000,0.828000,0.552430,5.280760,312.057190,-334.870060,4311175.500000,1.000000,3.722170,-399.492460
6.866000,0.530640,0.212770,4.460450,312.089810,-334.870060,4311200.500000,,3.640140,
6.868000,0.260190,0.483220,6.634280,312.120820,-334.870360,4311226.000000,,3.838810,
6.870000,0.604980,0.667790,7.721190,312.151340,-334.869720,4311251.500000,,3.524780,
6.872000,0.970280,0.867740,6.716310,312.181920,-334.869110,4311276.500000,1.000000,3.519650,-399.492920
6.874000,0.972840,0.717770,5.126950,312.213650,-334.869320,4311301.500000,,3.618350,
6.876000,0.584470,0.470400,6.080570,312.246060,-334.869900,4311327.000000,,3.695250,
6.878000,0.370420,0.706240,7.485350,312.277130,-334.870850,4311352.500000,,3.911870,
6.880000,0.776730,1.012570,7.187990,312.307310,-334.869540,4311377.500000,1.000000,3.382510,-399.493590
6.880000,0.776730,1.012570,7.187990,312.307310,-334.869540,4311377.500000,1.000000,3.382510,-399.493590
6.882000,1.012570,1.129210,5.649900,312.338200,-334.868650,4311403.000000,,3.455570,
6.884000,0.839540,0.772890,4.265630,312.370850,-334.869260,4311428.500000,,3.590150,
6.886000,0.402470,0.402470,6.121580,312.404330,-334.870360,4311453.500000,,3.772160,
6.886000,0.402470,0.402470,6.121580,312.404330,-334.870360,4311453.500000,,3.772160,
6.888000,0.349910,0.574220,7.290530,312.436130,-334.870670,4311479.000000,1.000000,3.764470,-399.492980
6.890000,0.725460,0.533200,7.505860,312.468020,-334.869690,4311504.000000,,3.429930,
6.892000,0.861330,0.576780,5.506350,312.499940,-334.869930,4311529.500000,,3.731140,
6.894000,0.622920,0.246090,4.337400,312.532620,-334.870030,4311555.000000,,3.590150,
6.896000,0.262760,0.369140,6.347170,312.564060,-334.870300,4311580.500000,1.000000,3.833680,-399.492800
6.898000,0.503720,0.612670,7.608400,312.594540,-334.869900,4311605.000000,,3.599120,
6.900000,0.915160,0.815190,7.311040,312.625090,-334.869140,4311630.500000,,3.447880,
6.902000,1.027950,0.808780,5.270510,312.656310,-334.869260,4311656.000000,,3.628600,
6.904000,0.694700,0.498600,5.475590,312.688810,-334.869690,4311681.500000,1.000000,3.601680,-399.494020
6.906000,0.365300,0.612670,6.900880,312.720280,-334.870850,4311706.500000,,3.949040,
6.908000,0.669070,0.920290,7.321290,312.750610,-334.869960,4311732.000000,,3.485050,
6.910000,0.995910,1.116390,6.131840,312.781250,-334.868740,4311757.000000,,3.367130,
6.912000,0.925420,0.894650,4.439940,312.813390,-334.869200,4311782.500000,1.000000,3.585020,-399.493500
6.914000,0.502440,0.429380,5.639650,312.846920,-334.870120,4311808.000000,,3.646550,
6.916000,0.299930,0.530640,7.198240,312.879090,-334.870940,4311833.000000,,3.865720,
6.918000,0.657530,0.502440,7.300780,312.911010,-334.869930,4311858.500000,,3.418400,
6.920000,0.853640,0.511410,5.896000,312.942960,-334.870000,4311884.000000,1.000000,3.682430,-399.492310
6.922000,0.694700,0.270450,4.337400,312.975460,-334.870060,4311909.000000,,3.596560,
6.924000,0.326840,0.247380,5.803710,313.007290,-334.870360,4311934.000000,,3.726010,
6.926000,0.401180,0.597290,7.567380,313.037630,-334.870180,4311959.500000,,3.691410,
6.928000,0.849790,0.811340,7.782710,313.067900,-334.869290,4311985.000000,1.000000,3.376100,-399.492650
6.930000,1.025390,0.924130,5.824220,313.098660,-334.869320,4312010.500000,,3.613220,
6.932000,0.794680,0.587040,4.932130,313.130950,-334.869540,4312035.500000,,3.547850,
6.934000,0.393490,0.584470,6.736820,313.162810,-334.870790,4312060.500000,,3.869570,
6.936000,0.548580,0.885680,7.403320,313.193390,-334.870480,4312086.000000,1.000000,3.605530,-399.493740
6.938000,0.920290,1.098450,6.706050,313.223880,-334.868930,4312111.000000,,3.292790,
6.940000,0.953610,1.063840,4.839840,313.255550,-334.869110,4312136.500000,,3.581180,
6.942000,0.593440,0.551150,5.332030,313.289000,-334.869840,4312162.000000,,3.576050,
6.944000,0.279420,0.548580,6.972660,313.321500,-334.871060,4312187.500000,1.000000,3.913150,-399.493320
6.946000,0.548580,0.590880,7.475100,313.353240,-334.870240,4312212.500000,,3.500430,
6.948000,0.840820,0.574220,6.429200,313.385310,-334.869900,4312237.500000,,3.600400,
6.950000,0.772890,0.414000,4.624510,313.417600,-334.870090,4312263.000000,,3.667050,
6.952000,0.408870,0.237120,5.619140,313.449890,-334.870180,4312288.500000,1.000000,3.652950,-399.492860
6.954000,0.302490,0.606260,7.270020,313.480350,-334.870330,4312314.000000,,3.776000,
6.956000,0.753660,0.774170,7.731450,313.510740,-334.869420,4312339.000000,,3.422240,
6.958000,1.022830,0.956180,6.111330,313.541410,-334.869260,4312364.000000,,3.569640,
6.960000,0.890810,0.639590,4.727050,313.573580,-334.869450,4312389.500000,1.000000,3.567080,-399.493870
6.962000,0.462710,0.526790,6.336910,313.605830,-334.870420,4312415.000000,,3.787540,
6.964000,0.460140,0.778020,7.321290,313.636750,-334.870760,4312440.000000,,3.732420,
6.966000,0.888240,1.024110,7.126460,313.667270,-334.869140,4312465.500000,,3.282530,
6.968000,1.008730,1.043330,5.055180,313.698610,-334.868960,4312491.000000,1.000000,3.526060,-399.493470
6.970000,0.706240,0.593440,4.624510,313.731930,-334.869600,4312516.000000,,3.550420,
6.972000,0.301210,0.420410,6.193360,313.764860,-334.870910,4312541.000000,,3.869570,
6.974000,0.471680,0.517820,7.423830,313.796630,-334.870570,4312566.500000,,3.611940,
6.976000,0.798520,0.517820,6.982910,313.828460,-334.869810,4312592.000000,1.000000,3.522220,-399.492310
6.978000,0.816470,0.506290,5.055180,313.860290,-334.870150,4312617.500000,,3.714480,
6.980000,0.497310,0.233280,5.157710,313.892550,-334.870150,4312643.000000,,3.654240,
6.982000,0.267880,0.570370,6.788090,313.923190,-334.870390,4312668.000000,,3.823430,
6.984000,0.642150,0.742130,7.598140,313.953490,-334.869690,4312693.000000,1.000000,3.495300,-399.492650
6.986000,0.960020,0.944640,6.398440,313.983950,-334.869110,4312718.500000,,3.541440,
6.988000,0.945920,0.753660,4.819340,314.015720,-334.869290,4312743.500000,,3.605530,
6.990000,0.543460,0.515260,6.121580,314.048100,-334.869960,4312769.000000,,3.724730,
6.992000,0.376830,0.738280,7.546880,314.079320,-334.870790,4312794.500000,1.000000,3.878540,-399.493990
6.994000,0.808780,1.008730,7.290530,314.109800,-334.869380,4312819.500000,,3.358150,
6.996000,1.004880,1.086910,5.506350,314.140990,-334.868680,4312844.500000,,3.474790,
6.998000,0.795960,0.704960,4.347660,314.173950,-334.869290,4312870.000000,,3.586300,
7.000000,0.369140,0.396060,5.988280,314.207340,-334.870510,4312895.500000,1.000000,3.813170,-399.493500
7.002000,0.374270,0.558840,7.413570,314.239140,-334.870640,4312921.000000,,3.741390,
7.004000,0.734440,0.534480,7.413570,314.270900,-334.869690,4312946.000000,,3.455570,
7.006000,0.844670,0.616520,5.721680,314.302490,-334.869930,4312971.500000,,3.737550,
7.008000,0.588320,0.319150,4.480960,314.334810,-334.870030,4312996.500000,1.000000,3.609380,-399.492830
7.010000,0.244810,0.566530,6.285640,314.365600,-334.870300,4313022.000000,,3.849060,
7.012000,0.524230,0.811340,7.659670,314.395780,-334.869810,4313047.500000,,3.565800,
7.014000,0.912600,1.002320,6.747070,314.426180,-334.869110,4313072.500000,,3.472230,
7.016000,0.999760,0.906190,5.126950,314.457610,-334.869260,4313098.000000,1.000000,3.619630,-399.493620
7.018000,0.647280,0.553710,5.690920,314.490390,-334.869720,4313123.000000,,3.624760,
7.020000,0.343510,0.651120,7.146970,314.522130,-334.870910,4313148.500000,,3.954160,
7.022000,0.693420,0.895940,7.393070,314.552920,-334.869870,4313173.500000,,3.449160,
7.024000,0.990780,1.036930,5.875490,314.584080,-334.868710,4313199.000000,1.000000,3.392760,-399.493560
7.026000,0.903630,0.753660,4.398930,314.616700,-334.869260,4313224.500000,,3.581180,
7.028000,0.460140,0.353760,5.567870,314.650300,-334.870240,4313250.000000,,3.688840,
7.030000,0.306340,0.506290,7.495610,314.682250,-334.870910,4313275.000000,,3.837520,
7.032000,0.684450,0.529360,7.475100,314.713930,-334.869840,4313300.000000,1.000000,3.406860,-399.492580
7.034000,0.858760,0.589600,5.854980,314.745480,-334.869930,4313325.500000,,3.692690,
7.036000,0.667790,0.374270,4.275880,314.777590,-334.870030,4313351.000000,,3.586300,
7.038000,0.293520,0.456300,5.967770,314.808810,-334.870330,4313376.000000,,3.759340,
7.040000,0.442200,0.807500,7.628910,314.838780,-334.870090,4313401.500000,1.000000,3.655520,-399.492680
7.042000,0.886960,1.003600,7.352050,314.869020,-334.869260,4313426.500000,,3.376100,
7.044000,1.039490,1.021550,5.783200,314.900020,-334.869290,4313452.000000,,3.614500,
7.046000,0.762630,0.647280,5.157710,314.932590,-334.869570,4313477.000000,,3.551700,
7.048000,0.371700,0.635740,6.952150,314.964720,-334.870880,4313502.500000,1.000000,3.913150,-399.494080
7.050000,0.593440,0.872860,7.403320,314.995640,-334.870360,4313528.000000,,3.572200,
7.052000,0.954900,1.034360,6.562500,315.026610,-334.868840,4313553.500000,,3.314580,
7.054000,0.957460,0.930540,4.716800,315.058720,-334.869110,4313578.500000,,3.590150,
7.056000,0.565250,0.410160,5.608890,315.092410,-334.869960,4313603.500000,1.000000,3.602970,-399.493650
7.056000,0.565250,0.410160,5.608890,315.092410,-334.869960,4313603.500000,1.000000,3.602970,-399.493650
7.058000,0.281980,0.476810,7.167480,315.124790,-334.871060,4313629.000000,,3.927250,
7.060000,0.584470,0.531920,7.628910,315.156490,-334.870090,4313654.500000,,3.469670,
7.062000,0.847230,0.571660,6.275390,315.188260,-334.869870,4313679.500000,,3.628600,
7.064000,0.762630,0.417850,4.327150,315.220250,-334.870060,4313705.000000,1.000000,3.642700,-399.492580
7.066000,0.388370,0.331970,5.772950,315.252040,-334.870240,4313730.500000,,3.668330,
7.068000,0.338380,0.693420,7.239260,315.282290,-334.870300,4313755.500000,,3.752930,
7.070000,0.786990,0.865170,7.833980,315.312530,-334.869380,4313780.500000,,3.385070,
7.072000,1.033080,1.018980,6.142090,315.343260,-334.869260,4313806.000000,1.000000,3.574770,-399.493130
7.074000,0.870300,0.661380,4.809080,315.375490,-334.869510,4313831.500000,,3.536320,
7.076000,0.437070,0.601140,6.459960,315.407710,-334.870610,4313857.000000,,3.815730,
7.078000,0.492190,0.840820,7.259770,315.438630,-334.870760,4313882.000000,,3.695250,
7.080000,0.904910,1.053590,6.921390,315.469270,-334.869140,4313907.000000,1.000000,3.282530,-399.493410
7.082000,1.002320,1.025390,4.932130,315.500890,-334.869080,4313932.500000,,3.542720,
7.084000,0.680600,0.524230,5.014160,315.534450,-334.869720,4313958.000000,,3.556820,
7.086000,0.292240,0.417850,6.562500,315.567260,-334.871030,4313983.500000,,3.891360,
7.088000,0.487060,0.534480,7.475100,315.598910,-334.870510,4314008.500000,1.000000,3.569640,-399.492610
7.090000,0.817750,0.557560,6.685550,315.630620,-334.869810,4314034.000000,,3.542720,
7.092000,0.815190,0.507570,4.604000,315.662540,-334.870120,4314059.000000,,3.699100,
7.094000,0.469120,0.258910,5.229490,315.694640,-334.870150,4314084.500000,,3.659360,
7.096000,0.285830,0.628050,7.023930,315.725130,-334.870390,4314109.500000,1.000000,3.813170,-399.492680
7.098000,0.688290,0.799800,7.700680,315.755400,-334.869570,4314135.000000,,3.465820,
7.100000,0.998470,1.007450,6.552250,315.785890,-334.869110,4314160.500000,,3.549130,
7.102000,0.938230,0.758790,4.768070,315.817930,-334.869350,4314185.500000,,3.592710,
7.104000,0.512700,0.556270,6.254880,315.850310,-334.870150,4314210.500000,1.000000,3.752930,-399.494110
7.106000,0.406310,0.801090,7.300780,315.881410,-334.870850,4314236.000000,,3.850340,
7.108000,0.847230,1.047180,7.321290,315.911960,-334.869350,4314261.500000,,3.345340,
7.110000,1.036930,1.086910,5.680660,315.943180,-334.868770,4314287.000000,,3.492740,
7.112000,0.789550,0.693420,4.480960,315.976200,-334.869380,4314312.500000,1.000000,3.595280,-399.493530
7.114000,0.358890,0.437070,6.080570,316.009370,-334.870570,4314337.500000,,3.840090,
7.116000,0.408870,0.592160,7.536620,316.041080,-334.870540,4314362.500000,,3.701660,
7.118000,0.752380,0.528080,7.187990,316.072940,-334.869630,4314388.000000,,3.477360,
7.120000,0.833130,0.542180,5.485840,316.104830,-334.869960,4314413.000000,1.000000,3.734990,-399.492340
7.122000,0.571660,0.202510,4.911620,316.137390,-334.870000,4314438.500000,,3.626040,
7.124000,0.266600,0.455020,6.624020,316.168400,-334.870270,4314464.000000,,3.846500,
7.126000,0.563960,0.663940,7.731450,316.198820,-334.869720,4314489.000000,,3.545290,
7.128000,0.933110,0.870300,6.603520,316.229340,-334.869080,4314514.000000,1.000000,3.497860,-399.492890
7.130000,0.980530,0.762630,4.911620,316.260860,-334.869290,4314539.500000,,3.619630,
7.132000,0.612670,0.461430,5.885740,316.293490,-334.869840,4314565.000000,,3.658080,
7.134000,0.364010,0.612670,7.464840,316.324890,-334.870910,4314590.500000,,3.947750,
7.136000,0.738280,0.908750,7.423830,316.355290,-334.869690,4314615.500000,1.000000,3.415830,-399.493620
7.138000,1.001040,1.084350,5.967770,316.386050,-334.868590,4314641.000000,,3.406860,
7.140000,0.876710,0.819030,4.111820,316.418330,-334.869230,4314666.000000,,3.578610,
7.142000,0.420410,0.470400,5.537110,316.451540,-334.870330,4314691.500000,,3.741390,
7.144000,0.323000,0.625490,7.290530,316.483220,-334.870850,4314717.000000,1.000000,3.806760,-399.493040
7.146000,0.695980,0.587040,7.495610,316.515010,-334.869780,4314742.000000,,3.409420,
7.148000,0.869020,0.580630,5.762700,316.546840,-334.869960,4314767.500000,,3.714480,
7.150000,0.644710,0.265320,4.388670,316.579440,-334.870030,4314793.000000,,3.591430,
7.152000,0.276860,0.347350,6.213870,316.610960,-334.870300,4314818.000000,1.000000,3.799070,-399.492800
7.154000,0.471680,0.625490,7.311040,316.641360,-334.870000,4314843.000000,,3.626040,
7.156000,0.898500,0.842100,7.034180,316.671840,-334.869230,4314868.500000,,3.414550,
7.158000,1.031800,0.836980,5.506350,316.703030,-334.869320,4314894.000000,,3.624760,
7.160000,0.722900,0.511410,5.393550,316.735570,-334.869660,4314919.500000,1.000000,3.578610,-399.494050
7.162000,0.364010,0.574220,7.208500,316.767330,-334.870910,4314944.500000,,3.942630,
7.164000,0.622920,0.866460,7.352050,316.797850,-334.870240,4314969.500000,,3.544010,
7.166000,0.986940,1.080510,6.316410,316.828460,-334.868770,4314995.000000,,3.342770,
7.168000,0.943360,0.953610,4.532230,316.860380,-334.869110,4315020.500000,1.000000,3.591430,-399.493560
7.170000,0.534480,0.490910,5.342290,316.893680,-334.870030,4315045.500000,,3.636290,
7.172000,0.297360,0.606260,7.362300,316.925690,-334.870940,4315071.000000,,3.901610,
7.174000,0.622920,0.617800,7.639160,316.957400,-334.869960,4315096.500000,,3.438900,
7.176000,0.851070,0.611390,6.388180,316.989350,-334.869870,4315121.500000,1.000000,3.651670,-399.492370
7.178000,0.720340,0.381960,4.173340,317.021700,-334.870000,4315147.000000,,3.623470,
7.180000,0.357600,0.317870,5.547360,317.053680,-334.870240,4315172.000000,,3.682430,
7.182000,0.362730,0.631900,7.331540,317.084170,-334.870210,4315197.500000,,3.727290,
7.184000,0.813900,0.760070,7.475100,317.114810,-334.869350,4315223.000000,1.000000,3.377380,-399.492680
7.186000,1.031800,0.844670,6.285640,317.145940,-334.869350,4315248.000000,,3.597840,
7.188000,0.824160,0.487060,4.921880,317.178340,-334.869540,4315273.000000,,3.537600,
7.190000,0.410160,0.471680,6.849610,317.210510,-334.870730,4315298.500000,,3.834960,
7.192000,0.510130,0.767760,7.177730,317.241180,-334.870640,4315324.000000,1.000000,3.652950,-399.493840
7.194000,0.903630,1.020260,6.439450,317.271640,-334.869050,4315349.000000,,3.277400,
7.196000,0.970280,1.018980,4.727050,317.303040,-334.869110,4315374.500000,,3.558110,
7.198000,0.633180,0.522950,5.024410,317.336300,-334.869810,4315400.000000,,3.559390,
7.200000,0.285830,0.490910,7.075200,317.368710,-334.871060,4315425.000000,1.000000,3.899050,-399.493440
7.202000,0.512700,0.578060,7.444340,317.400300,-334.870360,4315450.500000,,3.532470,
7.204000,0.829280,0.617800,6.654790,317.432040,-334.869870,4315475.500000,,3.560670,
7.206000,0.794680,0.521670,4.419430,317.463990,-334.870150,4315501.000000,,3.679870,
7.208000,0.433230,0.321720,5.014160,317.496090,-334.870180,4315526.500000,1.000000,3.647830,-399.492860
7.210000,0.284550,0.676760,7.157230,317.526610,-334.870390,4315551.500000,,3.791380,
7.212000,0.721620,0.798520,7.546880,317.557190,-334.869540,4315576.500000,,3.446590,
7.214000,1.020260,0.947200,6.459960,317.588010,-334.869260,4315602.000000,,3.556820,
7.216000,0.915160,0.615230,4.973140,317.620420,-334.869450,4315627.500000,1.000000,3.578610,-399.493840
7.218000,0.483220,0.438350,6.265140,317.652920,-334.870300,4315653.000000,,3.763180,
7.220000,0.426820,0.690860,7.208500,317.684020,-334.870790,4315678.000000,,3.788820,
7.222000,0.866460,0.962590,6.941890,317.714510,-334.869260,4315703.500000,,3.305600,
7.224000,1.027950,1.001040,5.434570,317.745760,-334.868840,4315728.500000,1.000000,3.500430,-399.493440
7.226000,0.745970,0.581910,4.686040,317.778870,-334.869480,4315754.000000,,3.574770,
7.228000,0.328130,0.371700,6.316410,317.811830,-334.870760,4315779.000000,,3.849060,
7.230000,0.438350,0.538330,7.464840,317.843410,-334.870570,4315804.500000,,3.654240,
7.232000,0.786990,0.512700,7.136720,317.875180,-334.869750,4315830.000000,1.000000,3.491460,-399.492280
7.232000,0.786990,0.512700,7.136720,317.875180,-334.869750,4315830.000000,1.000000,3.491460,-399.492280
7.234000,0.833130,0.515260,5.044920,317.907040,-334.870090,4315855.500000,,3.717040,
7.236000,0.534480,0.206360,4.665530,317.939420,-334.870090,4315880.500000,,3.636290,
7.236000,0.534480,0.206360,4.665530,317.939420,-334.870090,4315880.500000,,3.636290,
7.238000,0.267880,0.512700,7.034180,317.970180,-334.870360,4315905.500000,,3.832400,
7.240000,0.602420,0.735720,7.772460,318.000400,-334.869720,4315931.000000,1.000000,3.515810,-399.492610
7.242000,0.961300,0.957460,6.716310,318.030730,-334.869110,4315956.500000,,3.506840,
7.244000,0.965150,0.820310,4.757810,318.062290,-334.869320,4315981.500000,,3.608090,
7.246000,0.583190,0.540890,5.978030,318.094700,-334.869930,4316007.000000,,3.685000,
7.248000,0.370420,0.711360,7.249510,318.126010,-334.870910,4316032.000000,1.000000,3.905460,-399.493960
7.250000,0.772890,0.974120,7.454590,318.156520,-334.869600,4316057.500000,,3.381230,
7.252000,1.011290,1.065120,5.885740,318.187650,-334.868650,4316082.500000,,3.432500,
7.254000,0.843380,0.725460,4.398930,318.220400,-334.869260,4316108.000000,,3.582460,
7.256000,0.402470,0.399900,5.608890,318.253780,-334.870360,4316133.500000,1.000000,3.761900,-399.493530
7.258000,0.351200,0.575500,7.516110,318.285550,-334.870730,4316159.000000,,3.756770,
7.260000,0.728030,0.529360,7.208500,318.317470,-334.869750,4316184.000000,,3.417110,
7.262000,0.866460,0.562680,5.567870,318.349300,-334.869960,4316209.000000,,3.722170,
7.264000,0.622920,0.257630,4.655270,318.381840,-334.870060,4316234.500000,1.000000,3.583740,-399.492710
7.266000,0.262760,0.405030,6.326660,318.413090,-334.870330,4316260.000000,,3.815730,
7.268000,0.501160,0.688290,7.608400,318.443330,-334.869930,4316285.500000,,3.595280,
7.270000,0.921570,0.920290,7.003420,318.473660,-334.869200,4316310.500000,,3.432500,
7.272000,1.033080,0.885680,4.891110,318.504790,-334.869350,4316335.500000,1.000000,3.626040,-399.493410
7.274000,0.697270,0.583190,5.465330,318.537230,-334.869690,4316361.000000,,3.591430,
7.276000,0.362730,0.661380,7.280270,318.568790,-334.870910,4316386.500000,,3.937500,
7.278000,0.662660,0.930540,7.464840,318.599370,-334.870090,4316411.500000,,3.490170,
7.280000,1.010010,1.099730,6.480470,318.630190,-334.868770,4316437.000000,1.000000,3.349180,-399.493350
7.282000,0.939510,0.860050,4.316890,318.662510,-334.869200,4316462.500000,,3.581180,
7.284000,0.513980,0.375550,5.414060,318.696170,-334.870150,4316487.500000,,3.643980,
7.286000,0.303770,0.474240,7.157230,318.728420,-334.870970,4316512.500000,,3.865720,
7.288000,0.657530,0.487060,7.546880,318.760250,-334.869930,4316538.000000,1.000000,3.408140,-399.492460
7.290000,0.853640,0.506290,6.429200,318.792110,-334.869960,4316563.500000,,3.663210,
7.292000,0.697270,0.283260,4.398930,318.824460,-334.870090,4316589.000000,,3.592710,
7.294000,0.335820,0.265320,5.896000,318.856230,-334.870330,4316614.000000,,3.706790,
7.296000,0.410160,0.612670,7.669920,318.886470,-334.870210,4316639.000000,1.000000,3.682430,-399.492550
7.298000,0.858760,0.810060,7.485350,318.916780,-334.869350,4316664.500000,,3.368410,
7.300000,1.027950,0.912600,5.813960,318.947570,-334.869380,4316690.000000,,3.602970,
7.302000,0.795960,0.565250,5.270510,318.979800,-334.869600,4316715.000000,,3.537600,
7.304000,0.389650,0.567810,7.075200,319.011720,-334.870820,4316740.500000,1.000000,3.860600,-399.494080
7.306000,0.539610,0.853640,7.393070,319.042330,-334.870570,4316766.000000,,3.606810,
7.308000,0.926700,1.068970,6.459960,319.072810,-334.869020,4316791.000000,,3.285100,
7.310000,0.967710,1.015140,4.573240,319.104520,-334.869140,4316816.000000,,3.569640,
7.312000,0.608830,0.493470,5.291020,319.137970,-334.869900,4316841.500000,1.000000,3.573490,-399.493710
7.314000,0.285830,0.485780,7.075200,319.170500,-334.871060,4316867.000000,,3.899050,
7.316000,0.546020,0.534480,7.464840,319.202240,-334.870270,4316892.500000,,3.496580,
7.318000,0.834410,0.530640,6.644530,319.234250,-334.869930,4316917.500000,,3.582460,
7.320000,0.770320,0.387080,4.347660,319.266420,-334.870120,4316942.500000,1.000000,3.659360,-399.492580
7.322000,0.410160,0.230710,5.219240,319.298550,-334.870240,4316968.000000,,3.640140,
7.324000,0.307620,0.619080,7.116210,319.328920,-334.870360,4316993.500000,,3.764470,
7.326000,0.761350,0.790830,7.587890,319.359220,-334.869510,4317018.500000,,3.414550,
7.328000,1.030520,0.994630,6.357420,319.389830,-334.869290,4317044.000000,1.000000,3.561950,-399.493130
7.330000,0.892090,0.694700,5.055180,319.421880,-334.869510,4317069.500000,,3.554260,
7.332000,0.466550,0.585750,6.244630,319.454070,-334.870480,4317094.500000,,3.772160,
7.334000,0.448610,0.840820,7.270020,319.485050,-334.870820,4317120.000000,,3.736270,
7.336000,0.889530,1.075380,6.613770,319.515660,-334.869260,4317145.000000,1.000000,3.276120,-399.493470
7.338000,1.021550,1.079220,5.137210,319.547090,-334.868990,4317170.500000,,3.508120,
7.340000,0.722900,0.634460,4.932130,319.580470,-334.869630,4317196.000000,,3.549130,
7.342000,0.311460,0.456300,6.829100,319.613490,-334.870940,4317221.500000,,3.854190,
7.344000,0.458860,0.552430,7.598140,319.645390,-334.870610,4317246.500000,1.000000,3.601680,-399.492680
7.346000,0.792110,0.497310,7.136720,319.677460,-334.869810,4317271.500000,,3.501710,
7.348000,0.815190,0.455020,4.880860,319.709560,-334.870180,4317297.000000,,3.704220,
7.350000,0.501160,0.153810,4.604000,319.742030,-334.870150,4317322.500000,,3.636290,
7.352000,0.276860,0.490910,7.085450,319.772710,-334.870420,4317347.500000,1.000000,3.802920,-399.492680
7.354000,0.639590,0.703670,7.669920,319.802980,-334.869720,4317373.000000,,3.491460,
7.356000,0.968990,0.925420,6.982910,319.833340,-334.869170,4317398.000000,,3.520940,
7.358000,0.951050,0.774170,4.686040,319.864960,-334.869380,4317423.500000,,3.600400,
7.360000,0.548580,0.530640,6.019040,319.897280,-334.870000,4317448.500000,1.000000,3.709350,-399.494140
7.362000,0.379390,0.735720,7.146970,319.928500,-334.870880,4317474.000000,,3.868290,
7.364000,0.810060,0.988220,7.105960,319.959110,-334.869510,4317499.500000,,3.354310,
7.366000,1.018980,1.062560,5.906250,319.990300,-334.868710,4317525.000000,,3.447880,
7.368000,0.813900,0.713930,4.593750,320.023160,-334.869320,4317550.000000,1.000000,3.578610,-399.493620
7.370000,0.384520,0.401180,6.162600,320.056550,-334.870510,4317575.000000,,3.796510,
7.372000,0.372990,0.569090,7.444340,320.088320,-334.870700,4317600.500000,,3.728580,
7.374000,0.725460,0.517820,7.085450,320.120240,-334.869720,4317626.000000,,3.437620,
7.376000,0.834410,0.547300,5.219240,320.152070,-334.870000,4317651.000000,1.000000,3.722170,-399.492400
7.378000,0.592160,0.228150,4.583500,320.184540,-334.870090,4317676.500000,,3.596560,
7.380000,0.260190,0.426820,6.449710,320.215610,-334.870300,4317701.500000,,3.823430,
7.382000,0.537050,0.689580,7.864750,320.245850,-334.869870,4317727.000000,,3.560670,
7.384000,0.917720,0.862610,6.859860,320.276370,-334.869200,4317752.000000,1.000000,3.459410,-399.492920
7.386000,0.997190,0.778020,4.880860,320.307800,-334.869350,4317777.500000,,3.610660,
7.388000,0.647280,0.461430,5.352540,320.340420,-334.869810,4317803.000000,,3.610660,
7.390000,0.340940,0.585750,6.829100,320.372040,-334.870910,4317828.500000,,3.934940,
7.392000,0.689580,0.872860,7.464840,320.402590,-334.869960,4317853.500000,1.000000,3.446590,-399.493650
7.394000,0.997190,1.029240,6.213870,320.433530,-334.868800,4317878.500000,,3.370970,
7.396000,0.910030,0.775450,4.655270,320.465910,-334.869290,4317904.000000,,3.573490,
7.398000,0.466550,0.357600,5.537110,320.499450,-334.870270,4317929.500000,,3.669620,
7.400000,0.302490,0.512700,7.198240,320.531340,-334.870940,4317955.000000,1.000000,3.824710,-399.493100
7.402000,0.676760,0.542180,7.321290,320.563020,-334.869900,4317980.000000,,3.391480,
7.404000,0.853640,0.583190,5.906250,320.594670,-334.870000,4318005.000000,,3.676030,
7.406000,0.665220,0.376830,4.429690,320.626800,-334.870090,4318030.500000,,3.573490,
7.408000,0.299930,0.438350,6.326660,320.658140,-334.870360,4318056.000000,1.000000,3.734990,-399.492740
7.408000,0.299930,0.438350,6.326660,320.658140,-334.870360,4318056.000000,1.000000,3.734990,-399.492740
7.410000,0.440920,0.763920,7.567380,320.688290,-334.870180,4318081.000000,,3.643980,
7.412000,0.883120,0.924130,7.475100,320.718750,-334.869380,4318106.500000,,3.374820,
7.414000,1.033080,0.934390,5.352540,320.749910,-334.869420,4318132.000000,,3.602970,
7.416000,0.766480,0.575500,5.208980,320.782500,-334.869690,4318157.000000,1.000000,3.547850,-399.493990
7.418000,0.372990,0.584470,7.044430,320.814610,-334.870910,4318182.000000,,3.882390,
7.420000,0.579350,0.851070,7.587890,320.845460,-334.870450,4318207.500000,,3.568360,
7.422000,0.944640,1.030520,6.562500,320.876310,-334.868990,4318233.000000,,3.310730,
7.424000,0.948490,0.922850,4.583500,320.908450,-334.869230,4318258.500000,1.000000,3.579900,-399.493500
7.426000,0.571660,0.403750,5.342290,320.942110,-334.870000,4318283.500000,,3.592710,
7.428000,0.293520,0.457580,6.890630,320.974610,-334.871060,4318309.000000,,3.902890,
7.430000,0.584470,0.520390,7.618650,321.006260,-334.870150,4318334.000000,,3.465820,
7.432000,0.842100,0.562680,6.583010,321.038060,-334.869930,4318359.500000,1.000000,3.604250,-399.492370
7.434000,0.753660,0.434510,4.491210,321.069980,-334.870090,4318385.000000,,3.635010,
7.436000,0.390930,0.333250,5.444820,321.101780,-334.870240,4318410.000000,,3.645260,
7.438000,0.340940,0.703670,7.136720,321.131990,-334.870330,4318435.500000,,3.741390,
7.440000,0.793400,0.849790,7.495610,321.162350,-334.869480,4318460.500000,1.000000,3.385070,-399.492650
7.442000,1.042050,1.007450,5.978030,321.193120,-334.869380,4318485.500000,,3.567080,
7.444000,0.874150,0.663940,5.085940,321.225340,-334.869540,4318511.000000,,3.535030,
7.446000,0.442200,0.570370,6.736820,321.257690,-334.870640,4318536.500000,,3.792660,
7.448000,0.481930,0.788270,7.290530,321.288820,-334.870820,4318562.000000,1.000000,3.692690,-399.493740
7.450000,0.897220,0.968990,6.747070,321.319700,-334.869260,4318587.000000,,3.278690,
7.452000,1.004880,0.943360,4.665530,321.351410,-334.869110,4318612.500000,,3.531190,
7.454000,0.689580,0.456300,4.798830,321.385010,-334.869780,4318637.500000,,3.551700,
7.456000,0.299930,0.356320,6.798340,321.417820,-334.871060,4318663.000000,1.000000,3.870850,-399.493290
7.458000,0.492190,0.512700,7.792970,321.449370,-334.870510,4318688.500000,,3.559390,
7.460000,0.811340,0.537050,7.105960,321.481020,-334.869870,4318713.500000,,3.528630,
7.462000,0.812620,0.501160,4.747560,321.512820,-334.870180,4318739.000000,,3.687560,
7.464000,0.470400,0.239690,4.850100,321.544980,-334.870180,4318764.000000,1.000000,3.640140,-399.492710
7.466000,0.288390,0.604980,6.818850,321.575440,-334.870390,4318789.500000,,3.786250,
7.468000,0.681880,0.786990,7.690430,321.605710,-334.869660,4318814.500000,,3.469670,
7.470000,0.983090,0.993350,6.716310,321.636230,-334.869260,4318840.000000,,3.549130,
7.472000,0.935670,0.765200,5.137210,321.668120,-334.869450,4318865.500000,1.000000,3.585020,-399.493680
7.474000,0.519100,0.557560,6.316410,321.700500,-334.870180,4318891.000000,,3.741390,
7.476000,0.411440,0.780580,7.290530,321.731660,-334.870880,4318916.000000,,3.838810,
7.478000,0.848510,1.034360,6.993160,321.762240,-334.869420,4318941.000000,,3.344060,
7.480000,1.033080,1.068970,5.475590,321.793520,-334.868770,4318966.500000,1.000000,3.469670,-399.493440
7.482000,0.785710,0.689580,4.686040,321.826570,-334.869380,4318992.000000,,3.590150,
7.484000,0.353760,0.419130,6.439450,321.859770,-334.870640,4319017.000000,,3.834960,
7.486000,0.405030,0.610110,7.639160,321.891420,-334.870610,4319042.500000,,3.695250,
7.488000,0.749820,0.558840,7.146970,321.923310,-334.869690,4319068.000000,1.000000,3.464540,-399.492280
7.490000,0.836980,0.565250,5.301270,321.955230,-334.870000,4319093.000000,,3.722170,
7.492000,0.570370,0.251220,4.409180,321.987760,-334.870030,4319118.500000,,3.617070,
7.494000,0.262760,0.510130,6.572750,322.018710,-334.870270,4319143.500000,,3.824710,
7.496000,0.560120,0.742130,7.710940,322.049040,-334.869810,4319169.000000,1.000000,3.544010,-399.492650
7.498000,0.925420,0.925420,7.075200,322.079620,-334.869200,4319194.500000,,3.497860,
7.500000,0.976680,0.801090,4.962890,322.111240,-334.869380,4319219.500000,,3.608090,
7.502000,0.610110,0.485780,5.444820,322.143950,-334.869870,4319244.500000,,3.649110,
7.504000,0.357600,0.620360,7.239260,322.175540,-334.870910,4319270.000000,1.000000,3.933650,-399.494050
7.506000,0.731870,0.927980,7.177730,322.205990,-334.869810,4319295.500000,,3.419680,
7.508000,0.995910,1.108700,6.060060,322.236790,-334.868710,4319320.500000,,3.401730,
7.510000,0.874150,0.866460,4.675780,322.269010,-334.869260,4319346.000000,,3.578610,
7.512000,0.425540,0.487060,5.690920,322.302310,-334.870360,4319371.500000,1.000000,3.723450,-399.493650
7.514000,0.319150,0.622920,7.475100,322.334110,-334.870850,4319396.500000,,3.793950,
7.516000,0.689580,0.575500,7.054690,322.366030,-334.869810,4319421.500000,,3.403020,
7.518000,0.857480,0.583190,5.588380,322.397860,-334.869960,4319447.000000,,3.700380,
7.520000,0.644710,0.326840,4.470700,322.430270,-334.870060,4319472.500000,1.000000,3.577330,-399.492740
7.522000,0.283260,0.424260,6.490720,322.461730,-334.870330,4319498.000000,,3.778560,
7.524000,0.470400,0.708800,7.823730,322.492130,-334.870060,4319523.000000,,3.618350,
7.526000,0.890810,0.888240,7.218750,322.522770,-334.869350,4319548.000000,,3.413270,
7.528000,1.022830,0.861330,5.465330,322.554080,-334.869450,4319573.500000,1.000000,3.622190,-399.493440
7.530000,0.715210,0.508850,5.055180,322.586760,-334.869720,4319599.000000,,3.570920,
7.532000,0.365300,0.548580,7.105960,322.618710,-334.870910,4319624.500000,,3.920840,
7.534000,0.622920,0.862610,7.393070,322.649260,-334.870270,4319649.500000,,3.541440,
7.536000,0.976680,1.085630,6.818850,322.679840,-334.868840,4319675.000000,1.000000,3.333800,-399.493440
7.538000,0.934390,0.960020,4.562990,322.711760,-334.869140,4319700.000000,,3.583740,
7.540000,0.530640,0.483220,5.332030,322.745060,-334.870060,4319725.500000,,3.620910,
7.542000,0.292240,0.576780,6.952150,322.777160,-334.870970,4319750.500000,,3.890080,
7.544000,0.608830,0.593440,7.300780,322.808840,-334.870000,4319776.000000,1.000000,3.436340,-399.492610
7.546000,0.838260,0.589600,6.265140,322.840730,-334.869930,4319801.500000,,3.638850,
7.548000,0.717770,0.372990,4.357910,322.872990,-334.870030,4319826.500000,,3.609380,
7.550000,0.361450,0.292240,5.875490,322.904940,-334.870240,4319851.500000,,3.669620,
7.552000,0.364010,0.622920,7.536620,322.935460,-334.870240,4319877.000000,1.000000,3.717040,-399.492740
7.554000,0.806210,0.758790,7.352050,322.966060,-334.869450,4319902.500000,,3.382510,
7.556000,1.018980,0.862610,5.660160,322.997070,-334.869450,4319928.000000,,3.591430,
7.558000,0.820310,0.528080,4.788570,323.029450,-334.869600,4319953.500000,,3.532470,
7.560000,0.410160,0.510130,6.685550,323.061490,-334.870730,4319978.500000,1.000000,3.815730,-399.494230
7.562000,0.505000,0.812620,7.454590,323.092160,-334.870700,4320003.500000,,3.651670,
7.564000,0.899780,1.061280,6.716310,323.122590,-334.869110,4320029.000000,,3.278690,
7.566000,0.972840,1.057430,4.809080,323.153960,-334.869110,4320054.500000,,3.544010,
7.568000,0.639590,0.585750,4.511720,323.187160,-334.869810,4320079.500000,1.000000,3.554260,-399.493770
7.570000,0.287110,0.553710,6.890630,323.219570,-334.871060,4320105.000000,,3.886230,
7.572000,0.507570,0.654970,7.085450,323.251130,-334.870390,4320130.500000,,3.522220,
7.574000,0.825440,0.653690,6.952150,323.282960,-334.869870,4320155.500000,,3.547850,
7.576000,0.789550,0.542180,4.921880,323.315090,-334.870150,4320180.500000,1.000000,3.670900,-399.492610
7.578000,0.434510,0.287110,5.014160,323.347440,-334.870180,4320206.000000,,3.628600,
7.580000,0.284550,0.624210,7.198240,323.378140,-334.870360,4320231.500000,,3.782410,
7.582000,0.719060,0.738280,7.444340,323.408840,-334.869600,4320257.000000,,3.449160,
7.584000,1.013850,0.898500,6.347170,323.439700,-334.869320,4320282.000000,1.000000,3.560670,-399.493130
7.584000,1.013850,0.898500,6.347170,323.439700,-334.869320,4320282.000000,1.000000,3.560670,-399.493130
7.586000,0.915160,0.640870,5.024410,323.471830,-334.869510,4320307.000000,,3.573490,
7.588000,0.487060,0.503720,6.583010,323.504090,-334.870300,4320332.500000,,3.754210,
7.590000,0.426820,0.784420,7.393070,323.534940,-334.870820,4320358.000000,,3.783690,
7.592000,0.858760,1.063840,7.003420,323.565340,-334.869320,4320383.000000,1.000000,3.309450,-399.493530
7.594000,1.022830,1.097170,5.147460,323.596530,-334.868840,4320408.500000,,3.485050,
7.596000,0.749820,0.684450,4.491210,323.629610,-334.869480,4320434.000000,,3.564510,
7.598000,0.339660,0.458860,6.275390,323.662630,-334.870760,4320459.000000,,3.837520,
7.600000,0.444760,0.624210,7.680180,323.694340,-334.870610,4320484.000000,1.000000,3.650390,-399.492740
7.602000,0.786990,0.566530,7.444340,323.726230,-334.869780,4320509.500000,,3.477360,
7.604000,0.828000,0.563960,4.952640,323.758240,-334.870090,4320535.000000,,3.711910,
7.606000,0.539610,0.231990,4.665530,323.790830,-334.870090,4320560.500000,,3.620910,
7.608000,0.270450,0.515260,6.500980,323.821690,-334.870360,4320585.500000,1.000000,3.818300,-399.492740
7.610000,0.596010,0.734440,7.577640,323.852020,-334.869780,4320610.500000,,3.520940,
7.612000,0.958740,0.929260,7.013670,323.882540,-334.869200,4320636.000000,,3.505550,
7.614000,0.965150,0.781860,5.106450,323.914150,-334.869420,4320661.500000,,3.604250,
7.616000,0.592160,0.490910,5.772950,323.946660,-334.869960,4320686.500000,1.000000,3.672180,-399.494110
7.618000,0.376830,0.689580,7.280270,323.977870,-334.870910,4320712.000000,,3.900330,
7.620000,0.770320,0.994630,6.962400,324.008180,-334.869660,4320737.500000,,3.385070,
7.622000,0.998470,1.125370,5.567870,324.039060,-334.868680,4320762.500000,,3.420960,
7.624000,0.838260,0.801090,4.337400,324.071590,-334.869260,4320788.000000,1.000000,3.574770,-399.493560
7.626000,0.407590,0.462710,5.906250,324.104980,-334.870420,4320813.000000,,3.754210,
7.628000,0.348630,0.626770,7.639160,324.136780,-334.870790,4320838.500000,,3.758060,
7.630000,0.720340,0.579350,7.116210,324.168760,-334.869810,4320864.000000,,3.414550,
7.632000,0.863890,0.593440,5.362790,324.200650,-334.870030,4320889.000000,1.000000,3.715760,-399.492430
7.634000,0.622920,0.314030,4.316890,324.233120,-334.870090,4320914.000000,,3.585020,
7.636000,0.269170,0.481930,6.336910,324.264310,-334.870330,4320939.500000,,3.805480,
7.638000,0.497310,0.774170,7.598140,324.294490,-334.869960,4320965.000000,,3.593990,
7.640000,0.910030,0.989500,7.546880,324.324890,-334.869260,4320990.500000,1.000000,3.432500,-399.492800
7.642000,1.024110,0.952330,5.383300,324.356050,-334.869380,4321015.500000,,3.615780,
7.644000,0.697270,0.620360,5.239750,324.388550,-334.869750,4321041.000000,,3.583740,
7.646000,0.372990,0.703670,6.982910,324.420170,-334.870910,4321066.000000,,3.927250,
7.648000,0.663940,0.976680,7.341800,324.450780,-334.870120,4321091.500000,1.000000,3.491460,-399.493560
7.650000,0.998470,1.126650,6.285640,324.481660,-334.868840,4321116.500000,,3.346620,
7.652000,0.919010,0.886960,4.727050,324.514070,-334.869260,4321142.000000,,3.577330,
7.654000,0.505000,0.407590,5.772950,324.547760,-334.870150,4321167.500000,,3.633730,
7.656000,0.303770,0.503720,7.229000,324.580050,-334.870940,4321193.000000,1.000000,3.849060,-399.493010
7.658000,0.651120,0.510130,7.290530,324.611940,-334.869960,4321217.500000,,3.405580,
7.660000,0.851070,0.534480,5.957520,324.643860,-334.870000,4321243.000000,,3.655520,
7.662000,0.698550,0.342220,4.368160,324.676060,-334.870090,4321268.500000,,3.583740,
7.664000,0.338380,0.335820,6.070310,324.707700,-334.870360,4321294.000000,1.000000,3.695250,-399.492740
7.666000,0.405030,0.687010,7.885250,324.737920,-334.870240,4321319.000000,,3.679870,
7.668000,0.848510,0.883120,7.485350,324.768130,-334.869450,4321344.500000,,3.372250,
7.670000,1.022830,1.010010,5.701170,324.798800,-334.869450,4321369.500000,,3.599120,
7.672000,0.789550,0.688290,4.727050,324.830900,-334.869630,4321395.000000,1.000000,3.531190,-399.493990
7.674000,0.388370,0.707520,6.603520,324.862670,-334.870820,4321420.000000,,3.842650,
7.676000,0.533200,0.984380,7.505860,324.893310,-334.870610,4321445.500000,,3.601680,
7.678000,0.925420,1.149720,6.767580,324.924010,-334.869110,4321471.000000,,3.278690,
7.680000,0.970280,1.052310,4.809080,324.955960,-334.869200,4321496.500000,1.000000,3.564510,-399.493560
7.682000,0.612670,0.484500,5.208980,324.989780,-334.869900,4321521.500000,,3.560670,
7.684000,0.288390,0.447330,6.808590,325.022610,-334.871060,4321546.500000,,3.882390,
7.686000,0.537050,0.485780,7.372560,325.054530,-334.870300,4321572.000000,,3.490170,
7.688000,0.826720,0.497310,6.531740,325.086580,-334.869960,4321597.500000,1.000000,3.578610,-399.492400
7.690000,0.770320,0.372990,4.819340,325.118740,-334.870150,4321623.000000,,3.647830,
7.692000,0.415280,0.205080,5.373050,325.150790,-334.870240,4321648.000000,,3.629880,
7.694000,0.311460,0.604980,7.331540,325.181090,-334.870360,4321673.000000,,3.759340,
7.696000,0.754940,0.784420,7.321290,325.211300,-334.869540,4321698.500000,1.000000,3.410710,-399.492680
7.698000,1.020260,0.975400,6.295900,325.241760,-334.869350,4321723.500000,,3.554260,
7.700000,0.885680,0.685730,4.747560,325.273710,-334.869510,4321749.000000,,3.550420,
7.702000,0.467830,0.571660,6.675290,325.305820,-334.870450,4321774.500000,,3.754210,
7.704000,0.448610,0.834410,7.352050,325.336670,-334.870850,4321800.000000,1.000000,3.731140,-399.493840
7.706000,0.881840,1.060000,7.064940,325.367220,-334.869320,4321825.000000,,3.281250,
7.708000,1.012570,1.070250,5.167970,325.398560,-334.869050,4321850.000000,,3.509400,
7.710000,0.713930,0.631900,4.511720,325.431820,-334.869660,4321875.500000,,3.545290,
7.712000,0.315310,0.442200,6.531740,325.464810,-334.870940,4321901.000000,1.000000,3.842650,-399.493320
7.714000,0.469120,0.543460,7.475100,325.496670,-334.870640,4321926.500000,,3.601680,
7.716000,0.794680,0.475520,7.300780,325.528690,-334.869870,4321951.500000,,3.497860,
7.718000,0.813900,0.455020,5.106450,325.560700,-334.870210,4321976.500000,,3.700380,
7.720000,0.499880,0.194820,4.901370,325.592990,-334.870180,4322002.000000,1.000000,3.627320,-399.492740
7.722000,0.275570,0.553710,6.654790,325.623500,-334.870420,4322027.500000,,3.796510,
7.724000,0.639590,0.765200,7.485350,325.653720,-334.869750,4322052.500000,,3.490170,
7.726000,0.966430,0.965150,6.695800,325.684140,-334.869200,4322078.000000,,3.510680,
7.728000,0.954900,0.775450,4.860350,325.715910,-334.869420,4322103.500000,1.000000,3.592710,-399.493680
7.730000,0.560120,0.503720,6.224120,325.748410,-334.870060,4322128.500000,,3.702940,
7.732000,0.384520,0.706240,7.495610,325.779690,-334.870910,4322153.500000,,3.864440,
7.734000,0.808780,0.972840,6.993160,325.810240,-334.869570,4322179.000000,,3.358150,
7.736000,1.008730,1.065120,5.475590,325.841370,-334.868740,4322204.500000,1.000000,3.446590,-399.493470
7.738000,0.808780,0.748540,4.050290,325.874020,-334.869350,4322230.000000,,3.577330,
7.740000,0.388370,0.437070,6.162600,325.907260,-334.870540,4322255.000000,,3.786250,
7.742000,0.385800,0.608830,7.495610,325.938960,-334.870730,4322280.000000,,3.732420,
7.744000,0.740840,0.554990,7.434080,325.970830,-334.869750,4322305.500000,1.000000,3.424800,-399.492430
7.744000,0.740840,0.554990,7.434080,325.970830,-334.869750,4322305.500000,1.000000,3.424800,-399.492430
7.746000,0.844670,0.583190,5.373050,326.002590,-334.870000,4322331.000000,,3.719600,
7.748000,0.594730,0.271730,4.398930,326.035060,-334.870090,4322356.500000,,3.593990,
7.750000,0.256350,0.463990,6.101070,326.066190,-334.870360,4322381.500000,,3.814450,
7.752000,0.530640,0.690860,7.321290,326.096590,-334.869960,4322407.000000,1.000000,3.564510,-399.492680
7.754000,0.924130,0.861330,7.126460,326.127200,-334.869260,4322432.000000,,3.456850,
7.756000,1.011290,0.770320,5.444820,326.158720,-334.869420,4322457.000000,,3.605530,
7.758000,0.658810,0.438350,5.598630,326.191440,-334.869840,4322482.500000,,3.604250,
7.760000,0.353760,0.557560,7.085450,326.223110,-334.870970,4322508.000000,1.000000,3.931090,-399.494080
7.762000,0.697270,0.853640,7.372560,326.253660,-334.870060,4322533.500000,,3.450440,
7.764000,1.002320,1.013850,5.967770,326.284480,-334.868870,4322558.500000,,3.373540,
7.766000,0.908750,0.763920,4.388670,326.316860,-334.869320,4322584.000000,,3.579900,
7.768000,0.470400,0.347350,5.813960,326.350310,-334.870270,4322609.000000,1.000000,3.658080,-399.493590
7.770000,0.310180,0.501160,7.505860,326.382170,-334.870940,4322634.500000,,3.819580,
7.772000,0.683170,0.510130,7.587890,326.413820,-334.869930,4322660.000000,,3.390200,
7.774000,0.860050,0.551150,5.670410,326.445470,-334.870030,4322685.000000,,3.669620,
7.776000,0.678040,0.326840,4.193850,326.477570,-334.870090,4322710.500000,1.000000,3.568360,-399.492580
7.778000,0.317870,0.371700,6.121580,326.508910,-334.870360,4322735.500000,,3.723450,
7.780000,0.446040,0.681880,7.495610,326.539180,-334.870180,4322761.000000,,3.642700,
7.782000,0.885680,0.812620,7.659670,326.569670,-334.869420,4322786.000000,,3.379940,
7.784000,1.024110,0.844670,5.762700,326.600800,-334.869510,4322811.500000,1.000000,3.608090,-399.493230
7.786000,0.763920,0.490910,4.962890,326.633330,-334.869690,4322837.000000,,3.538880,
7.788000,0.383240,0.519100,6.685550,326.665310,-334.870910,4322862.500000,,3.878540,
7.790000,0.594730,0.802370,7.239260,326.696010,-334.870510,4322887.500000,,3.574770,
7.792000,0.952330,0.985660,6.613770,326.726780,-334.869020,4322912.500000,1.000000,3.310730,-399.493350
7.794000,0.956180,0.889530,4.737300,326.758730,-334.869260,4322938.000000,,3.585020,
7.796000,0.574220,0.394780,5.403810,326.792180,-334.870000,4322963.500000,,3.592710,
7.798000,0.289670,0.474240,7.034180,326.824460,-334.871030,4322988.500000,,3.888790,
7.800000,0.579350,0.530640,7.475100,326.855990,-334.870150,4323014.000000,1.000000,3.464540,-399.492550
7.802000,0.845950,0.557560,5.926760,326.887760,-334.869930,4323039.000000,,3.602970,
7.804000,0.763920,0.392210,4.450200,326.919800,-334.870090,4323064.500000,,3.629880,
7.806000,0.399900,0.260190,5.711430,326.951720,-334.870240,4323089.500000,,3.640140,
7.808000,0.340940,0.626770,7.372560,326.982030,-334.870330,4323115.000000,1.000000,3.736270,-399.492610
7.810000,0.789550,0.770320,7.680180,327.012450,-334.869540,4323140.500000,,3.395320,
7.812000,1.040770,0.901060,5.978030,327.043300,-334.869450,4323166.000000,,3.569640,
7.814000,0.879270,0.546020,4.891110,327.075620,-334.869600,4323191.000000,,3.537600,
7.816000,0.448610,0.431950,6.275390,327.108030,-334.870640,4323216.000000,1.000000,3.787540,-399.494050
7.818000,0.485780,0.662660,7.475100,327.139040,-334.870850,4323241.500000,,3.697810,
7.820000,0.902340,0.892090,7.044430,327.169680,-334.869260,4323267.000000,,3.282530,
7.822000,1.004880,0.912600,5.239750,327.201080,-334.869110,4323292.500000,,3.526060,
7.824000,0.695980,0.481930,4.757810,327.234310,-334.869750,4323317.500000,1.000000,3.550420,-399.493500
7.826000,0.308900,0.403750,6.583010,327.266820,-334.871030,4323342.500000,,3.858030,
7.828000,0.493470,0.558840,7.454590,327.298310,-334.870540,4323368.000000,,3.559390,
7.830000,0.808780,0.520390,6.818850,327.330020,-334.869900,4323393.000000,,3.527340,
7.832000,0.808780,0.470400,4.911620,327.361940,-334.870210,4323418.500000,1.000000,3.687560,-399.492370
7.834000,0.478090,0.193540,5.229490,327.394230,-334.870180,4323444.000000,,3.632450,
7.836000,0.297360,0.574220,7.177730,327.424710,-334.870390,4323469.500000,,3.788820,
7.838000,0.690860,0.765200,7.598140,327.454990,-334.869690,4323494.500000,,3.474790,
7.840000,0.992070,0.957460,6.459960,327.485530,-334.869260,4323519.500000,1.000000,3.545290,-399.492950
7.842000,0.939510,0.720340,4.932130,327.517490,-334.869450,4323545.000000,,3.591430,
7.844000,0.516540,0.467830,6.142090,327.549990,-334.870180,4323570.500000,,3.736270,
7.846000,0.405030,0.680600,7.546880,327.581240,-334.870880,4323596.000000,,3.841370,
7.848000,0.845950,0.920290,7.239260,327.611880,-334.869450,4323621.000000,1.000000,3.346620,-399.493440
7.850000,1.036930,0.962590,5.444820,327.643190,-334.868770,4323646.500000,,3.474790,
7.852000,0.793400,0.607540,4.327150,327.676090,-334.869380,4323671.500000,,3.583740,
7.854000,0.364010,0.335820,5.967770,327.709260,-334.870570,4323697.000000,,3.818300,
7.856000,0.406310,0.516540,7.341800,327.740940,-334.870610,4323722.000000,1.000000,3.699100,-399.492710
7.858000,0.748540,0.437070,7.198240,327.772890,-334.869720,4323747.500000,,3.464540,
7.860000,0.836980,0.446040,5.455080,327.804750,-334.870000,4323773.000000,,3.726010,
7.862000,0.575500,0.153810,4.583500,327.837160,-334.870030,4323798.000000,,3.611940,
7.864000,0.269170,0.422970,6.470210,327.868010,-334.870240,4323823.000000,1.000000,3.820860,-399.492740
7.866000,0.558840,0.653690,7.352050,327.898190,-334.869810,4323848.500000,,3.546570,
7.868000,0.919010,0.861330,7.034180,327.928650,-334.869230,4323874.000000,,3.497860,
7.870000,0.971560,0.756230,5.034670,327.960080,-334.869380,4323899.500000,,3.605530,
7.872000,0.622920,0.455020,5.629390,327.992610,-334.869870,4323924.500000,1.000000,3.641420,-399.494110
7.874000,0.361450,0.617800,7.413570,328.023990,-334.870880,4323950.000000,,3.925960,
7.876000,0.724180,0.915160,7.331540,328.054380,-334.869810,4323975.000000,,3.418400,
7.878000,0.989500,1.070250,5.885740,328.085170,-334.868770,4324000.500000,,3.405580,
7.880000,0.874150,0.790830,4.224610,328.117520,-334.869290,4324026.000000,1.000000,3.574770,-399.493650
7.882000,0.433230,0.383240,5.957520,328.151000,-334.870330,4324051.000000,,3.705510,
7.884000,0.328130,0.497310,7.403320,328.182950,-334.870820,4324076.500000,,3.784970,
7.886000,0.690860,0.480650,7.598140,328.214840,-334.869810,4324101.500000,,3.397890,
7.888000,0.857480,0.506290,5.721680,328.246610,-334.869960,4324126.500000,1.000000,3.688840,-399.492430
7.890000,0.642150,0.273010,4.388670,328.278930,-334.870060,4324152.000000,,3.570920,
7.892000,0.284550,0.356320,6.306150,328.310360,-334.870300,4324177.500000,,3.761900,
7.894000,0.475520,0.647280,7.362300,328.340700,-334.870090,4324203.000000,,3.618350,
7.896000,0.899780,0.817750,7.546880,328.371250,-334.869380,4324228.000000,1.000000,3.410710,-399.492800
7.898000,1.030520,0.839540,5.670410,328.402340,-334.869450,4324253.500000,,3.622190,
7.900000,0.726750,0.516540,5.373050,328.434810,-334.869690,4324278.500000,,3.556820,
7.902000,0.361450,0.562680,6.941890,328.466610,-334.870910,4324304.000000,,3.914430,
7.904000,0.613950,0.858760,7.280270,328.497190,-334.870300,4324329.500000,1.000000,3.545290,-399.493620
7.906000,0.983090,1.044620,6.511230,328.527860,-334.868900,4324354.500000,,3.336360,
7.908000,0.957460,0.912600,4.419430,328.559810,-334.869200,4324380.000000,,3.591430,
7.910000,0.551150,0.420410,5.578130,328.593170,-334.870030,4324405.000000,,3.615780,
7.912000,0.301210,0.512700,7.382810,328.625340,-334.870910,4324430.500000,1.000000,3.877260,-399.493230
7.914000,0.606260,0.530640,7.475100,328.657040,-334.870000,4324455.500000,,3.432500,
7.916000,0.838260,0.502440,5.957520,328.689090,-334.869900,4324481.000000,,3.632450,
7.918000,0.724180,0.283260,4.060550,328.721470,-334.870030,4324506.500000,,3.604250,
7.920000,0.374270,0.179440,5.639650,328.753510,-334.870240,4324532.000000,1.000000,3.658080,-399.492740
7.922000,0.376830,0.544740,7.177730,328.783870,-334.870210,4324557.000000,,3.711910,
7.924000,0.813900,0.694700,7.957030,328.814330,-334.869420,4324582.000000,,3.376100,
7.926000,1.027950,0.829280,5.957520,328.845180,-334.869450,4324607.500000,,3.585020,
7.928000,0.822880,0.507570,4.860350,328.877350,-334.869570,4324633.000000,1.000000,3.522220,-399.493960
7.928000,0.822880,0.507570,4.860350,328.877350,-334.869570,4324633.000000,1.000000,3.522220,-399.493960
7.930000,0.415280,0.470400,6.326660,328.909420,-334.870730,4324658.000000,,3.813170,
7.932000,0.511410,0.749820,7.044430,328.940060,-334.870760,4324683.500000,,3.655520,
7.934000,0.910030,0.984380,6.931640,328.970520,-334.869170,4324709.000000,,3.277400,
7.936000,0.977970,0.984380,4.870610,329.001920,-334.869140,4324734.000000,1.000000,3.540160,-399.493560
7.938000,0.646000,0.496030,5.260250,329.035160,-334.869810,4324759.500000,,3.551700,
7.940000,0.292240,0.472960,6.880370,329.067540,-334.871060,4324784.500000,,3.877260,
7.942000,0.510130,0.563960,7.444340,329.099150,-334.870420,4324810.000000,,3.522220,
7.944000,0.822880,0.515260,6.603520,329.131100,-334.869960,4324835.500000,1.000000,3.550420,-399.492370
7.946000,0.795960,0.420410,4.501460,329.163180,-334.870180,4324860.500000,,3.673460,
7.948000,0.440920,0.185850,5.342290,329.195400,-334.870180,4324885.500000,,3.628600,
7.950000,0.293520,0.553710,7.300780,329.225890,-334.870360,4324911.000000,,3.778560,
7.952000,0.719060,0.708800,7.833980,329.256350,-334.869600,4324936.500000,1.000000,3.449160,-399.492650
7.954000,1.008730,0.889530,6.480470,329.286990,-334.869320,4324961.500000,,3.552980,
7.956000,0.913880,0.643430,4.850100,329.319000,-334.869510,4324987.000000,,3.574770,
7.958000,0.489620,0.474240,6.121580,329.351290,-334.870270,4325012.500000,,3.742680,
7.960000,0.426820,0.737000,7.157230,329.382290,-334.870820,4325037.500000,1.000000,3.783690,-399.493840
7.962000,0.857480,0.985660,7.146970,329.412810,-334.869380,4325062.500000,,3.317140,
7.964000,1.021550,1.013850,5.496090,329.444060,-334.868930,4325088.000000,,3.495300,
7.966000,0.752380,0.620360,4.583500,329.477140,-334.869510,4325113.500000,,3.564510,
7.968000,0.348630,0.372990,6.244630,329.510220,-334.870730,4325139.000000,1.000000,3.828550,-399.493290
7.970000,0.447330,0.542180,7.352050,329.541930,-334.870610,4325164.000000,,3.654240,
7.972000,0.790830,0.485780,7.136720,329.573850,-334.869780,4325189.000000,,3.473510,
7.974000,0.831850,0.492190,5.075680,329.605710,-334.870090,4325214.500000,,3.714480,
7.976000,0.542180,0.188420,4.891110,329.638150,-334.870090,4325240.000000,1.000000,3.615780,-399.492710
7.978000,0.273010,0.455020,6.552250,329.669040,-334.870330,4325265.500000,,3.809330,
7.980000,0.601140,0.665220,7.659670,329.699370,-334.869810,4325290.500000,,3.522220,
7.982000,0.963870,0.843380,6.572750,329.729950,-334.869230,4325316.000000,,3.501710,
7.984000,0.968990,0.719060,4.788570,329.761540,-334.869420,4325341.000000,1.000000,3.600400,-399.493560
7.986000,0.596010,0.428100,5.906250,329.794040,-334.869960,4325366.500000,,3.660640,
7.988000,0.372990,0.639590,7.280270,329.825290,-334.870910,4325391.500000,,3.896480,
7.990000,0.769040,0.948490,7.567380,329.855620,-334.869690,4325417.000000,,3.381230,
7.992000,1.004880,1.068970,5.649900,329.886570,-334.868770,4325442.500000,1.000000,3.428650,-399.493410
7.994000,0.856200,0.765200,4.347660,329.919070,-334.869320,4325468.000000,,3.574770,
7.996000,0.417850,0.397340,5.772950,329.952550,-334.870390,4325492.500000,,3.733700,
7.998000,0.353760,0.547300,7.382810,329.984440,-334.870790,4325518.000000,,3.755490,
8.000000,0.721620,0.497310,7.362300,330.016480,-334.869810,4325543.500000,1.000000,3.401730,-399.492400
8.002000,0.863890,0.503720,5.762700,330.048460,-334.870030,4325569.000000,,3.705510,
8.004000,0.628050,0.223020,4.552730,330.080960,-334.870090,4325594.500000,,3.574770,
8.006000,0.278140,0.360170,6.336910,330.112210,-334.870300,4325619.500000,,3.792660,
8.008000,0.505000,0.658810,7.444340,330.142490,-334.870000,4325644.500000,1.000000,3.588870,-399.492610
8.010000,0.913880,0.828000,7.136720,330.173000,-334.869320,4325670.000000,,3.422240,
8.012000,1.024110,0.806210,5.537110,330.204160,-334.869450,4325695.500000,,3.620910,
8.014000,0.699830,0.481930,5.557620,330.236660,-334.869750,4325720.500000,,3.569640,
8.016000,0.379390,0.557560,7.023930,330.268310,-334.870910,4325746.000000,1.000000,3.916990,-399.493960
8.018000,0.665220,0.836980,7.505860,330.298890,-334.870180,4325771.500000,,3.496580,
8.020000,1.004880,1.008730,6.213870,330.329680,-334.868900,4325796.000000,,3.346620,
8.022000,0.922850,0.834410,4.378420,330.361790,-334.869290,4325821.500000,,3.585020,
8.024000,0.510130,0.389650,5.557620,330.395260,-334.870150,4325847.000000,1.000000,3.622190,-399.493470
8.026000,0.308900,0.511410,7.321290,330.427430,-334.870970,4325872.500000,,3.843930,
8.028000,0.652400,0.503720,7.557130,330.459290,-334.870000,4325898.000000,,3.406860,
8.030000,0.852360,0.487060,5.998540,330.491360,-334.870030,4325923.000000,,3.654240,
8.032000,0.701110,0.284550,4.204100,330.523680,-334.870090,4325948.000000,1.000000,3.583740,-399.492490
8.034000,0.346070,0.261470,5.690920,330.555420,-334.870330,4325973.500000,,3.685000,
8.036000,0.405030,0.653690,7.526370,330.585570,-334.870210,4325999.000000,,3.674740,
8.038000,0.849790,0.833130,7.434080,330.615840,-334.869420,4326024.000000,,3.363280,
8.040000,1.017700,0.960020,6.049800,330.646550,-334.869480,4326049.500000,1.000000,3.595280,-399.493230
8.042000,0.790830,0.638310,5.024410,330.678680,-334.869630,4326075.000000,,3.523500,
8.044000,0.394780,0.604980,6.644530,330.710690,-334.870820,4326100.000000,,3.828550,
8.046000,0.539610,0.862610,7.454590,330.741490,-334.870640,4326125.000000,,3.602970,
8.048000,0.922850,1.042050,6.521480,330.772250,-334.869110,4326150.500000,1.000000,3.278690,-399.493440
8.050000,0.956180,0.994630,4.634770,330.804080,-334.869260,4326176.000000,,3.563230,
8.052000,0.607540,0.472960,5.178220,330.837680,-334.869930,4326201.500000,,3.554260,
8.054000,0.292240,0.462710,7.218750,330.870360,-334.871060,4326226.500000,,3.879820,
8.056000,0.543460,0.519100,7.690430,330.902250,-334.870360,4326251.500000,1.000000,3.488890,-399.492710
8.058000,0.835690,0.487060,6.459960,330.934390,-334.870000,4326277.000000,,3.574770,
8.060000,0.778020,0.388370,4.368160,330.966520,-334.870180,4326302.500000,,3.652950,
8.062000,0.422970,0.211490,5.660160,330.998690,-334.870240,4326327.500000,,3.628600,
8.064000,0.307620,0.617800,6.931640,331.029050,-334.870360,4326353.000000,1.000000,3.758060,-399.492710
8.066000,0.752380,0.780580,7.957030,331.059360,-334.869570,4326378.500000,,3.410710,
8.068000,1.025390,0.971560,6.613770,331.089940,-334.869380,4326403.500000,,3.554260,
8.070000,0.892090,0.680600,5.034670,331.121890,-334.869540,4326428.500000,,3.551700,
8.072000,0.474240,0.540890,6.408690,331.154140,-334.870450,4326454.000000,1.000000,3.755490,-399.494140
8.074000,0.447330,0.806210,7.054690,331.185090,-334.870850,4326479.500000,,3.728580,
8.076000,0.884400,1.025390,7.064940,331.215700,-334.869350,4326505.000000,,3.281250,
8.078000,1.017700,1.044620,5.250000,331.247070,-334.869050,4326530.000000,,3.515810,
8.080000,0.725460,0.606260,4.952640,331.280400,-334.869660,4326555.000000,1.000000,3.540160,-399.493530
8.080000,0.725460,0.606260,4.952640,331.280400,-334.869660,4326555.000000,1.000000,3.540160,-399.493530
8.082000,0.328130,0.376830,6.603520,331.313540,-334.870910,4326580.500000,,3.841370,
8.084000,0.475520,0.502440,7.505860,331.345460,-334.870640,4326606.000000,,3.605530,
8.086000,0.794680,0.429380,6.982910,331.377560,-334.869900,4326631.000000,,3.491460,
8.088000,0.811340,0.446040,4.624510,331.409480,-334.870210,4326656.500000,1.000000,3.708070,-399.492370
8.090000,0.512700,0.203800,5.085940,331.441710,-334.870150,4326682.000000,,3.624760,
8.092000,0.293520,0.560120,6.962400,331.472290,-334.870390,4326707.000000,,3.799070,
8.094000,0.646000,0.758790,7.792970,331.502560,-334.869780,4326732.500000,,3.496580,
8.096000,0.974120,0.929260,6.685550,331.533080,-334.869260,4326757.500000,1.000000,3.517090,-399.492920
8.098000,0.944640,0.763920,4.542480,331.564790,-334.869450,4326783.000000,,3.601680,
8.100000,0.558840,0.502440,5.813960,331.597200,-334.870030,4326808.500000,,3.691410,
8.102000,0.385800,0.734440,7.116210,331.628390,-334.870880,4326834.000000,,3.859310,
8.104000,0.811340,1.003600,7.341800,331.658910,-334.869600,4326859.000000,1.000000,3.363280,-399.493470
8.106000,1.018980,1.092040,5.875490,331.689970,-334.868800,4326884.000000,,3.454280,
8.108000,0.820310,0.784420,4.480960,331.722630,-334.869380,4326909.500000,,3.582460,
8.110000,0.392210,0.442200,5.834470,331.756010,-334.870510,4326935.000000,,3.773440,
8.112000,0.374270,0.589600,7.280270,331.787870,-334.870730,4326960.000000,1.000000,3.733700,-399.492860
8.114000,0.735720,0.517820,6.952150,331.819920,-334.869750,4326985.500000,,3.428650,
8.116000,0.849790,0.546020,5.649900,331.851840,-334.870030,4327010.500000,,3.722170,
8.118000,0.602420,0.271730,4.542480,331.884190,-334.870090,4327036.000000,,3.597840,
8.120000,0.267880,0.474240,6.511230,331.915220,-334.870300,4327061.000000,1.000000,3.809330,-399.492740
8.122000,0.533200,0.731870,7.751950,331.945530,-334.869930,4327086.500000,,3.567080,
8.124000,0.917720,0.890810,6.829100,331.976140,-334.869260,4327112.000000,,3.459410,
8.126000,1.003600,0.853640,5.126950,332.007420,-334.869420,4327137.500000,,3.610660,
8.128000,0.667790,0.554990,5.403810,332.039980,-334.869810,4327162.500000,1.000000,3.604250,-399.494050
8.130000,0.358890,0.653690,7.157230,332.071690,-334.870910,4327187.500000,,3.922120,
8.132000,0.690860,0.903630,7.659670,332.102390,-334.870090,4327213.000000,,3.459410,
8.134000,0.997190,1.048460,6.326660,332.133450,-334.868930,4327238.500000,,3.374820,
8.136000,0.910030,0.810060,4.357910,332.165830,-334.869350,4327264.000000,1.000000,3.583740,-399.493530
8.138000,0.485780,0.401180,5.629390,332.199310,-334.870270,4327289.000000,,3.656800,
8.140000,0.325560,0.558840,7.064940,332.231260,-334.870910,4327314.000000,,3.808040,
8.142000,0.685730,0.588320,7.290530,332.262880,-334.869930,4327339.500000,,3.400450,
8.144000,0.853640,0.603700,6.008790,332.294590,-334.870030,4327364.500000,1.000000,3.668330,-399.492310
8.146000,0.675480,0.393490,4.378420,332.326690,-334.870090,4327390.000000,,3.572200,
8.148000,0.320430,0.399900,6.019040,332.358180,-334.870330,4327415.500000,,3.714480,
8.150000,0.446040,0.724180,7.434080,332.388490,-334.870120,4327441.000000,,3.636290,
8.152000,0.883120,0.857480,7.321290,332.419040,-334.869450,4327466.000000,1.000000,3.382510,-399.492610
8.154000,1.027950,0.910030,5.639650,332.450160,-334.869510,4327491.000000,,3.604250,
8.156000,0.772890,0.580630,5.044920,332.482600,-334.869690,4327516.500000,,3.535030,
8.158000,0.385800,0.585750,6.911130,332.514650,-334.870910,4327542.000000,,3.861880,
8.160000,0.585750,0.852360,7.393070,332.545500,-334.870540,4327567.500000,1.000000,3.578610,-399.493560
8.162000,0.947200,1.013850,6.408690,332.576390,-334.869110,4327592.500000,,3.314580,
8.164000,0.953610,0.926700,4.562990,332.608370,-334.869260,4327617.500000,,3.587590,
8.166000,0.576780,0.444760,5.126950,332.641820,-334.870000,4327643.000000,,3.591430,
8.168000,0.296080,0.526790,7.116210,332.674070,-334.870970,4327668.500000,1.000000,3.875980,-399.493160
8.170000,0.579350,0.603700,7.454590,332.705570,-334.870150,4327693.500000,,3.465820,
8.172000,0.848510,0.593440,6.244630,332.737430,-334.869930,4327719.000000,,3.604250,
8.174000,0.771610,0.458860,4.450200,332.769440,-334.870090,4327744.500000,,3.635010,
8.176000,0.414000,0.319150,5.475590,332.801330,-334.870180,4327769.500000,1.000000,3.631160,-399.492740
8.178000,0.344790,0.695980,7.044430,332.831630,-334.870240,4327794.500000,,3.733700,
8.180000,0.784420,0.816470,7.762210,332.862090,-334.869510,4327820.000000,,3.401730,
8.182000,1.030520,0.942080,6.449710,332.893040,-334.869450,4327845.500000,,3.573490,
8.184000,0.870300,0.597290,5.198730,332.925320,-334.869540,4327871.000000,1.000000,3.536320,-399.493740
8.186000,0.457580,0.484500,6.388180,332.957760,-334.870540,4327896.000000,,3.773440,
8.188000,0.492190,0.726750,7.352050,332.988860,-334.870790,4327921.500000,,3.693970,
8.190000,0.906190,0.954900,6.777830,333.019530,-334.869290,4327946.500000,,3.288940,
8.192000,1.001040,1.002320,5.044920,333.050840,-334.869110,4327972.000000,1.000000,3.531190,-399.493320
8.194000,0.692140,0.601140,4.952640,333.083980,-334.869750,4327997.500000,,3.552980,
8.196000,0.308900,0.493470,6.706050,333.116550,-334.870970,4328022.500000,,3.850340,
8.198000,0.497310,0.629330,7.813480,333.148130,-334.870510,4328048.000000,,3.561950,
8.200000,0.813900,0.569090,6.675290,333.179960,-334.869870,4328073.000000,1.000000,3.523500,-399.492190
8.202000,0.819030,0.538330,4.655270,333.211850,-334.870180,4328098.500000,,3.695250,
8.204000,0.488340,0.316590,4.911620,333.243900,-334.870120,4328123.500000,,3.633730,
8.206000,0.294800,0.683170,6.788090,333.274350,-334.870330,4328149.000000,,3.776000,
8.208000,0.671630,0.848510,7.680180,333.304720,-334.869690,4328174.500000,1.000000,3.485050,-399.492550
8.210000,0.971560,0.997190,6.849610,333.335450,-334.869320,4328199.500000,,3.549130,
8.212000,0.936950,0.767760,4.860350,333.367460,-334.869480,4328225.000000,,3.591430,
8.214000,0.528080,0.507570,5.998540,333.400050,-334.870090,4328250.000000,,3.727290,
8.216000,0.407590,0.716490,7.187990,333.431400,-334.870820,4328275.500000,1.000000,3.832400,-399.493800
8.218000,0.838260,0.983090,7.023930,333.462040,-334.869480,4328300.500000,,3.355590,
8.220000,1.021550,1.054870,5.311520,333.493190,-334.868840,4328326.000000,,3.482480,
8.222000,0.793400,0.737000,4.727050,333.525940,-334.869380,4328351.500000,,3.592710,
8.224000,0.378110,0.466550,6.183110,333.559080,-334.870540,4328376.500000,1.000000,3.804200,-399.493320
8.226000,0.420410,0.642150,7.403320,333.590730,-334.870540,4328402.000000,,3.699100,
8.228000,0.753660,0.567810,7.044430,333.622680,-334.869690,4328427.000000,,3.459410,
8.230000,0.838260,0.575500,5.014160,333.654540,-334.869960,4328452.500000,,3.722170,
8.232000,0.579350,0.288390,4.542480,333.686950,-334.869960,4328478.000000,1.000000,3.608090,-399.492680
8.234000,0.271730,0.533200,6.541990,333.717900,-334.870210,4328503.500000,,3.809330,
8.236000,0.563960,0.747250,7.813480,333.748320,-334.869810,4328528.500000,,3.549130,
8.238000,0.924130,0.907470,7.116210,333.778960,-334.869260,4328553.500000,,3.499150,
8.240000,0.976680,0.804930,4.901370,333.810520,-334.869420,4328579.000000,1.000000,3.606810,-399.493560
8.242000,0.624210,0.505000,5.578130,333.843110,-334.869840,4328604.500000,,3.636290,
8.244000,0.362730,0.654970,7.249510,333.874540,-334.870880,4328629.500000,,3.923400,
8.246000,0.726750,0.943360,7.382810,333.905030,-334.869840,4328655.000000,,3.429930,
8.248000,0.999760,1.089480,6.326660,333.935880,-334.868840,4328680.000000,1.000000,3.408140,-399.493470
8.250000,0.886960,0.845950,4.562990,333.968110,-334.869320,4328705.500000,,3.591430,
8.252000,0.443480,0.483220,5.793460,334.001310,-334.870270,4328730.500000,,3.695250,
8.254000,0.326840,0.635740,7.044430,334.033110,-334.870790,4328756.000000,,3.779850,
8.256000,0.690860,0.602420,7.311040,334.065000,-334.869810,4328781.500000,1.000000,3.400450,-399.492490
8.256000,0.690860,0.602420,7.311040,334.065000,-334.869810,4328781.500000,1.000000,3.400450,-399.492490
8.258000,0.858760,0.603700,5.629390,334.096920,-334.869960,4328807.000000,,3.691410,
8.260000,0.654970,0.367860,4.552730,334.129270,-334.870030,4328832.000000,,3.573490,
8.262000,0.298650,0.444760,6.265140,334.160740,-334.870240,4328857.000000,,3.758060,
8.264000,0.476810,0.728030,7.628910,334.191160,-334.870030,4328882.500000,1.000000,3.619630,-399.492610
8.266000,0.889530,0.880550,7.321290,334.221830,-334.869380,4328908.000000,,3.414550,
8.268000,1.017700,0.897220,5.270510,334.252990,-334.869510,4328933.500000,,3.627320,
8.270000,0.734440,0.594730,5.270510,334.285370,-334.869690,4328958.500000,,3.559390,
8.272000,0.383240,0.672910,7.105960,334.317050,-334.870850,4328984.000000,1.000000,3.897770,-399.493990
8.274000,0.626770,0.979250,7.423830,334.347500,-334.870300,4329009.000000,,3.554260,
8.276000,0.966430,1.177920,6.531740,334.378050,-334.868900,4329034.000000,,3.341490,
8.278000,0.933110,1.062560,4.286130,334.409880,-334.869200,4329059.500000,,3.597840,
8.280000,0.544740,0.567810,5.250000,334.443210,-334.869960,4329085.000000,1.000000,3.609380,-399.493560
8.282000,0.307620,0.639590,6.808590,334.475520,-334.870910,4329110.500000,,3.872130,
8.284000,0.617800,0.608830,7.393070,334.507480,-334.870000,4329135.500000,,3.440190,
8.286000,0.851070,0.571660,6.306150,334.539700,-334.869930,4329160.500000,,3.637570,
8.288000,0.739560,0.381960,4.521970,334.572110,-334.870030,4329186.000000,1.000000,3.617070,-399.492580
8.290000,0.383240,0.303770,5.598630,334.604100,-334.870180,4329211.500000,,3.656800,
8.292000,0.365300,0.660100,7.085450,334.634580,-334.870150,4329237.000000,,3.710630,
8.294000,0.803650,0.807500,7.598140,334.665100,-334.869480,4329262.000000,,3.394040,
8.296000,1.024110,0.933110,6.008790,334.696010,-334.869510,4329287.500000,1.000000,3.597840,-399.493160
8.298000,0.836980,0.624210,5.055180,334.728120,-334.869600,4329312.500000,,3.533750,
8.300000,0.433230,0.617800,6.818850,334.760040,-334.870640,4329338.000000,,3.795230,
8.302000,0.516540,0.903630,7.485350,334.790650,-334.870640,4329363.000000,,3.647830,
8.304000,0.901060,1.140750,6.706050,334.821010,-334.869170,4329388.500000,1.000000,3.291500,-399.493410
8.306000,0.967710,1.145870,4.655270,334.852360,-334.869140,4329414.000000,,3.547850,
8.308000,0.652400,0.690860,4.983400,334.885470,-334.869810,4329439.000000,,3.554260,
8.310000,0.305050,0.625490,6.716310,334.917970,-334.870970,4329464.000000,,3.860600,
8.312000,0.515260,0.671630,7.721190,334.949860,-334.870390,4329489.500000,1.000000,3.528630,-399.492610
8.314000,0.825440,0.572940,6.829100,334.982120,-334.869930,4329515.000000,,3.554260,
8.316000,0.798520,0.467830,4.624510,335.014430,-334.870180,4329540.500000,,3.681150,
8.318000,0.455020,0.258910,5.096190,335.046720,-334.870120,4329566.000000,,3.633730,
8.320000,0.308900,0.642150,6.829100,335.077270,-334.870300,4329591.000000,1.000000,3.773440,-399.492710
8.322000,0.716490,0.785710,7.546880,335.107790,-334.869600,4329616.000000,,3.463260,
8.324000,1.002320,0.936950,6.695800,335.138610,-334.869320,4329641.500000,,3.559390,
8.326000,0.913880,0.688290,5.085940,335.170680,-334.869480,4329667.000000,,3.583740,
8.328000,0.499880,0.525510,6.254880,335.202910,-334.870210,4329692.000000,1.000000,3.738830,-399.494080
8.330000,0.437070,0.807500,7.280270,335.233800,-334.870730,4329717.500000,,3.786250,
8.332000,0.863890,1.058720,6.931640,335.264220,-334.869320,4329742.500000,,3.324830,
8.334000,1.030520,1.093320,5.055180,335.295350,-334.868870,4329768.000000,,3.505550,
8.336000,0.760070,0.731870,4.491210,335.328190,-334.869450,4329793.000000,1.000000,3.574770,-399.493440
8.338000,0.356320,0.529360,6.285640,335.361050,-334.870640,4329818.500000,,3.820860,
8.340000,0.443480,0.666500,7.546880,335.392760,-334.870510,4329844.000000,,3.660640,
8.342000,0.781860,0.581910,7.075200,335.424710,-334.869780,4329869.000000,,3.485050,
8.344000,0.831850,0.575500,4.891110,335.456670,-334.870090,4329894.500000,1.000000,3.724730,-399.492310
8.346000,0.556270,0.290950,4.614260,335.489070,-334.870060,4329919.500000,,3.623470,
8.348000,0.292240,0.556270,6.367680,335.519990,-334.870240,4329945.000000,,3.814450,
8.350000,0.606260,0.735720,7.710940,335.550510,-334.869750,4329970.500000,,3.529910,
8.352000,0.951050,0.899780,7.105960,335.581180,-334.869230,4329995.500000,1.000000,3.510680,-399.492830
8.354000,0.958740,0.797240,4.942380,335.612760,-334.869380,4330021.000000,,3.605530,
8.356000,0.604980,0.535770,5.731930,335.645140,-334.869870,4330046.500000,,3.656800,
8.358000,0.381960,0.728030,7.167480,335.676390,-334.870790,4330071.500000,,3.891360,
8.360000,0.763920,0.994630,7.352050,335.706880,-334.869690,4330096.500000,1.000000,3.396610,-399.493440
8.362000,1.003600,1.101010,5.988280,335.737920,-334.868840,4330122.000000,,3.447880,
8.364000,0.861330,0.802370,4.645020,335.770360,-334.869350,4330147.500000,,3.587590,
8.366000,0.429380,0.494750,6.029300,335.803590,-334.870330,4330173.000000,,3.722170,
8.368000,0.357600,0.653690,7.372560,335.835330,-334.870700,4330198.000000,1.000000,3.750370,-399.492890
8.370000,0.721620,0.622920,7.105960,335.867190,-334.869810,4330223.000000,,3.414550,
8.372000,0.866460,0.638310,5.598630,335.898990,-334.870000,4330248.500000,,3.715760,
8.374000,0.634460,0.381960,4.470700,335.931340,-334.870060,4330274.000000,,3.579900,
8.376000,0.288390,0.517820,6.326660,335.962520,-334.870240,4330299.000000,1.000000,3.793950,-399.492710
8.378000,0.508850,0.789550,7.864750,335.992860,-334.869930,4330324.500000,,3.592710,
8.380000,0.915160,0.934390,7.393070,336.023500,-334.869290,4330350.000000,,3.431210,
8.382000,1.030520,0.886960,5.157710,336.054840,-334.869420,4330375.000000,,3.628600,
8.384000,0.710080,0.561400,5.301270,336.087400,-334.869690,4330400.000000,1.000000,3.569640,-399.493960
8.386000,0.385800,0.630620,6.777830,336.119170,-334.870820,4330425.500000,,3.905460,
8.388000,0.660100,0.883120,7.259770,336.149930,-334.870150,4330451.000000,,3.501710,
8.390000,0.999760,1.020260,6.665040,336.180940,-334.868930,4330476.500000,,3.362000,
8.392000,0.931820,0.828000,4.532230,336.213260,-334.869290,4330501.500000,1.000000,3.591430,-399.493380
8.394000,0.529360,0.399900,5.619140,336.246610,-334.870090,4330526.500000,,3.620910,
8.396000,0.331970,0.520390,6.880370,336.278780,-334.870910,4330552.000000,,3.842650,
8.398000,0.663940,0.502440,7.198240,336.310580,-334.869960,4330577.500000,,3.415830,
8.400000,0.858760,0.508850,6.008790,336.342470,-334.870000,4330602.500000,1.000000,3.659360,-399.492220
8.402000,0.710080,0.342220,4.296390,336.374540,-334.870090,4330628.000000,,3.595280,
8.404000,0.357600,0.376830,6.060060,336.405910,-334.870240,4330653.500000,,3.683720,
8.406000,0.398620,0.754940,7.475100,336.435910,-334.870120,4330678.500000,,3.672180,
8.408000,0.833130,0.904910,7.587890,336.466190,-334.869450,4330703.500000,1.000000,3.377380,-399.492580
8.410000,1.018980,0.984380,5.721680,336.497040,-334.869540,4330729.000000,,3.600400,
8.412000,0.808780,0.629330,4.634770,336.529270,-334.869630,4330754.500000,,3.524780,
8.414000,0.419130,0.602420,6.777830,336.561370,-334.870760,4330780.000000,,3.813170,
8.416000,0.542180,0.822880,7.557130,336.592350,-334.870640,4330805.000000,1.000000,3.605530,-399.493710
8.416000,0.542180,0.822880,7.557130,336.592350,-334.870640,4330805.000000,1.000000,3.605530,-399.493710
8.418000,0.912600,0.994630,6.788090,336.623200,-334.869200,4330830.000000,,3.299190,
8.420000,0.945920,0.961300,4.747560,336.654970,-334.869260,4330855.500000,,3.568360,
8.422000,0.608830,0.494750,5.239750,336.688350,-334.869930,4330881.000000,,3.556820,
8.424000,0.298650,0.505000,6.747070,336.720830,-334.871030,4330906.500000,1.000000,3.864440,-399.493260
8.426000,0.542180,0.543460,7.413570,336.752660,-334.870330,4330931.500000,,3.494020,
8.428000,0.834410,0.513980,6.767580,336.784670,-334.869960,4330957.000000,,3.572200,
8.430000,0.780580,0.426820,4.768070,336.816680,-334.870180,4330982.000000,,3.665770,
8.432000,0.431950,0.317870,5.506350,336.848480,-334.870180,4331007.500000,1.000000,3.626040,-399.492800
8.434000,0.310180,0.725460,6.900880,336.878660,-334.870270,4331032.500000,,3.747800,
8.436000,0.737000,0.860050,7.721190,336.908970,-334.869540,4331058.000000,,3.427370,
8.438000,1.002320,0.999760,6.347170,336.939730,-334.869420,4331083.500000,,3.561950,
8.440000,0.888240,0.699830,4.911620,336.971830,-334.869540,4331109.000000,1.000000,3.552980,-399.493800
8.442000,0.484500,0.562680,6.521480,337.004090,-334.870360,4331133.500000,,3.736270,
8.444000,0.456300,0.812620,7.331540,337.035130,-334.870790,4331159.000000,,3.729860,
8.446000,0.877990,1.006160,6.972660,337.065860,-334.869380,4331184.500000,,3.299190,
8.448000,1.010010,0.986940,5.055180,337.097380,-334.869110,4331210.000000,1.000000,3.523500,-399.493440
8.450000,0.720340,0.569090,4.583500,337.130650,-334.869660,4331235.500000,,3.551700,
8.452000,0.329410,0.394780,6.603520,337.163570,-334.870850,4331260.500000,,3.819580,
8.454000,0.466550,0.535770,7.413570,337.195310,-334.870540,4331285.500000,,3.606810,
8.456000,0.790830,0.474240,7.198240,337.227260,-334.869810,4331311.000000,1.000000,3.482480,-399.492220
8.458000,0.819030,0.480650,4.788570,337.259120,-334.870180,4331336.500000,,3.704220,
8.460000,0.525510,0.257630,4.624510,337.291200,-334.870120,4331361.500000,,3.613220,
8.462000,0.294800,0.613950,6.500980,337.321690,-334.870330,4331387.000000,,3.783690,
8.464000,0.629330,0.771610,7.680180,337.352050,-334.869750,4331412.500000,1.000000,3.501710,-399.492610
8.466000,0.952330,0.915160,6.870120,337.382660,-334.869320,4331437.500000,,3.522220,
8.468000,0.936950,0.763920,5.147460,337.414370,-334.869510,4331462.500000,,3.593990,
8.470000,0.567810,0.571660,6.019040,337.446560,-334.870000,4331488.000000,,3.679870,
8.472000,0.390930,0.795960,7.095700,337.477660,-334.870820,4331513.500000,1.000000,3.847780,-399.493840
8.474000,0.798520,1.029240,7.311040,337.508240,-334.869660,4331538.500000,,3.374820,
8.476000,0.998470,1.070250,5.496090,337.539490,-334.868900,4331564.000000,,3.464540,
8.478000,0.819030,0.729310,4.409180,337.572300,-334.869420,4331589.000000,,3.587590,
8.480000,0.410160,0.426820,6.357420,337.605620,-334.870450,4331614.500000,1.000000,3.750370,-399.493440
8.482000,0.392210,0.562680,7.639160,337.637480,-334.870640,4331640.000000,,3.710630,
8.484000,0.734440,0.485780,7.249510,337.669590,-334.869750,4331665.000000,,3.426090,
8.486000,0.844670,0.501160,5.332030,337.701480,-334.870030,4331690.500000,,3.715760,
8.488000,0.608830,0.258910,4.347660,337.733760,-334.870060,4331716.000000,1.000000,3.579900,-399.492710
8.490000,0.279420,0.493470,6.357420,337.764620,-334.870240,4331741.000000,,3.788820,
8.492000,0.535770,0.724180,7.710940,337.794980,-334.869870,4331766.000000,,3.560670,
8.494000,0.912600,0.860050,7.341800,337.825680,-334.869380,4331791.500000,,3.464540,
8.496000,0.999760,0.803650,5.383300,337.857030,-334.869510,4331817.000000,1.000000,3.611940,-399.493440
8.498000,0.672910,0.537050,5.260250,337.889470,-334.869810,4331842.500000,,3.588870,
8.500000,0.374270,0.669070,7.013670,337.920930,-334.870880,4331867.500000,,3.902890,
8.502000,0.694700,0.921570,7.259770,337.951540,-334.870090,4331892.500000,,3.460690,
8.504000,0.998470,1.065120,6.183110,337.982480,-334.868960,4331918.000000,1.000000,3.379940,-399.493380
8.506000,0.911320,0.857480,4.521970,338.014650,-334.869380,4331943.500000,,3.585020,
8.508000,0.496030,0.502440,5.752440,338.047790,-334.870240,4331968.500000,,3.647830,
8.510000,0.334530,0.651120,7.229000,338.079680,-334.870880,4331994.000000,,3.795230,
8.510000,0.334530,0.651120,7.229000,338.079680,-334.870880,4331994.000000,,3.795230,
8.512000,0.684450,0.596010,7.157230,338.111510,-334.869930,4332019.500000,1.000000,3.395320,-399.492400
8.514000,0.854920,0.551150,5.629390,338.143590,-334.870060,4332044.500000,,3.676030,
8.516000,0.685730,0.312740,4.050290,338.175930,-334.870090,4332070.000000,,3.574770,
8.518000,0.340940,0.380680,6.060060,338.207340,-334.870300,4332095.000000,,3.708070,
8.520000,0.452450,0.722900,7.587890,338.237580,-334.870090,4332120.500000,1.000000,3.629880,-399.492490
8.522000,0.870300,0.853640,7.710940,338.268190,-334.869450,4332146.000000,,3.388920,
8.524000,1.011290,0.884400,5.608890,338.299350,-334.869540,4332171.500000,,3.609380,
8.526000,0.776730,0.553710,4.798830,338.331730,-334.869690,4332196.000000,,3.535030,
8.528000,0.405030,0.617800,6.665040,338.363560,-334.870820,4332221.500000,1.000000,3.843930,-399.493900
8.530000,0.590880,0.874150,7.331540,338.394290,-334.870510,4332247.000000,,3.573490,
8.532000,0.933110,1.040770,6.572750,338.425020,-334.869110,4332272.000000,,3.318420,
8.534000,0.943360,0.971560,5.003910,338.456850,-334.869260,4332297.500000,,3.582460,
8.536000,0.588320,0.542180,5.250000,338.490020,-334.869960,4332323.000000,1.000000,3.582460,-399.493530
8.538000,0.319150,0.639590,7.003420,338.522090,-334.870940,4332348.000000,,3.863160,
8.540000,0.593440,0.642150,7.239260,338.553830,-334.870150,4332373.500000,,3.468380,
8.542000,0.844670,0.575500,6.254880,338.585940,-334.869960,4332398.500000,,3.604250,
8.544000,0.767760,0.412720,4.686040,338.618160,-334.870090,4332424.000000,1.000000,3.638850,-399.492490
8.546000,0.424260,0.319150,5.567870,338.649990,-334.870180,4332449.500000,,3.627320,
8.548000,0.352480,0.697270,7.403320,338.680360,-334.870210,4332475.000000,,3.724730,
8.550000,0.784420,0.770320,7.628910,338.711030,-334.869540,4332500.000000,,3.410710,
8.552000,1.024110,0.862610,6.254880,338.742130,-334.869540,4332525.000000,1.000000,3.576050,-399.493010
8.554000,0.870300,0.542180,4.727050,338.774440,-334.869600,4332550.500000,,3.544010,
8.556000,0.467830,0.502440,6.306150,338.806550,-334.870480,4332576.000000,,3.751650,
8.558000,0.488340,0.774170,7.413570,338.837400,-334.870700,4332601.000000,,3.681150,
8.560000,0.894650,0.960020,7.126460,338.868070,-334.869320,4332626.500000,1.000000,3.303040,-399.493260
8.562000,0.993350,0.967710,4.993650,338.899480,-334.869170,4332651.500000,,3.540160,
8.564000,0.706240,0.563960,4.788570,338.932590,-334.869750,4332677.000000,,3.551700,
8.566000,0.333250,0.502440,6.552250,338.964970,-334.870910,4332702.000000,,3.823430,
8.568000,0.508850,0.630620,7.136720,338.996490,-334.870480,4332727.500000,1.000000,3.560670,-399.492520
8.570000,0.806210,0.540890,7.023930,339.028410,-334.869870,4332753.000000,,3.519650,
8.572000,0.810060,0.498600,4.911620,339.060330,-334.870180,4332778.500000,,3.688840,
8.574000,0.499880,0.296080,4.952640,339.092320,-334.870090,4332803.500000,,3.618350,
8.576000,0.312740,0.702390,6.747070,339.122650,-334.870270,4332828.500000,1.000000,3.761900,-399.492610
8.578000,0.674190,0.810060,7.444340,339.153170,-334.869690,4332854.000000,,3.483760,
8.580000,0.954900,0.912600,6.572750,339.184050,-334.869380,4332879.500000,,3.554260,
8.582000,0.922850,0.674190,4.737300,339.216190,-334.869510,4332905.000000,,3.586300,
8.584000,0.538330,0.475520,6.121580,339.248540,-334.870090,4332930.000000,1.000000,3.708070,-399.493990
8.586000,0.412720,0.745970,7.516110,339.279630,-334.870730,4332955.000000,,3.815730,
8.588000,0.822880,0.966430,7.095700,339.310270,-334.869480,4332980.500000,,3.360720,
8.590000,1.001040,1.021550,5.321780,339.341490,-334.868900,4333006.000000,,3.492740,
8.592000,0.789550,0.693420,4.245120,339.374270,-334.869420,4333031.000000,1.000000,3.592710,-399.493440
8.594000,0.396060,0.493470,6.008790,339.407140,-334.870480,4333056.500000,,3.777280,
8.596000,0.429380,0.680600,7.434080,339.438660,-334.870510,4333082.000000,,3.682430,
8.598000,0.748540,0.569090,7.372560,339.470700,-334.869690,4333107.000000,,3.463260,
8.600000,0.828000,0.560120,5.383300,339.502690,-334.870000,4333132.000000,1.000000,3.723450,-399.492370
8.602000,0.583190,0.285830,4.614260,339.535060,-334.870000,4333157.500000,,3.595280,
8.604000,0.287110,0.616520,6.265140,339.565730,-334.870120,4333183.000000,,3.791380,
8.606000,0.561400,0.830570,7.587890,339.596070,-334.869750,4333208.500000,,3.546570,
8.608000,0.903630,0.924130,7.218750,339.626950,-334.869320,4333233.500000,1.000000,3.505550,-399.492890
8.608000,0.903630,0.924130,7.218750,339.626950,-334.869320,4333233.500000,1.000000,3.505550,-399.492890
8.610000,0.961300,0.793400,5.157710,339.658660,-334.869450,4333259.000000,,3.600400,
8.612000,0.631900,0.502440,5.537110,339.691350,-334.869810,4333284.000000,,3.614500,
8.614000,0.356320,0.674190,6.993160,339.722810,-334.870700,4333309.500000,,3.879820,
8.616000,0.694700,0.885680,7.393070,339.753630,-334.869870,4333334.500000,1.000000,3.437620,-399.493560
8.618000,0.968990,0.981810,5.998540,339.784790,-334.868990,4333360.000000,,3.429930,
8.620000,0.886960,0.743410,4.296390,339.817140,-334.869420,4333385.500000,,3.585020,
8.622000,0.472960,0.462710,5.865230,339.850130,-334.870240,4333410.500000,,3.670900,
8.624000,0.347350,0.678040,7.290530,339.881680,-334.870670,4333435.500000,1.000000,3.754210,-399.493130
8.626000,0.678040,0.599850,7.290530,339.913570,-334.869810,4333461.000000,,3.408140,
8.628000,0.833130,0.546020,5.424320,339.945650,-334.870000,4333486.500000,,3.690120,
8.630000,0.648560,0.302490,4.193850,339.978090,-334.870060,4333512.000000,,3.568360,
8.632000,0.317870,0.444760,5.824220,340.009280,-334.870180,4333537.500000,1.000000,3.723450,-399.492800
8.634000,0.462710,0.794680,7.464840,340.039490,-334.869930,4333562.500000,,3.610660,
8.636000,0.857480,0.858760,7.444340,340.070310,-334.869420,4333587.500000,,3.429930,
8.638000,0.983090,0.853640,5.537110,340.101650,-334.869570,4333613.000000,,3.615780,
8.640000,0.728030,0.535770,4.562990,340.134090,-334.869690,4333638.500000,1.000000,3.538880,-399.493990
8.640000,0.728030,0.535770,4.562990,340.134090,-334.869690,4333638.500000,1.000000,3.538880,-399.493990
8.642000,0.374270,0.649840,6.347170,340.165710,-334.870570,4333663.500000,,3.814450,
8.644000,0.558840,0.866460,7.105960,340.196530,-334.870240,4333689.000000,,3.549130,
8.646000,0.912600,0.962590,6.429200,340.227570,-334.869230,4333714.000000,,3.379940,
8.648000,0.922850,0.839540,4.819340,340.259550,-334.869420,4333739.500000,1.000000,3.582460,-399.493470
8.648000,0.922850,0.839540,4.819340,340.259550,-334.869420,4333739.500000,1.000000,3.582460,-399.493470
8.650000,0.576780,0.431950,5.126950,340.292630,-334.870000,4333764.500000,,3.582460,
8.652000,0.306340,0.587040,6.500980,340.324520,-334.870790,4333790.000000,,3.804200,
8.654000,0.566530,0.581910,7.013670,340.356260,-334.870090,4333815.500000,,3.451720,
8.656000,0.788270,0.493470,5.762700,340.388490,-334.869960,4333841.000000,1.000000,3.609380,-399.492490
8.658000,0.708800,0.334530,4.204100,340.420780,-334.870120,4333866.000000,,3.610660,
8.660000,0.398620,0.275570,4.973140,340.452550,-334.870150,4333891.000000,,3.608090,
8.662000,0.328130,0.731870,7.075200,340.482600,-334.870030,4333916.500000,,3.674740,
8.664000,0.717770,0.785710,7.454590,340.513340,-334.869570,4333942.000000,1.000000,3.420960,-399.492770
8.666000,0.933110,0.875430,6.101070,340.544370,-334.869690,4333967.000000,,3.588870,
8.668000,0.799800,0.588320,4.132320,340.576570,-334.869690,4333992.500000,,3.497860,
8.670000,0.430660,0.585750,5.424320,340.608430,-334.870240,4334017.500000,,3.674740,
8.672000,0.397340,0.863890,7.034180,340.639190,-334.870420,4334043.000000,1.000000,3.623470,-399.493840
8.674000,0.792110,0.965150,6.634280,340.670140,-334.869660,4334068.500000,,3.373540,
8.676000,0.912600,0.976680,5.219240,340.701540,-334.869540,4334093.500000,,3.549130,
8.678000,0.660100,0.629330,4.029790,340.734280,-334.869870,4334119.000000,,3.537600,
8.680000,0.307620,0.630620,5.701170,340.766390,-334.870640,4334144.500000,1.000000,3.713200,-399.493560
8.680000,0.307620,0.630620,5.701170,340.766390,-334.870640,4334144.500000,1.000000,3.713200,-399.493560
8.682000,0.399900,0.747250,6.470210,340.798000,-334.870330,4334169.500000,,3.522220,
8.684000,0.708800,0.557560,6.316410,340.830470,-334.870000,4334194.500000,,3.482480,
8.686000,0.720340,0.449890,4.593750,340.862920,-334.870270,4334220.000000,,3.646550,
8.688000,0.455020,0.231990,4.040040,340.895260,-334.870180,4334245.500000,1.000000,3.537600,-399.493040
8.688000,0.455020,0.231990,4.040040,340.895260,-334.870180,4334245.500000,1.000000,3.537600,-399.493040
8.690000,0.246090,0.637020,6.019040,340.925780,-334.870150,4334271.000000,,3.677310,
8.692000,0.534480,0.784420,6.911130,340.956450,-334.869750,4334296.500000,,3.488890,
8.694000,0.833130,0.792110,6.203610,340.987790,-334.869840,4334321.500000,,3.520940,
8.696000,0.811340,0.648560,4.081050,341.019680,-334.869870,4334346.500000,1.000000,3.542720,-399.493960
8.698000,0.489620,0.490910,4.593750,341.051790,-334.870000,4334372.000000,,3.547850,
8.700000,0.290950,0.788270,6.418950,341.082670,-334.870360,4334397.500000,,3.676030,
8.702000,0.619080,0.849790,6.788090,341.113830,-334.869930,4334422.500000,,3.419680,
8.704000,0.856200,0.884400,5.229490,341.145170,-334.869660,4334448.000000,1.000000,3.482480,-399.493800
8.706000,0.697270,0.701110,3.517090,341.177280,-334.869810,4334473.000000,,3.545290,
8.708000,0.346070,0.581910,4.409180,341.209500,-334.870330,4334498.500000,,3.599120,
8.710000,0.260190,0.806210,6.152340,341.240780,-334.870420,4334523.500000,,3.593990,
8.712000,0.575500,0.617800,6.449710,341.273070,-334.869960,4334549.000000,1.000000,3.417110,-399.493130
8.714000,0.674190,0.451170,5.126950,341.305660,-334.870270,4334574.500000,,3.619630,
8.716000,0.489620,0.217900,3.763180,341.338200,-334.870240,4334600.000000,,3.529910,
8.718000,0.234560,0.433230,4.491210,341.369260,-334.870150,4334625.000000,,3.605530,
8.720000,0.328130,0.794680,6.408690,341.399510,-334.869930,4334650.000000,1.000000,3.563230,-399.493440
8.720000,0.328130,0.794680,6.408690,341.399510,-334.869930,4334650.000000,1.000000,3.563230,-399.493440
8.722000,0.690860,0.749820,6.306150,341.430850,-334.869840,4334675.500000,,3.464540,
8.724000,0.774170,0.735720,4.532230,341.462370,-334.870090,4334701.000000,,3.546570,
8.726000,0.531920,0.471680,4.040040,341.494630,-334.869960,4334726.500000,,3.481200,
8.728000,0.249940,0.651120,5.752440,341.525910,-334.870270,4334751.500000,1.000000,3.636290,-399.494750
8.728000,0.249940,0.651120,5.752440,341.525910,-334.870270,4334751.500000,1.000000,3.636290,-399.494750
8.730000,0.412720,0.804930,6.572750,341.556920,-334.870090,4334776.500000,,3.465820,
8.732000,0.760070,0.789550,5.475590,341.588440,-334.869780,4334802.000000,,3.401730,
8.734000,0.720340,0.711360,3.773440,341.620240,-334.869870,4334827.500000,,3.535030,
8.736000,0.392210,0.510130,3.804200,341.652590,-334.870120,4334853.000000,1.000000,3.502990,-399.494540
8.738000,0.167910,0.752380,5.660160,341.683750,-334.870480,4334878.000000,,3.591430,
8.740000,0.402470,0.766480,6.583010,341.715300,-334.870090,4334903.500000,,3.410710,
8.742000,0.611390,0.534480,5.321780,341.747800,-334.870270,4334928.500000,,3.542720,
8.744000,0.492190,0.402470,3.701660,341.780060,-334.870480,4334954.000000,1.000000,3.569640,-399.493840
8.746000,0.249940,0.380680,3.732420,341.811610,-334.870240,4334979.500000,,3.523500,
8.748000,0.199950,0.885680,5.588380,341.841520,-334.870120,4335004.500000,,3.624760,
8.750000,0.517820,0.876710,6.449710,341.872590,-334.869960,4335030.000000,,3.440190,
8.752000,0.699830,0.804930,5.075680,341.904360,-334.870240,4335055.500000,1.000000,3.550420,-399.494510
8.754000,0.538330,0.570370,3.383790,341.936710,-334.870090,4335080.500000,,3.465820,
8.756000,0.248660,0.535770,4.706540,341.968690,-334.870240,4335105.500000,,3.567080,
8.758000,0.239690,0.810060,6.152340,341.999760,-334.870270,4335131.000000,,3.559390,
8.760000,0.626770,0.742130,5.680660,342.031490,-334.869900,4335156.500000,1.000000,3.368410,-399.494810
8.760000,0.626770,0.742130,5.680660,342.031490,-334.869900,4335156.500000,1.000000,3.368410,-399.494810
8.762000,0.711360,0.690860,4.040040,342.063450,-334.869960,4335182.000000,,3.522220,
8.764000,0.435790,0.471680,3.394040,342.095830,-334.870060,4335207.000000,,3.496580,
8.766000,0.143550,0.570370,4.983400,342.127440,-334.870360,4335232.000000,,3.550420,
8.768000,0.224300,0.786990,6.090820,342.158540,-334.870150,4335257.500000,1.000000,3.450440,-399.494480
8.770000,0.522950,0.502440,5.373050,342.191130,-334.870120,4335283.000000,,3.433780,
8.772000,0.499880,0.411440,3.670900,342.223300,-334.870540,4335308.500000,,3.579900,
8.774000,0.267880,0.349910,3.045410,342.254910,-334.870360,4335333.500000,,3.468380,
8.776000,0.123050,0.785710,4.870610,342.284880,-334.870240,4335359.000000,1.000000,3.585020,-399.494600
8.778000,0.333250,0.992070,6.326660,342.315280,-334.870090,4335384.000000,,3.472230,
8.780000,0.608830,0.788270,5.393550,342.347140,-334.870300,4335409.500000,,3.464540,
8.782000,0.553710,0.670350,3.527340,342.379090,-334.870360,4335434.500000,,3.476070,
8.784000,0.279420,0.453740,3.496580,342.411440,-334.870210,4335460.000000,1.000000,3.476070,-399.495700
8.784000,0.279420,0.453740,3.496580,342.411440,-334.870210,4335460.000000,1.000000,3.476070,-399.495700
8.786000,0.137150,0.772890,5.547360,342.442470,-334.870450,4335485.500000,,3.561950,
8.788000,0.434510,0.778020,5.701170,342.474060,-334.870180,4335510.500000,,3.386350,
8.790000,0.658810,0.665220,4.593750,342.506160,-334.870090,4335535.500000,,3.437620,
8.792000,0.458860,0.520390,3.404300,342.538420,-334.870240,4335561.000000,1.000000,3.481200,-399.495610
8.794000,0.167910,0.433230,4.111820,342.570530,-334.870360,4335586.500000,,3.473510,
8.796000,0.092290,0.756230,5.547360,342.601440,-334.870330,4335612.000000,,3.470950,
8.798000,0.387080,0.580630,5.588380,342.633610,-334.870180,4335637.500000,,3.373540,
8.800000,0.471680,0.402470,4.081050,342.666050,-334.870570,4335662.500000,1.000000,3.529910,-399.494810
8.800000,0.471680,0.402470,4.081050,342.666050,-334.870570,4335662.500000,1.000000,3.529910,-399.494810
8.802000,0.276860,0.365300,3.219730,342.697660,-334.870640,4335687.500000,,3.461980,
8.804000,0.105100,0.565250,3.906740,342.728330,-334.870360,4335713.000000,,3.506840,
8.806000,0.180730,1.031800,6.060060,342.758090,-334.870300,4335738.500000,,3.501710,
8.808000,0.484500,0.812620,5.485840,342.789790,-334.870360,4335763.500000,1.000000,3.394040,-399.495330
8.810000,0.521670,0.730590,3.773440,342.821690,-334.870510,4335789.000000,,3.485050,
8.812000,0.290950,0.451170,3.106930,342.854100,-334.870360,4335814.000000,,3.382510,
8.814000,0.105100,0.610110,4.706540,342.885590,-334.870480,4335839.500000,,3.555540,
8.816000,0.274290,0.793400,5.896000,342.916720,-334.870360,4335864.500000,1.000000,3.372250,-399.495910
8.818000,0.597290,0.607540,4.983400,342.948970,-334.870180,4335890.000000,,3.365840,
8.820000,0.480650,0.506290,3.127440,342.981140,-334.870300,4335915.500000,,3.470950,
8.822000,0.190980,0.353760,3.147950,343.013340,-334.870390,4335941.000000,,3.399170,
8.824000,0.046140,0.653690,4.870610,343.044310,-334.870480,4335966.000000,1.000000,3.481200,-399.495850
8.824000,0.046140,0.653690,4.870610,343.044310,-334.870480,4335966.000000,1.000000,3.481200,-399.495850
8.826000,0.275570,0.748540,5.854980,343.075560,-334.870270,4335991.000000,,3.347900,
8.828000,0.462710,0.438350,4.122070,343.108180,-334.870610,4336016.500000,,3.474790,
8.830000,0.299930,0.434510,3.301760,343.139860,-334.870820,4336042.000000,,3.528630,
8.832000,0.116640,0.453740,3.106930,343.170990,-334.870510,4336067.500000,1.000000,3.433780,-399.495820
8.834000,0.069210,1.011290,5.065430,343.200620,-334.870450,4336092.500000,,3.593990,
8.836000,0.358890,0.983090,5.526860,343.231630,-334.870360,4336118.000000,,3.355590,
8.838000,0.507570,0.808780,3.906740,343.263730,-334.870670,4336143.000000,,3.504270,
8.840000,0.326840,0.634460,3.035160,343.295870,-334.870420,4336168.500000,1.000000,3.403020,-399.496550
8.842000,0.119200,0.544740,4.204100,343.328060,-334.870540,4336194.000000,,3.482480,
8.844000,0.146120,0.872860,5.752440,343.359040,-334.870480,4336219.000000,,3.497860,
8.846000,0.490910,0.717770,5.003910,343.391110,-334.870210,4336244.500000,,3.292790,
8.848000,0.510130,0.565250,3.496580,343.423520,-334.870390,4336269.500000,1.000000,3.502990,-399.496520
8.850000,0.235840,0.426820,2.522460,343.455690,-334.870390,4336295.000000,,3.401730,
8.852000,0.048710,0.529360,4.378420,343.487210,-334.870510,4336320.000000,,3.450440,
8.854000,0.152530,0.839540,5.854980,343.518040,-334.870300,4336345.500000,,3.394040,
8.856000,0.425540,0.521670,4.932130,343.550540,-334.870480,4336371.000000,1.000000,3.373540,-399.495790
8.856000,0.425540,0.521670,4.932130,343.550540,-334.870480,4336371.000000,1.000000,3.373540,-399.495790
8.858000,0.340940,0.421690,3.506840,343.582610,-334.870940,4336396.500000,,3.550420,
8.860000,0.134580,0.403750,2.563480,343.614010,-334.870570,4336421.500000,,3.392760,
8.862000,0.061520,0.771610,4.470700,343.644290,-334.870610,4336446.500000,,3.544010,
8.864000,0.238400,1.017700,5.475590,343.674740,-334.870420,4336472.000000,1.000000,3.422240,-399.496150
8.864000,0.238400,1.017700,5.475590,343.674740,-334.870420,4336472.000000,1.000000,3.422240,-399.496150
8.866000,0.470400,0.758790,4.593750,343.706880,-334.870640,4336497.500000,,3.395320,
8.868000,0.344790,0.637020,3.229980,343.739010,-334.870670,4336523.000000,,3.469670,
8.870000,0.133300,0.419130,3.599120,343.771390,-334.870480,4336548.000000,,3.410710,
8.872000,0.087160,0.734440,5.208980,343.802490,-334.870730,4336573.000000,1.000000,3.513240,-399.496800
8.872000,0.087160,0.734440,5.208980,343.802490,-334.870730,4336573.000000,1.000000,3.513240,-399.496800
8.874000,0.361450,0.802370,5.116700,343.833800,-334.870300,4336598.500000,,3.332520,
8.876000,0.505000,0.644710,3.824710,343.865940,-334.870360,4336624.000000,,3.429930,
8.878000,0.261470,0.551150,2.860840,343.897890,-334.870510,4336649.000000,,3.446590,
8.880000,0.049990,0.485780,3.968260,343.929690,-334.870510,4336674.500000,1.000000,3.397890,-399.496890
8.882000,0.053830,0.790830,5.373050,343.960510,-334.870480,4336700.000000,,3.433780,
8.884000,0.340940,0.653690,5.034670,343.992460,-334.870420,4336725.000000,,3.337650,
8.886000,0.374270,0.429380,3.588870,344.024930,-334.870850,4336750.000000,,3.497860,
8.888000,0.156370,0.415280,2.604490,344.056460,-334.870700,4336775.500000,1.000000,3.404300,-399.496580
8.890000,0.043580,0.575500,3.722170,344.087340,-334.870510,4336801.000000,,3.469670,
8.892000,0.130740,0.993350,5.578130,344.117490,-334.870570,4336826.500000,,3.453000,
8.894000,0.406310,0.825440,4.809080,344.149200,-334.870610,4336851.500000,,3.350460,
8.896000,0.380680,0.683170,3.168460,344.181460,-334.870760,4336876.500000,1.000000,3.447880,-399.497040
8.898000,0.151250,0.430660,2.748050,344.213840,-334.870570,4336902.000000,,3.360720,
8.900000,0.047420,0.592160,4.388670,344.245390,-334.870700,4336927.500000,,3.500430,
8.902000,0.242250,0.848510,5.085940,344.276280,-334.870480,4336953.000000,,3.338930,
8.904000,0.506290,0.747250,4.050290,344.308070,-334.870360,4336978.000000,1.000000,3.351750,-399.497070
8.904000,0.506290,0.747250,4.050290,344.308070,-334.870360,4336978.000000,1.000000,3.351750,-399.497070
8.906000,0.337100,0.635740,3.106930,344.340000,-334.870570,4337003.500000,,3.449160,
8.908000,0.076900,0.562680,3.281250,344.371730,-334.870570,4337028.500000,,3.359440,
8.910000,0.010250,0.769040,4.778320,344.402860,-334.870610,4337054.000000,,3.433780,
8.912000,0.242250,0.795960,4.891110,344.434360,-334.870480,4337079.000000,1.000000,3.323550,-399.496520
8.914000,0.385800,0.499880,3.763180,344.466980,-334.870820,4337104.500000,,3.440190,
8.916000,0.179440,0.438350,2.789060,344.498900,-334.870880,4337130.000000,,3.441470,
8.918000,0.051270,0.452450,2.932620,344.530270,-334.870610,4337155.500000,,3.400450,
8.920000,0.053830,0.862610,5.096190,344.560670,-334.870670,4337180.500000,1.000000,3.515810,-399.496950
8.922000,0.319150,0.830570,5.208980,344.592070,-334.870640,4337205.500000,,3.312010,
8.924000,0.402470,0.701110,3.455570,344.624210,-334.870850,4337231.000000,,3.473510,
8.926000,0.174320,0.474240,2.501950,344.656620,-334.870640,4337256.500000,,3.364560,
8.928000,0.039730,0.455020,4.029790,344.688630,-334.870760,4337282.000000,1.000000,3.453000,-399.497590
8.928000,0.039730,0.455020,4.029790,344.688630,-334.870760,4337282.000000,1.000000,3.453000,-399.497590
8.930000,0.126890,0.721620,4.932130,344.719670,-334.870640,4337307.000000,,3.415830,
8.932000,0.430660,0.722900,4.511720,344.751160,-334.870420,4337332.000000,,3.304320,
8.934000,0.389650,0.656250,3.353030,344.782900,-334.870640,4337357.500000,,3.461980,
8.936000,0.123050,0.553710,2.666020,344.814580,-334.870640,4337383.000000,1.000000,3.367130,-399.497590
8.936000,0.123050,0.553710,2.666020,344.814580,-334.870640,4337383.000000,1.000000,3.367130,-399.497590
8.938000,0.001280,0.683170,4.378420,344.845730,-334.870670,4337408.000000,,3.411990,
8.940000,0.143550,0.845950,4.911620,344.876830,-334.870610,4337433.500000,,3.346620,
8.942000,0.375550,0.666500,4.163090,344.908840,-334.870760,4337459.000000,,3.351750,
8.944000,0.230710,0.565250,2.994140,344.940800,-334.870940,4337484.000000,1.000000,3.446590,-399.497040
8.946000,0.053830,0.476810,2.686520,344.972500,-334.870640,4337509.500000,,3.342770,
8.948000,0.024350,0.713930,4.316890,345.003450,-334.870760,4337534.500000,,3.486330,
8.950000,0.225590,0.807500,5.065430,345.034700,-334.870670,4337560.000000,,3.342770,
8.952000,0.433230,0.728030,3.701660,345.066590,-334.870880,4337585.500000,1.000000,3.368410,-399.497440
8.954000,0.246090,0.572940,2.553220,345.098790,-334.870790,4337611.000000,,3.410710,
8.956000,0.071780,0.405030,3.445310,345.131010,-334.870700,4337635.500000,,3.387630,
8.958000,0.056400,0.644710,4.891110,345.162350,-334.870850,4337661.000000,,3.426090,
8.960000,0.343510,0.683170,4.737300,345.193790,-334.870570,4337686.500000,1.000000,3.285100,-399.497500
8.962000,0.439640,0.678040,3.035160,345.225430,-334.870700,4337712.000000,,3.420960,
8.964000,0.169190,0.542180,2.348140,345.257260,-334.870730,4337737.000000,,3.372250,
8.966000,0.011540,0.542180,3.558110,345.288760,-334.870790,4337762.500000,,3.376100,
8.968000,0.046140,0.726750,4.716800,345.319950,-334.870700,4337787.500000,1.000000,3.363280,-399.497410
8.968000,0.046140,0.726750,4.716800,345.319950,-334.870700,4337787.500000,1.000000,3.363280,-399.497410
8.970000,0.319150,0.593440,4.573240,345.351900,-334.870790,4337813.000000,,3.303040,
8.972000,0.308900,0.578060,3.312010,345.383640,-334.871030,4337838.000000,,3.433780,
8.974000,0.084590,0.487060,2.399410,345.415160,-334.870730,4337863.500000,,3.327390,
8.976000,0.019230,0.663940,3.578610,345.446140,-334.870700,4337889.000000,1.000000,3.441470,-399.497530
8.976000,0.019230,0.663940,3.578610,345.446140,-334.870700,4337889.000000,1.000000,3.441470,-399.497530
8.978000,0.125610,0.824160,4.521970,345.477170,-334.870790,4337914.500000,,3.365840,
8.980000,0.390930,0.721620,4.101560,345.508910,-334.870850,4337939.500000,,3.322270,
8.982000,0.311460,0.675480,2.819820,345.540800,-334.870850,4337964.500000,,3.378660,
8.984000,0.078190,0.399900,2.932620,345.573210,-334.870760,4337990.000000,1.000000,3.346620,-399.498140
8.986000,0.021790,0.590880,4.562990,345.604680,-334.870850,4338015.500000,,3.444030,
8.988000,0.225590,0.648560,4.778320,345.636200,-334.870670,4338040.500000,,3.274840,
8.990000,0.460140,0.653690,3.383790,345.667790,-334.870790,4338066.000000,,3.363280,
8.992000,0.247380,0.612670,2.522460,345.699400,-334.870790,4338091.000000,1.000000,3.385070,-399.498020
8.994000,0.025630,0.490910,3.342770,345.731230,-334.870790,4338116.500000,,3.335080,
8.996000,-0.002560,0.656250,4.593750,345.762540,-334.870850,4338142.000000,,3.394040,
8.998000,0.231990,0.540890,4.921880,345.794590,-334.870820,4338167.000000,,3.287660,
9.000000,0.326840,0.531920,3.424800,345.826320,-334.871120,4338192.500000,1.000000,3.405580,-399.497410
9.002000,0.110230,0.571660,2.676270,345.857540,-334.870880,4338218.000000,,3.363280,
9.004000,0.019230,0.594730,2.922360,345.888670,-334.870790,4338243.000000,,3.394040,
9.006000,0.044860,0.843380,4.532230,345.919490,-334.870820,4338268.000000,,3.436340,
9.008000,0.303770,0.719060,4.357910,345.951260,-334.870910,4338293.500000,1.000000,3.291500,-399.497710
9.008000,0.303770,0.719060,4.357910,345.951260,-334.870910,4338293.500000,1.000000,3.291500,-399.497710
9.010000,0.340940,0.786990,3.014650,345.982700,-334.870940,4338319.000000,,3.423520,
9.010000,0.340940,0.786990,3.014650,345.982700,-334.870940,4338319.000000,,3.423520,
9.012000,0.099980,0.587040,2.563480,346.014740,-334.870760,4338344.500000,,3.336360,
9.014000,0.008970,0.580630,3.701660,346.046660,-334.870910,4338369.500000,,3.437620,
9.016000,0.103820,0.626770,4.604000,346.078430,-334.870790,4338394.500000,1.000000,3.351750,-399.497990
9.018000,0.397340,0.497310,3.804200,346.110630,-334.870790,4338420.000000,,3.305600,
9.020000,0.311460,0.553710,2.860840,346.142210,-334.870910,4338445.500000,,3.404300,
9.022000,0.057680,0.422970,2.676270,346.174070,-334.870790,4338471.000000,,3.336360,
9.024000,-0.019230,0.528080,4.316890,346.205600,-334.870910,4338496.000000,1.000000,3.374820,-399.498020
9.026000,0.123050,0.483220,4.583500,346.237520,-334.870880,4338521.500000,,3.324830,
9.028000,0.324280,0.378110,3.455570,346.269590,-334.871060,4338546.500000,,3.328670,
9.030000,0.165340,0.501160,2.614750,346.300690,-334.871060,4338572.000000,,3.370970,
9.032000,0.011540,0.484500,2.430180,346.331790,-334.870790,4338597.000000,1.000000,3.350460,-399.497990
9.034000,0.000000,0.712650,4.193850,346.362550,-334.870940,4338622.500000,,3.438900,
9.036000,0.194820,0.656250,4.727050,346.394130,-334.870940,4338648.000000,,3.317140,
9.038000,0.367860,0.694700,2.922360,346.425540,-334.871150,4338673.500000,,3.337650,
9.040000,0.152530,0.710080,2.512210,346.456850,-334.870910,4338698.000000,1.000000,3.367130,-399.498440
9.042000,0.016660,0.616520,2.819820,346.488590,-334.870910,4338723.500000,,3.376100,
9.044000,0.026920,0.710080,4.255370,346.520140,-334.871030,4338749.000000,,3.369690,
9.046000,0.297360,0.510130,4.050290,346.552490,-334.870880,4338774.500000,,3.286380,
9.048000,0.338380,0.525510,3.076170,346.584380,-334.871000,4338799.500000,1.000000,3.359440,-399.498260
9.048000,0.338380,0.525510,3.076170,346.584380,-334.871000,4338799.500000,1.000000,3.359440,-399.498260
9.050000,0.085880,0.506290,2.676270,346.615910,-334.870910,4338825.000000,,3.331240,
9.052000,-0.032040,0.525510,3.537600,346.647520,-334.870910,4338850.000000,,3.362000,
9.054000,0.023070,0.554990,4.562990,346.679290,-334.870940,4338875.500000,,3.306880,
9.056000,0.248660,0.317870,3.660640,346.711850,-334.871090,4338900.500000,1.000000,3.308170,-399.497860
9.058000,0.215330,0.443480,2.809570,346.743190,-334.871220,4338926.000000,,3.338930,
9.060000,0.030760,0.526790,2.491700,346.774050,-334.870910,4338951.500000,,3.310730,
9.062000,-0.006410,0.711360,3.660640,346.804840,-334.870910,4338977.000000,,3.400450,
9.064000,0.091000,0.713930,4.655270,346.836240,-334.871060,4339002.000000,1.000000,3.319700,-399.498110
9.066000,0.317870,0.602420,3.394040,346.868160,-334.871150,4339027.000000,,3.305600,
9.068000,0.203800,0.710080,2.573730,346.899320,-334.871120,4339052.500000,,3.285100,
9.070000,0.017940,0.642150,2.512210,346.930880,-334.870970,4339078.000000,,3.353030,
9.072000,-0.006410,0.735720,4.173340,346.962370,-334.871060,4339103.500000,1.000000,3.350460,-399.498500
9.072000,-0.006410,0.735720,4.173340,346.962370,-334.871060,4339103.500000,1.000000,3.350460,-399.498500
9.074000,0.179440,0.558840,4.378420,346.994720,-334.871060,4339128.500000,,3.255620,
9.076000,0.357600,0.466550,3.055660,347.026950,-334.871150,4339153.500000,,3.336360,
9.078000,0.130740,0.551150,2.573730,347.058320,-334.871060,4339179.000000,,3.285100,
9.080000,-0.023070,0.570370,2.789060,347.089720,-334.871060,4339204.500000,1.000000,3.341490,-399.498540
9.082000,-0.028200,0.583190,4.450200,347.121490,-334.871060,4339229.500000,,3.329960,
9.084000,0.174320,0.308900,3.886230,347.154240,-334.871220,4339255.000000,,3.269710,
9.086000,0.217900,0.290950,3.076170,347.186190,-334.871400,4339280.500000,,3.376100,
9.088000,0.043580,0.472960,2.286620,347.216980,-334.871120,4339305.500000,1.000000,3.290220,-399.498320
9.088000,0.043580,0.472960,2.286620,347.216980,-334.871120,4339305.500000,1.000000,3.290220,-399.498320
9.090000,-0.023070,0.674190,2.953130,347.247530,-334.871000,4339331.000000,,3.391480,
9.092000,0.003850,0.775450,4.152830,347.278630,-334.871090,4339356.000000,,3.358150,
9.094000,0.221740,0.569090,3.373540,347.310700,-334.871310,4339381.500000,,3.292790,
9.096000,0.208920,0.606260,2.583980,347.342250,-334.871190,4339407.000000,1.000000,3.349180,-399.498690
9.098000,0.023070,0.616520,2.327640,347.373600,-334.871060,4339432.000000,,3.299190,
9.100000,-0.043580,0.737000,3.875980,347.404910,-334.871090,4339457.000000,,3.420960,
9.102000,0.048710,0.630620,4.224610,347.436980,-334.871060,4339482.500000,,3.286380,
9.104000,0.280700,0.437070,3.035160,347.469510,-334.871190,4339508.000000,1.000000,3.322270,-399.498600
9.106000,0.160220,0.501160,2.399410,347.501100,-334.871150,4339533.500000,,3.340210,
9.108000,-0.007690,0.587040,2.686520,347.532200,-334.871060,4339558.500000,,3.309450,
9.110000,-0.053830,0.728030,4.070800,347.563390,-334.871090,4339584.000000,,3.362000,
9.112000,0.069210,0.481930,4.316890,347.595890,-334.871190,4339609.000000,1.000000,3.314580,-399.498410
9.112000,0.069210,0.481930,4.316890,347.595890,-334.871190,4339609.000000,1.000000,3.314580,-399.498410
9.114000,0.194820,0.299930,3.322270,347.628390,-334.871460,4339634.500000,,3.328670,
9.116000,0.051270,0.415280,2.512210,347.659610,-334.871250,4339659.500000,,3.340210,
9.118000,-0.047420,0.633180,2.358400,347.690120,-334.871060,4339685.000000,,3.347900,
9.120000,-0.046140,0.811340,3.916990,347.721010,-334.871150,4339710.500000,1.000000,3.424800,-399.498660
9.122000,0.117920,0.565250,3.999020,347.753270,-334.871220,4339736.000000,,3.300480,
9.124000,0.205080,0.471680,2.840330,347.785430,-334.871460,4339761.000000,,3.346620,
9.126000,0.038450,0.483220,2.553220,347.816990,-334.871090,4339786.000000,,3.345340,
9.128000,-0.048710,0.660100,3.178710,347.848020,-334.871150,4339811.500000,1.000000,3.372250,-399.499110
9.128000,-0.048710,0.660100,3.178710,347.848020,-334.871150,4339811.500000,1.000000,3.372250,-399.499110
9.130000,-0.020510,0.693420,3.978520,347.879610,-334.871090,4339837.000000,,3.376100,
9.132000,0.184570,0.421690,3.394040,347.912260,-334.871190,4339862.500000,,3.309450,
9.134000,0.171750,0.389650,2.573730,347.944240,-334.871280,4339887.500000,,3.347900,
9.136000,-0.016660,0.475520,2.563480,347.975460,-334.871090,4339912.500000,1.000000,3.333800,-399.499110
9.138000,-0.065370,0.725460,3.691410,348.006100,-334.871060,4339938.000000,,3.356870,
9.140000,-0.005130,0.665220,4.142580,348.037870,-334.871150,4339963.500000,,3.324830,
9.142000,0.146120,0.376830,2.973630,348.070470,-334.871340,4339988.500000,,3.328670,
9.144000,0.064090,0.420410,2.409670,348.102020,-334.871430,4340014.000000,1.000000,3.310730,-399.498870
9.146000,-0.039730,0.583190,2.091800,348.132660,-334.871060,4340039.500000,,3.332520,
9.148000,-0.055110,0.875430,3.568360,348.163090,-334.871090,4340064.500000,,3.379940,
9.150000,0.021790,0.708800,4.163090,348.194980,-334.871220,4340089.500000,,3.338930,
9.152000,0.179440,0.508850,2.830080,348.227390,-334.871340,4340115.000000,1.000000,3.301760,-399.499080
9.152000,0.179440,0.508850,2.830080,348.227390,-334.871340,4340115.000000,1.000000,3.301760,-399.499080
9.154000,0.043580,0.478090,2.358400,348.259280,-334.871340,4340140.500000,,3.299190,
9.156000,-0.053830,0.594730,2.307130,348.290560,-334.871120,4340166.000000,,3.358150,
9.158000,-0.051270,0.798520,3.537600,348.321660,-334.871150,4340191.000000,,3.327390,
9.160000,0.093570,0.526790,3.455570,348.354190,-334.871190,4340216.000000,1.000000,3.308170,-399.499080
9.162000,0.162780,0.383240,2.850590,348.386690,-334.871340,4340241.500000,,3.326110,
9.164000,-0.015380,0.394780,2.542970,348.418270,-334.871280,4340267.000000,,3.282530,
9.166000,-0.085880,0.639590,3.117190,348.449040,-334.871150,4340292.500000,,3.336360,
9.168000,-0.048710,0.771610,3.814450,348.480130,-334.871120,4340317.500000,1.000000,3.317140,-399.499080
9.170000,0.089720,0.462710,3.250490,348.512660,-334.871400,4340343.000000,,3.303040,
9.172000,0.053830,0.426820,2.389160,348.544590,-334.871430,4340368.000000,,3.313290,
9.174000,-0.057680,0.485780,2.358400,348.575680,-334.871220,4340393.500000,,3.279970,
9.176000,-0.076900,0.822880,3.281250,348.605990,-334.871090,4340418.500000,1.000000,3.369690,-399.499270
9.178000,-0.039730,0.860050,4.132320,348.637150,-334.871190,4340444.000000,,3.296630,
9.180000,0.115360,0.567810,3.229980,348.669680,-334.871400,4340469.500000,,3.318420,
9.182000,0.032040,0.448610,2.225100,348.702000,-334.871310,4340494.500000,,3.283810,
9.184000,-0.071780,0.416560,2.030270,348.733830,-334.871220,4340520.000000,1.000000,3.297910,-399.499570
9.184000,-0.071780,0.416560,2.030270,348.733830,-334.871220,4340520.000000,1.000000,3.297910,-399.499570
9.186000,-0.092290,0.693420,3.445310,348.764770,-334.871190,4340545.000000,,3.355590,
9.188000,-0.005130,0.612670,3.742680,348.796690,-334.871150,4340570.500000,,3.271000,
9.190000,0.138430,0.357600,2.871090,348.829410,-334.871340,4340596.000000,,3.323550,
9.192000,0.003850,0.325560,2.409670,348.861360,-334.871310,4340621.500000,1.000000,3.296630,-399.499540
9.192000,0.003850,0.325560,2.409670,348.861360,-334.871310,4340621.500000,1.000000,3.296630,-399.499540
9.194000,-0.091000,0.439640,2.409670,348.892490,-334.871220,4340646.500000,,3.305600,
9.196000,-0.076900,0.742130,3.814450,348.923100,-334.871190,4340671.500000,,3.324830,
9.198000,0.017940,0.560120,3.414550,348.955080,-334.871310,4340697.000000,,3.317140,
9.200000,0.064090,0.402470,2.645510,348.987240,-334.871490,4340722.500000,1.000000,3.324830,-399.499270
9.200000,0.064090,0.402470,2.645510,348.987240,-334.871490,4340722.500000,1.000000,3.324830,-399.499270
9.202000,-0.067930,0.407590,2.430180,349.018680,-334.871280,4340747.500000,,3.299190,
9.204000,-0.094850,0.660100,2.532710,349.049160,-334.871190,4340773.000000,,3.351750,
9.206000,-0.082030,0.921570,3.855470,349.079650,-334.871150,4340798.500000,,3.363280,
9.208000,0.056400,0.710080,2.860840,349.111660,-334.871340,4340823.500000,1.000000,3.292790,-399.499510
9.210000,0.057680,0.528080,2.317380,349.144040,-334.871430,4340848.500000,,3.346620,
9.212000,-0.067930,0.402470,2.255860,349.176210,-334.871220,4340874.000000,,3.303040,
9.214000,-0.089720,0.611390,3.147950,349.207340,-334.871220,4340899.500000,,3.338930,
9.216000,-0.038450,0.729310,3.670900,349.238590,-334.871090,4340925.000000,1.000000,3.326110,-399.499630
9.218000,0.107670,0.511410,2.696780,349.271060,-334.871280,4340950.000000,,3.317140,
9.220000,0.035890,0.415280,2.266110,349.303190,-334.871370,4340975.000000,,3.305600,
9.222000,-0.103820,0.425540,1.968750,349.334720,-334.871250,4341000.500000,,3.314580,
9.224000,-0.082030,0.707520,3.414550,349.365450,-334.871190,4341026.000000,1.000000,3.315860,-399.499630
9.226000,-0.014100,0.715210,3.578610,349.396940,-334.871310,4341051.000000,,3.303040,
9.228000,0.069210,0.507570,3.086430,349.429260,-334.871430,4341076.500000,,3.312010,
9.230000,-0.042300,0.430660,2.214840,349.461150,-334.871370,4341102.000000,,3.290220,
9.232000,-0.092290,0.521670,2.143070,349.492340,-334.871220,4341127.000000,1.000000,3.328670,-399.499660
9.232000,-0.092290,0.521670,2.143070,349.492340,-334.871220,4341127.000000,1.000000,3.328670,-399.499660
9.234000,-0.075620,0.811340,3.404300,349.523010,-334.871220,4341152.500000,,3.337650,
9.236000,0.002560,0.763920,3.199220,349.554570,-334.871250,4341177.500000,,3.310730,
9.238000,0.080750,0.615230,2.389160,349.586760,-334.871370,4341203.000000,,3.292790,
9.240000,-0.055110,0.433230,2.440430,349.619050,-334.871340,4341228.500000,1.000000,3.317140,-399.499940
9.242000,-0.092290,0.498600,2.963380,349.650700,-334.871220,4341253.500000,,3.333800,
9.244000,-0.061520,0.689580,3.476070,349.681850,-334.871220,4341278.500000,,3.288940,
9.246000,0.057680,0.578060,3.096680,349.713840,-334.871280,4341304.000000,,3.323550,
9.248000,0.046140,0.457580,2.399410,349.746060,-334.871340,4341329.500000,1.000000,3.309450,-399.499850
9.250000,-0.097410,0.356320,2.081540,349.777920,-334.871340,4341355.000000,,3.282530,
9.252000,-0.107670,0.543460,3.260740,349.808960,-334.871250,4341380.000000,,3.326110,
9.254000,-0.051270,0.695980,3.711910,349.840000,-334.871220,4341405.500000,,3.281250,
9.256000,0.046140,0.583190,3.014650,349.871860,-334.871430,4341430.500000,1.000000,3.296630,-399.499660
9.256000,0.046140,0.583190,3.014650,349.871860,-334.871430,4341430.500000,1.000000,3.296630,-399.499660
9.258000,-0.003850,0.535770,2.460940,349.903590,-334.871340,4341456.000000,,3.271000,
9.260000,-0.112790,0.494750,2.040530,349.935090,-334.871250,4341481.000000,,3.301760,
9.260000,-0.112790,0.494750,2.040530,349.935090,-334.871250,4341481.000000,,3.301760,
9.262000,-0.080750,0.739560,3.106930,349.965940,-334.871190,4341506.500000,,3.319700,
9.264000,-0.034610,0.786990,3.619630,349.997310,-334.871310,4341532.000000,1.000000,3.264590,-399.499690
9.266000,0.085880,0.694700,2.686520,350.029270,-334.871340,4341557.000000,,3.301760,
9.268000,-0.016660,0.529360,2.358400,350.061580,-334.871340,4341582.500000,,3.240230,
9.270000,-0.099980,0.453740,2.081540,350.093630,-334.871340,4341607.500000,,3.309450,
9.272000,-0.083310,0.647280,3.168460,350.124880,-334.871190,4341633.000000,1.000000,3.296630,-399.499940
9.274000,0.005130,0.633180,2.860840,350.156590,-334.871310,4341658.500000,,3.253050,
9.276000,0.088440,0.558840,2.553220,350.188540,-334.871400,4341684.000000,,3.306880,
9.278000,-0.057680,0.467830,2.327640,350.220370,-334.871340,4341709.000000,,3.260740,
9.280000,-0.116640,0.515260,2.758300,350.251800,-334.871310,4341734.000000,1.000000,3.285100,-399.499940
9.282000,-0.079470,0.658810,3.353030,350.282990,-334.871310,4341759.500000,,3.285100,
9.284000,0.017940,0.534480,2.953130,350.314940,-334.871430,4341785.000000,,3.271000,
9.286000,0.008970,0.551150,2.225100,350.346590,-334.871430,4341810.000000,,3.265870,
9.288000,-0.106380,0.480650,2.112300,350.378230,-334.871310,4341835.500000,1.000000,3.272280,-399.499940
9.290000,-0.094850,0.629330,2.748050,350.409360,-334.871310,4341861.000000,,3.318420,
9.292000,-0.074340,0.721620,3.711910,350.440640,-334.871280,4341886.000000,,3.277400,
9.294000,0.051270,0.648560,2.830080,350.472560,-334.871460,4341911.000000,,3.256900,
9.296000,0.001280,0.603700,2.112300,350.504460,-334.871340,4341936.500000,1.000000,3.297910,-399.500090
9.296000,0.001280,0.603700,2.112300,350.504460,-334.871340,4341936.500000,1.000000,3.297910,-399.500090
9.298000,-0.112790,0.457580,1.722660,350.536590,-334.871280,4341962.000000,,3.255620,
9.300000,-0.098690,0.590880,3.004390,350.568020,-334.871340,4341987.500000,,3.304320,
9.302000,-0.039730,0.646000,3.219730,350.599520,-334.871190,4342012.500000,,3.272280,
9.304000,0.070500,0.607540,2.809570,350.631290,-334.871400,4342037.500000,1.000000,3.260740,-399.499940
9.306000,-0.028200,0.638310,2.389160,350.662660,-334.871370,4342063.000000,,3.267150,
9.308000,-0.123050,0.599850,2.307130,350.694150,-334.871310,4342088.500000,,3.278690,
9.310000,-0.102540,0.704960,3.219730,350.725460,-334.871340,4342114.000000,,3.255620,
9.312000,-0.026920,0.602420,3.137700,350.757420,-334.871460,4342139.000000,1.000000,3.274840,-399.499820
9.314000,0.012820,0.588320,2.532710,350.789280,-334.871460,4342164.500000,,3.238950,
9.316000,-0.088440,0.571660,2.368650,350.820860,-334.871340,4342189.500000,,3.262020,
9.318000,-0.128170,0.617800,2.450680,350.852290,-334.871310,4342215.000000,,3.291500,
9.320000,-0.111510,0.717770,3.455570,350.883670,-334.871370,4342240.000000,1.000000,3.273560,-399.499970
9.320000,-0.111510,0.717770,3.455570,350.883670,-334.871370,4342240.000000,1.000000,3.273560,-399.499970
9.322000,-0.010250,0.639590,2.891600,350.915650,-334.871400,4342265.500000,,3.258180,
9.324000,0.016660,0.629330,2.276370,350.947510,-334.871460,4342291.000000,,3.229980,
9.326000,-0.097410,0.537050,2.020020,350.979490,-334.871340,4342316.000000,,3.304320,
9.328000,-0.120480,0.596010,2.830080,351.011140,-334.871310,4342341.000000,1.000000,3.258180,-399.500210
9.330000,-0.088440,0.654970,3.301760,351.042660,-334.871370,4342366.500000,,3.256900,
9.332000,0.021790,0.574220,2.676270,351.074650,-334.871370,4342392.000000,,3.276120,
9.334000,-0.017940,0.620360,2.061040,351.106170,-334.871430,4342417.500000,,3.210750,
9.336000,-0.129460,0.587040,1.907230,351.137660,-334.871340,4342442.500000,1.000000,3.276120,-399.500210
9.336000,-0.129460,0.587040,1.907230,351.137660,-334.871340,4342442.500000,1.000000,3.276120,-399.500210
9.338000,-0.117920,0.684450,3.086430,351.168980,-334.871310,4342468.000000,,3.259460,
9.340000,-0.074340,0.626770,3.250490,351.200780,-334.871430,4342493.000000,,3.224850,
9.342000,-0.006410,0.538330,2.891600,351.232790,-334.871490,4342518.500000,,3.249210,
9.344000,-0.078190,0.588320,2.214840,351.264280,-334.871430,4342543.500000,1.000000,3.191530,-399.500150
9.346000,-0.137150,0.612670,1.917480,351.295620,-334.871340,4342569.000000,,3.283810,
9.348000,-0.120480,0.708800,2.881350,351.326970,-334.871340,4342594.500000,,3.246640,
9.350000,-0.066650,0.587040,2.881350,351.359040,-334.871460,4342620.000000,,3.236390,
9.352000,-0.001280,0.546020,2.194340,351.390990,-334.871460,4342645.000000,1.000000,3.231260,-399.500210
9.354000,-0.097410,0.531920,2.266110,351.422760,-334.871460,4342670.000000,,3.191530,
9.356000,-0.139710,0.612670,2.645510,351.454160,-334.871340,4342695.500000,,3.296630,
9.358000,-0.120480,0.695980,2.901860,351.485530,-334.871340,4342721.000000,,3.200500,
9.360000,-0.042300,0.569090,2.676270,351.517580,-334.871520,4342746.500000,1.000000,3.235110,-399.500180
9.360000,-0.042300,0.569090,2.676270,351.517580,-334.871520,4342746.500000,1.000000,3.235110,-399.500180
9.362000,-0.020510,0.563960,1.896970,351.549290,-334.871460,4342771.500000,,3.228700,
9.364000,-0.139710,0.579350,2.214840,351.580750,-334.871460,4342796.500000,,3.183840,
9.366000,-0.138430,0.697270,2.666020,351.611910,-334.871400,4342822.000000,,3.256900,
9.368000,-0.116640,0.693420,3.547850,351.643490,-334.871430,4342847.500000,1.000000,3.212040,-399.500180
9.370000,-0.046140,0.549870,2.799320,351.675660,-334.871640,4342872.500000,,3.205630,
9.372000,-0.105100,0.625490,2.358400,351.707120,-334.871460,4342898.000000,,3.199220,
9.374000,-0.152530,0.653690,2.020020,351.738400,-334.871430,4342923.500000,,3.203060,
9.376000,-0.137150,0.795960,2.563480,351.769530,-334.871340,4342948.500000,1.000000,3.267150,-399.500340
9.376000,-0.137150,0.795960,2.563480,351.769530,-334.871340,4342948.500000,1.000000,3.267150,-399.500340
9.378000,-0.133300,0.724180,3.250490,351.801330,-334.871430,4342973.500000,,3.195370,
9.380000,-0.042300,0.616520,2.337890,351.833440,-334.871610,4342999.000000,,3.223570,
9.382000,-0.135860,0.612670,2.327640,351.865230,-334.871370,4343024.500000,,3.204350,
9.384000,-0.164060,0.633180,2.020020,351.896790,-334.871460,4343050.000000,1.000000,3.199220,-399.500490
9.386000,-0.156370,0.754940,2.789060,351.928070,-334.871340,4343075.000000,,3.264590,
9.388000,-0.110230,0.644710,2.491700,351.960140,-334.871430,4343100.000000,,3.185120,
9.390000,-0.047420,0.543460,2.214840,351.992280,-334.871610,4343125.500000,,3.221010,
9.392000,-0.152530,0.583190,2.163570,352.023860,-334.871460,4343151.000000,1.000000,3.200500,-399.500490
9.394000,-0.169190,0.667790,2.450680,352.055180,-334.871460,4343176.500000,,3.204350,
9.396000,-0.152530,0.738280,3.055660,352.086640,-334.871460,4343201.500000,,3.226140,
9.398000,-0.103820,0.534480,2.707030,352.119020,-334.871580,4343227.000000,,3.212040,
9.400000,-0.106380,0.502440,1.979000,352.151000,-334.871670,4343252.000000,1.000000,3.182560,-399.500370
9.400000,-0.106380,0.502440,1.979000,352.151000,-334.871670,4343252.000000,1.000000,3.182560,-399.500370
9.402000,-0.185850,0.520390,1.937990,352.182530,-334.871460,4343277.500000,,3.215880,
9.404000,-0.169190,0.707520,2.255860,352.213440,-334.871460,4343302.500000,,3.222290,
9.406000,-0.182010,0.798520,3.076170,352.244600,-334.871460,4343328.000000,,3.238950,
9.408000,-0.093570,0.693420,2.696780,352.276460,-334.871550,4343353.500000,1.000000,3.192810,-399.500490
9.410000,-0.128170,0.639590,2.009770,352.308200,-334.871610,4343378.500000,,3.203060,
9.412000,-0.182010,0.616520,1.732910,352.339810,-334.871430,4343403.500000,,3.214600,
9.414000,-0.171750,0.747250,2.245610,352.371000,-334.871490,4343429.000000,,3.192810,
9.416000,-0.151250,0.724180,2.604490,352.402680,-334.871430,4343454.500000,1.000000,3.235110,-399.500550
9.416000,-0.151250,0.724180,2.604490,352.402680,-334.871430,4343454.500000,1.000000,3.235110,-399.500550
9.418000,-0.088440,0.572940,2.173830,352.434940,-334.871580,4343480.000000,,3.187680,
9.420000,-0.152530,0.576780,2.337890,352.466670,-334.871610,4343505.000000,,3.169740,
9.422000,-0.202510,0.617800,2.173830,352.498170,-334.871460,4343530.500000,,3.208190,
9.424000,-0.160220,0.748540,2.973630,352.529450,-334.871460,4343555.500000,1.000000,3.173580,-399.500580
9.426000,-0.147400,0.629330,2.635250,352.561550,-334.871610,4343581.000000,,3.203060,
9.428000,-0.129460,0.510130,2.378910,352.593750,-334.871610,4343606.000000,,3.168460,
9.430000,-0.201230,0.505000,1.958500,352.625460,-334.871610,4343631.500000,,3.163330,
9.432000,-0.183290,0.665220,2.194340,352.656490,-334.871460,4343657.000000,1.000000,3.214600,-399.500610
9.434000,-0.188420,0.816470,3.086430,352.687500,-334.871520,4343682.500000,,3.171020,
9.436000,-0.140990,0.734440,2.655760,352.719240,-334.871610,4343707.500000,,3.206910,
9.438000,-0.130740,0.639590,2.266110,352.751160,-334.871610,4343732.500000,,3.142820,
9.440000,-0.208920,0.569090,1.773930,352.782930,-334.871640,4343758.000000,1.000000,3.181270,-399.500760
9.442000,-0.183290,0.680600,2.225100,352.814270,-334.871490,4343783.500000,,3.187680,
9.444000,-0.187130,0.742130,2.901860,352.845610,-334.871550,4343809.000000,,3.141540,
9.446000,-0.125610,0.601140,2.481450,352.877720,-334.871610,4343834.000000,,3.209470,
9.448000,-0.164060,0.538330,1.958500,352.909730,-334.871610,4343859.000000,1.000000,3.121030,-399.500790
9.448000,-0.164060,0.538330,1.958500,352.909730,-334.871610,4343859.000000,1.000000,3.121030,-399.500790
9.450000,-0.217900,0.497310,2.061040,352.941440,-334.871640,4343884.500000,,3.158200,
9.452000,-0.193540,0.638310,2.635250,352.972690,-334.871520,4343910.000000,,3.165890,
9.454000,-0.184570,0.634460,2.748050,353.004330,-334.871610,4343935.000000,,3.140260,
9.456000,-0.140990,0.548580,2.440430,353.036290,-334.871700,4343960.500000,1.000000,3.165890,-399.500730
9.456000,-0.140990,0.548580,2.440430,353.036290,-334.871700,4343960.500000,1.000000,3.165890,-399.500730
9.458000,-0.199950,0.567810,2.173830,353.067900,-334.871610,4343986.000000,,3.112060,
9.460000,-0.217900,0.625490,1.845700,353.099090,-334.871610,4344011.000000,,3.167180,
9.462000,-0.193540,0.810060,2.583980,353.130000,-334.871520,4344036.000000,,3.158200,
9.464000,-0.182010,0.793400,2.471190,353.161440,-334.871640,4344061.500000,1.000000,3.131290,-399.500760
9.466000,-0.129460,0.715210,2.091800,353.193240,-334.871640,4344087.000000,,3.160770,
9.468000,-0.208920,0.631900,2.009770,353.225190,-334.871610,4344112.500000,,3.105650,
9.470000,-0.207640,0.687010,2.194340,353.256590,-334.871640,4344137.500000,,3.159480,
9.472000,-0.194820,0.815190,2.748050,353.287870,-334.871520,4344162.500000,1.000000,3.135130,-399.500920
9.474000,-0.152530,0.728030,2.255860,353.319760,-334.871670,4344188.000000,,3.126160,
9.476000,-0.135860,0.638310,1.794430,353.351840,-334.871700,4344213.500000,,3.146670,
9.478000,-0.210210,0.563960,1.814940,353.383790,-334.871640,4344239.000000,,3.108220,
9.480000,-0.207640,0.621640,2.532710,353.415310,-334.871610,4344264.000000,1.000000,3.145390,-399.500950
9.482000,-0.194820,0.680600,2.994140,353.446840,-334.871640,4344289.500000,,3.130000,
9.484000,-0.142270,0.601140,2.645510,353.478790,-334.871770,4344314.500000,,3.132570,
9.486000,-0.179440,0.617800,2.204590,353.510410,-334.871670,4344340.000000,,3.123600,
9.488000,-0.223020,0.602420,1.989260,353.541960,-334.871610,4344365.000000,1.000000,3.132570,-399.501040
9.488000,-0.223020,0.602420,1.989260,353.541960,-334.871610,4344365.000000,1.000000,3.132570,-399.501040
9.490000,-0.196110,0.752380,2.327640,353.572970,-334.871610,4344390.500000,,3.155640,
9.492000,-0.206360,0.778020,2.563480,353.604370,-334.871610,4344416.000000,,3.131290,
9.494000,-0.130740,0.717770,2.286620,353.636170,-334.871770,4344441.000000,,3.119750,
9.496000,-0.187130,0.646000,2.286620,353.668060,-334.871640,4344466.000000,1.000000,3.142820,-399.501130
9.496000,-0.187130,0.646000,2.286620,353.668060,-334.871640,4344466.000000,1.000000,3.142820,-399.501130
9.498000,-0.206360,0.610110,1.989260,353.699890,-334.871640,4344491.500000,,3.115910,
9.500000,-0.190980,0.711360,2.491700,353.731290,-334.871610,4344517.000000,,3.140260,
9.502000,-0.171750,0.685730,2.430180,353.763060,-334.871610,4344542.500000,,3.131290,
9.504000,-0.117920,0.594730,2.050780,353.795100,-334.871770,4344567.500000,1.000000,3.109500,-399.501040
9.506000,-0.199950,0.567810,2.163570,353.826840,-334.871700,4344593.000000,,3.110780,
9.508000,-0.207640,0.607540,2.368650,353.858310,-334.871640,4344618.000000,,3.124880,
9.510000,-0.197390,0.715210,2.860840,353.889560,-334.871640,4344643.500000,,3.108220,
9.510000,-0.197390,0.715210,2.860840,353.889560,-334.871640,4344643.500000,,3.108220,
9.512000,-0.160220,0.648560,2.563480,353.921300,-334.871770,4344668.500000,1.000000,3.124880,-399.501010
9.514000,-0.157650,0.639590,2.020020,353.952970,-334.871770,4344694.000000,,3.086430,
9.516000,-0.215330,0.608830,1.917480,353.984470,-334.871670,4344719.500000,,3.115910,
9.518000,-0.202510,0.722900,2.255860,354.015630,-334.871670,4344745.000000,,3.118470,
9.520000,-0.214050,0.788270,2.666020,354.046910,-334.871730,4344769.500000,1.000000,3.108220,-399.501070
9.522000,-0.148680,0.747250,2.337890,354.078610,-334.871770,4344795.000000,,3.109500,
9.524000,-0.165340,0.699830,1.999510,354.110470,-334.871800,4344820.500000,,3.067200,
9.526000,-0.211490,0.639590,1.568850,354.142360,-334.871730,4344846.000000,,3.132570,
9.528000,-0.190980,0.701110,2.061040,354.173950,-334.871670,4344871.500000,1.000000,3.088990,-399.501190
9.530000,-0.189700,0.708800,2.399410,354.205600,-334.871730,4344896.500000,,3.096680,
9.532000,-0.139710,0.637020,2.204590,354.237610,-334.871770,4344921.500000,,3.115910,
9.534000,-0.193540,0.652400,2.153320,354.269290,-334.871770,4344947.000000,,3.051820,
9.536000,-0.217900,0.671630,2.071290,354.300720,-334.871730,4344972.500000,1.000000,3.105650,-399.501190
9.538000,-0.198670,0.792110,2.327640,354.331910,-334.871670,4344997.500000,,3.088990,
9.540000,-0.194820,0.756230,2.512210,354.363460,-334.871770,4345023.000000,,3.077450,
9.542000,-0.166630,0.734440,1.907230,354.395110,-334.871800,4345048.500000,,3.067200,
9.544000,-0.210210,0.706240,1.937990,354.426700,-334.871770,4345073.500000,1.000000,3.040280,-399.501160
9.546000,-0.206360,0.737000,2.132810,354.458130,-334.871700,4345098.500000,,3.104370,
9.548000,-0.205080,0.779300,2.942870,354.489590,-334.871730,4345124.000000,,3.056950,
9.550000,-0.178160,0.725460,2.368650,354.521450,-334.871830,4345149.500000,,3.071040,
9.552000,-0.161500,0.669070,1.948240,354.553440,-334.871770,4345175.000000,1.000000,3.054380,-399.501190
9.552000,-0.161500,0.669070,1.948240,354.553440,-334.871770,4345175.000000,1.000000,3.054380,-399.501190
9.554000,-0.212770,0.584470,1.661130,354.585510,-334.871830,4345200.000000,,3.031310,
9.556000,-0.202510,0.620360,2.009770,354.617190,-334.871770,4345225.000000,,3.086430,
9.558000,-0.205080,0.676760,2.419920,354.648710,-334.871700,4345250.500000,,3.040280,
9.560000,-0.167910,0.629330,2.296880,354.680570,-334.871890,4345276.000000,1.000000,3.060790,-399.501160
9.560000,-0.167910,0.629330,2.296880,354.680570,-334.871890,4345276.000000,1.000000,3.060790,-399.501160
9.562000,-0.180730,0.631900,2.102050,354.712250,-334.871830,4345301.500000,,3.041560,
9.564000,-0.219180,0.621640,1.835450,354.743840,-334.871800,4345326.500000,,3.032590,
9.566000,-0.201230,0.726750,2.481450,354.774990,-334.871770,4345352.000000,,3.060790,
9.568000,-0.210210,0.754940,2.307130,354.806370,-334.871800,4345377.000000,1.000000,3.049260,-399.501130
9.570000,-0.179440,0.735720,2.163570,354.837890,-334.871920,4345402.500000,,3.033870,
9.572000,-0.223020,0.758790,2.071290,354.869290,-334.871830,4345427.500000,,3.019780,
9.574000,-0.223020,0.751100,2.061040,354.900760,-334.871800,4345453.000000,,3.037720,
9.576000,-0.216610,0.825440,2.348140,354.932070,-334.871770,4345478.500000,1.000000,3.050540,-399.501250
9.578000,-0.217900,0.771610,2.327640,354.963840,-334.871830,4345503.500000,,3.028750,
9.580000,-0.183290,0.683170,1.743160,354.995880,-334.871920,4345528.500000,,3.024900,
9.582000,-0.239690,0.603700,1.835450,355.028020,-334.871830,4345554.000000,,3.027470,
9.584000,-0.228150,0.604980,1.896970,355.059810,-334.871860,4345579.500000,1.000000,3.008240,-399.501280
9.584000,-0.228150,0.604980,1.896970,355.059810,-334.871860,4345579.500000,1.000000,3.008240,-399.501280
9.586000,-0.226870,0.683170,2.235350,355.091310,-334.871800,4345605.000000,,3.045410,
9.588000,-0.210210,0.657530,2.102050,355.123080,-334.871830,4345630.000000,,3.028750,
9.590000,-0.197390,0.621640,1.825200,355.154880,-334.871950,4345655.500000,,3.010800,
9.592000,-0.240970,0.620360,1.702150,355.186460,-334.871860,4345680.500000,1.000000,3.023620,-399.501310
9.594000,-0.221740,0.683170,1.968750,355.217830,-334.871860,4345706.000000,,3.017210,
9.596000,-0.229430,0.740840,2.522460,355.249110,-334.871890,4345731.000000,,3.019780,
9.598000,-0.211490,0.697270,2.348140,355.280790,-334.871950,4345756.500000,,3.031310,
9.600000,-0.231990,0.707520,2.071290,355.312320,-334.871950,4345782.000000,1.000000,2.995420,-399.501280
9.600000,-0.231990,0.707520,2.071290,355.312320,-334.871950,4345782.000000,1.000000,2.995420,-399.501280
9.602000,-0.251220,0.685730,1.845700,355.343870,-334.871890,4345807.500000,,3.032590,
9.604000,-0.235840,0.765200,2.020020,355.375210,-334.871890,4345832.500000,,3.018490,
9.606000,-0.256350,0.776730,2.235350,355.406710,-334.871890,4345857.500000,,3.028750,
9.608000,-0.211490,0.737000,1.855960,355.438450,-334.871920,4345883.000000,1.000000,3.018490,-399.501340
9.610000,-0.247380,0.675480,2.122560,355.470340,-334.871980,4345908.500000,,3.006960,
9.612000,-0.248660,0.633180,1.896970,355.502170,-334.871890,4345934.000000,,3.041560,
9.614000,-0.242250,0.658810,2.296880,355.533810,-334.871890,4345959.000000,,2.994140,
9.616000,-0.233280,0.654970,2.071290,355.565520,-334.871890,4345984.000000,1.000000,3.047970,-399.501340
9.618000,-0.217900,0.634460,1.866210,355.597290,-334.871920,4346009.500000,,3.010800,
9.620000,-0.255070,0.648560,1.927730,355.628810,-334.871980,4346035.000000,,2.986450,
9.622000,-0.257630,0.683170,2.040530,355.660190,-334.871890,4346060.000000,,3.030030,
9.624000,-0.238400,0.748540,2.614750,355.691530,-334.871890,4346085.500000,1.000000,2.991580,-399.501370
9.624000,-0.238400,0.748540,2.614750,355.691530,-334.871890,4346085.500000,1.000000,2.991580,-399.501370
9.626000,-0.235840,0.707520,2.378910,355.723180,-334.872010,4346111.000000,,3.006960,
9.628000,-0.240970,0.720340,1.927730,355.754760,-334.871980,4346136.000000,,2.994140,
9.630000,-0.270450,0.689580,1.917480,355.786380,-334.871980,4346161.000000,,2.989010,
9.632000,-0.244810,0.745970,1.917480,355.817840,-334.871950,4346186.500000,1.000000,3.022340,-399.501400
9.634000,-0.261470,0.769040,2.348140,355.849370,-334.871980,4346212.000000,,2.980040,
9.636000,-0.231990,0.761350,1.958500,355.881040,-334.872040,4346237.500000,,3.021060,
9.638000,-0.253780,0.726750,2.153320,355.912810,-334.871980,4346262.500000,,2.976200,
9.640000,-0.275570,0.683170,1.538090,355.944550,-334.872040,4346287.500000,1.000000,3.003110,-399.501460
9.642000,-0.251220,0.724180,1.948240,355.976100,-334.871890,4346313.000000,,3.021060,
9.644000,-0.260190,0.722900,1.886720,356.007720,-334.871980,4346338.500000,,2.973630,
9.646000,-0.233280,0.671630,1.958500,356.039520,-334.872040,4346363.500000,,3.027470,
9.648000,-0.269170,0.674190,1.927730,356.071200,-334.871980,4346389.000000,1.000000,2.962100,-399.501500
9.650000,-0.275570,0.639590,1.917480,356.102810,-334.872040,4346414.500000,,2.981320,
9.652000,-0.260190,0.670350,2.317380,356.134430,-334.871980,4346439.500000,,2.991580,
9.654000,-0.256350,0.611390,2.173830,356.166260,-334.872040,4346464.500000,,2.965940,
9.656000,-0.243530,0.594730,1.804690,356.198090,-334.872100,4346490.000000,1.000000,2.974910,-399.501530
9.656000,-0.243530,0.594730,1.804690,356.198090,-334.872100,4346490.000000,1.000000,2.974910,-399.501530
9.658000,-0.270450,0.613950,1.712400,356.229640,-334.872010,4346515.500000,,2.963380,
9.660000,-0.265320,0.658810,2.112300,356.261050,-334.872040,4346541.000000,,2.977480,
9.662000,-0.256350,0.695980,2.471190,356.292480,-334.872010,4346566.000000,,2.974910,
9.664000,-0.243530,0.656250,2.091800,356.324190,-334.872070,4346591.000000,1.000000,2.954410,-399.501500
9.664000,-0.243530,0.656250,2.091800,356.324190,-334.872070,4346591.000000,1.000000,2.954410,-399.501500
9.666000,-0.235840,0.637020,1.702150,356.355900,-334.872070,4346616.500000,,2.978760,
9.668000,-0.275570,0.638310,1.825200,356.387450,-334.872040,4346642.000000,,2.942870,
9.670000,-0.261470,0.706240,1.671390,356.418760,-334.872100,4346667.500000,,2.971070,
9.672000,-0.261470,0.763920,2.040530,356.450040,-334.871980,4346692.500000,1.000000,2.974910,-399.501590
9.674000,-0.239690,0.711360,2.194340,356.481690,-334.872130,4346718.000000,,2.937740,
9.676000,-0.244810,0.695980,2.020020,356.513280,-334.872160,4346743.000000,,2.974910,
9.678000,-0.275570,0.674190,1.886720,356.544920,-334.872070,4346768.500000,,2.948000,
9.680000,-0.260190,0.683170,2.122560,356.576480,-334.872100,4346793.500000,1.000000,2.956970,-399.501590
9.682000,-0.266600,0.648560,2.194340,356.608280,-334.872130,4346819.000000,,2.968510,
9.684000,-0.244810,0.596010,2.112300,356.640170,-334.872160,4346844.500000,,2.944150,
9.686000,-0.273010,0.610110,1.948240,356.671840,-334.872160,4346870.000000,,2.954410,
9.688000,-0.276860,0.646000,2.132810,356.703370,-334.872130,4346894.500000,1.000000,2.964660,-399.501650
9.690000,-0.266600,0.703670,2.153320,356.734770,-334.872160,4346920.000000,,2.959530,
9.692000,-0.269170,0.684450,2.061040,356.766420,-334.872130,4346945.500000,,2.965940,
9.694000,-0.242250,0.653690,1.825200,356.798190,-334.872190,4346971.000000,,2.937740,
9.696000,-0.271730,0.644710,1.814940,356.829860,-334.872160,4346996.000000,1.000000,2.973630,-399.501680
9.696000,-0.271730,0.644710,1.814940,356.829860,-334.872160,4346996.000000,1.000000,2.973630,-399.501680
9.698000,-0.267880,0.697270,1.896970,356.861240,-334.872130,4347021.500000,,2.936460,
9.700000,-0.264040,0.757510,2.009770,356.892520,-334.872160,4347046.500000,,2.963380,
9.702000,-0.255070,0.745970,1.948240,356.924130,-334.872160,4347072.000000,,2.968510,
9.704000,-0.243530,0.684450,1.589360,356.955900,-334.872250,4347097.500000,1.000000,2.926210,-399.501680
9.704000,-0.243530,0.684450,1.589360,356.955900,-334.872250,4347097.500000,1.000000,2.926210,-399.501680
9.706000,-0.274290,0.656250,1.743160,356.987580,-334.872220,4347122.500000,,2.960820,
9.708000,-0.261470,0.704960,1.876460,357.019100,-334.872160,4347148.000000,,2.949280,
9.710000,-0.271730,0.730590,2.368650,357.050570,-334.872190,4347173.500000,,2.946720,
9.712000,-0.253780,0.665220,2.286620,357.082490,-334.872250,4347198.500000,1.000000,2.968510,-399.501650
9.714000,-0.267880,0.611390,1.886720,357.114410,-334.872280,4347223.500000,,2.931340,
9.716000,-0.281980,0.554990,1.835450,357.146240,-334.872250,4347249.000000,,2.969790,
9.718000,-0.276860,0.626770,1.794430,357.177760,-334.872190,4347274.500000,,2.955690,
9.720000,-0.288390,0.657530,1.927730,357.209290,-334.872250,4347300.000000,1.000000,2.962100,-399.501710
9.722000,-0.260190,0.646000,1.855960,357.240970,-334.872220,4347325.000000,,2.969790,
9.724000,-0.279420,0.619080,1.825200,357.272740,-334.872310,4347350.000000,,2.933900,
9.726000,-0.280700,0.626770,2.050780,357.304260,-334.872220,4347375.500000,,2.991580,
9.728000,-0.271730,0.703670,2.071290,357.335540,-334.872190,4347401.000000,1.000000,2.937740,-399.501740
9.730000,-0.274290,0.725460,1.784180,357.366970,-334.872280,4347426.000000,,2.977480,
9.732000,-0.262760,0.683170,1.691890,357.398710,-334.872250,4347451.500000,,2.971070,
9.734000,-0.292240,0.665220,2.020020,357.430390,-334.872310,4347477.000000,,2.923650,
9.736000,-0.283260,0.692140,1.948240,357.461850,-334.872250,4347502.000000,1.000000,2.974910,-399.501770
9.736000,-0.283260,0.692140,1.948240,357.461850,-334.872250,4347502.000000,1.000000,2.974910,-399.501770
9.738000,-0.280700,0.763920,2.317380,357.493230,-334.872220,4347527.000000,,2.949280,
9.740000,-0.280700,0.738280,2.296880,357.524810,-334.872310,4347552.500000,,2.949280,
9.740000,-0.280700,0.738280,2.296880,357.524810,-334.872310,4347552.500000,,2.949280,
9.742000,-0.274290,0.703670,2.030270,357.556610,-334.872280,4347578.000000,,2.959530,
9.744000,-0.289670,0.631900,1.845700,357.588500,-334.872280,4347603.500000,1.000000,2.935180,-399.501770
9.744000,-0.289670,0.631900,1.845700,357.588500,-334.872280,4347603.500000,1.000000,2.935180,-399.501770
9.746000,-0.276860,0.626770,1.825200,357.620240,-334.872250,4347628.500000,,2.974910,
9.748000,-0.285830,0.657530,2.112300,357.651820,-334.872220,4347653.500000,,2.945430,
9.750000,-0.274290,0.667790,1.896970,357.683500,-334.872310,4347679.000000,,2.969790,
9.752000,-0.281980,0.638310,1.927730,357.715240,-334.872250,4347704.500000,1.000000,2.954410,-399.501800
9.754000,-0.287110,0.594730,1.732910,357.747070,-334.872310,4347730.000000,,2.936460,
9.756000,-0.276860,0.611390,1.661130,357.778690,-334.872220,4347755.000000,,2.983890,
9.758000,-0.281980,0.644710,1.886720,357.810210,-334.872250,4347780.500000,,2.932620,
9.760000,-0.270450,0.653690,1.661130,357.841770,-334.872310,4347805.500000,1.000000,2.973630,-399.501800
9.760000,-0.270450,0.653690,1.661130,357.841770,-334.872310,4347805.500000,1.000000,2.973630,-399.501800
9.762000,-0.288390,0.656250,1.814940,357.873410,-334.872250,4347831.000000,,2.946720,
9.764000,-0.289670,0.617800,2.030270,357.905120,-334.872310,4347856.000000,,2.935180,
9.766000,-0.279420,0.633180,1.989260,357.936710,-334.872250,4347881.500000,,2.963380,
9.768000,-0.289670,0.651120,1.979000,357.968260,-334.872280,4347907.000000,1.000000,2.944150,-399.501770
9.770000,-0.278140,0.675480,1.712400,357.999760,-334.872310,4347932.500000,,2.946720,
9.772000,-0.303770,0.685730,1.743160,358.031280,-334.872250,4347957.000000,,2.946720,
9.774000,-0.290950,0.676760,1.907230,358.062840,-334.872310,4347982.500000,,2.939030,
9.776000,-0.294800,0.702390,2.102050,358.094330,-334.872280,4348008.000000,1.000000,2.954410,-399.501830
9.778000,-0.288390,0.707520,1.814940,358.125850,-334.872280,4348033.500000,,2.930050,
9.780000,-0.288390,0.693420,1.794430,358.157470,-334.872310,4348058.500000,,2.950560,
9.782000,-0.311460,0.648560,1.497070,358.189270,-334.872250,4348084.000000,,2.935180,
9.784000,-0.293520,0.613950,1.466310,358.221070,-334.872340,4348109.000000,1.000000,2.926210,-399.501860
9.786000,-0.299930,0.640870,1.712400,358.252720,-334.872220,4348134.500000,,2.955690,
9.788000,-0.292240,0.654970,1.845700,358.284360,-334.872310,4348159.500000,,2.921080,
9.790000,-0.292240,0.672910,1.927730,358.315950,-334.872310,4348185.000000,,2.945430,
9.792000,-0.306340,0.658810,1.866210,358.347660,-334.872250,4348210.500000,1.000000,2.940310,-399.501860
9.794000,-0.292240,0.643430,1.958500,358.379330,-334.872310,4348236.000000,,2.932620,
9.796000,-0.299930,0.638310,1.948240,358.411040,-334.872310,4348261.000000,,2.946720,
9.798000,-0.293520,0.648560,1.671390,358.442660,-334.872310,4348286.000000,,2.931340,
9.800000,-0.305050,0.703670,1.989260,358.474060,-334.872310,4348311.500000,1.000000,2.940310,-399.501890
9.800000,-0.305050,0.703670,1.989260,358.474060,-334.872310,4348311.500000,1.000000,2.940310,-399.501890
9.802000,-0.307620,0.710080,1.886720,358.505580,-334.872280,4348337.000000,,2.948000,
9.804000,-0.299930,0.708800,2.255860,358.537140,-334.872310,4348362.500000,,2.933900,
9.806000,-0.306340,0.683170,1.866210,358.568790,-334.872310,4348387.500000,,2.945430,
9.808000,-0.288390,0.672910,1.814940,358.600430,-334.872310,4348412.500000,1.000000,2.922360,-399.501920
9.810000,-0.302490,0.670350,1.476560,358.632020,-334.872310,4348438.000000,,2.946720,
9.812000,-0.298650,0.654970,1.630370,358.663730,-334.872280,4348463.500000,,2.932620,
9.814000,-0.301210,0.616520,1.937990,358.695500,-334.872310,4348488.500000,,2.932620,
9.816000,-0.293520,0.579350,1.743160,358.727390,-334.872310,4348514.000000,1.000000,2.953130,-399.501950
9.816000,-0.293520,0.579350,1.743160,358.727390,-334.872310,4348514.000000,1.000000,2.953130,-399.501950
9.818000,-0.292240,0.566530,1.732910,358.759090,-334.872310,4348539.500000,,2.915950,
9.820000,-0.294800,0.587040,1.579100,358.790710,-334.872310,4348564.500000,,2.944150,
9.822000,-0.296080,0.610110,1.917480,358.822270,-334.872280,4348589.500000,,2.937740,
9.824000,-0.290950,0.599850,1.927730,358.853910,-334.872310,4348615.000000,1.000000,2.932620,-399.501950
9.826000,-0.287110,0.583190,1.999510,358.885590,-334.872310,4348640.500000,,2.940310,
9.828000,-0.293520,0.615230,1.650880,358.917110,-334.872310,4348666.000000,,2.922360,
9.830000,-0.303770,0.644710,1.804690,358.948520,-334.872310,4348691.000000,,2.944150,
9.832000,-0.296080,0.689580,1.814940,358.979890,-334.872310,4348716.000000,1.000000,2.940310,-399.501980
9.832000,-0.296080,0.689580,1.814940,358.979890,-334.872310,4348716.000000,1.000000,2.940310,-399.501980
9.834000,-0.298650,0.681880,1.620120,359.011380,-334.872310,4348741.500000,,2.936460,
9.836000,-0.288390,0.654970,1.466310,359.042970,-334.872310,4348767.000000,,2.941590,
9.838000,-0.298650,0.666500,1.784180,359.074520,-334.872310,4348792.000000,,2.918520,
9.840000,-0.305050,0.701110,1.866210,359.105960,-334.872310,4348817.500000,1.000000,2.951840,-399.502010
9.842000,-0.293520,0.722900,1.814940,359.137450,-334.872280,4348843.000000,,2.931340,
9.844000,-0.298650,0.674190,1.620120,359.169190,-334.872340,4348868.000000,,2.936460,
9.846000,-0.290950,0.619080,1.476560,359.201080,-334.872310,4348893.000000,,2.945430,
9.848000,-0.307620,0.596010,1.917480,359.232910,-334.872310,4348918.500000,1.000000,2.913390,-399.502010
9.848000,-0.307620,0.596010,1.917480,359.232910,-334.872310,4348918.500000,1.000000,2.913390,-399.502010
9.850000,-0.302490,0.612670,1.886720,359.264530,-334.872310,4348944.000000,,2.945430,
9.852000,-0.302490,0.662660,2.225100,359.296020,-334.872310,4348969.500000,,2.930050,
9.854000,-0.298650,0.660100,2.112300,359.327640,-334.872340,4348995.000000,,2.933900,
9.856000,-0.294800,0.656250,2.061040,359.359310,-334.872310,4349020.000000,1.000000,2.932620,-399.502010
9.858000,-0.297360,0.653690,1.599610,359.390930,-334.872310,4349045.000000,,2.918520,
9.860000,-0.297360,0.703670,1.814940,359.422330,-334.872310,4349070.500000,,2.939030,
9.862000,-0.297360,0.753660,1.968750,359.453740,-334.872310,4349096.000000,,2.923650,
9.864000,-0.293520,0.740840,1.773930,359.485380,-334.872340,4349121.000000,1.000000,2.932620,-399.502010
9.866000,-0.294800,0.702390,2.061040,359.517180,-334.872310,4349146.500000,,2.932620,
9.868000,-0.292240,0.667790,1.661130,359.549010,-334.872340,4349171.500000,,2.912110,
9.870000,-0.290950,0.694700,1.702150,359.580660,-334.872310,4349197.000000,,2.944150,
9.872000,-0.290950,0.712650,1.671390,359.612270,-334.872310,4349222.000000,1.000000,2.921080,-399.502010
9.872000,-0.290950,0.712650,1.671390,359.612270,-334.872310,4349222.000000,1.000000,2.921080,-399.502010
9.874000,-0.288390,0.676760,1.609860,359.644070,-334.872340,4349247.500000,,2.932620,
9.876000,-0.293520,0.625490,1.845700,359.675960,-334.872310,4349273.000000,,2.926210,
9.878000,-0.294800,0.590880,2.061040,359.707820,-334.872340,4349298.500000,,2.915950,
9.880000,-0.293520,0.615230,1.968750,359.739470,-334.872310,4349323.500000,1.000000,2.935180,-399.502010
9.882000,-0.299930,0.647280,1.794430,359.771000,-334.872310,4349348.500000,,2.926210,
9.884000,-0.293520,0.649840,1.691890,359.802610,-334.872310,4349374.000000,,2.930050,
9.886000,-0.299930,0.643430,1.640630,359.834170,-334.872310,4349399.500000,,2.919800,
9.888000,-0.298650,0.652400,1.743160,359.865750,-334.872340,4349424.500000,1.000000,2.921080,-399.502010
9.888000,-0.298650,0.652400,1.743160,359.865750,-334.872340,4349424.500000,1.000000,2.921080,-399.502010
9.890000,-0.299930,0.685730,2.040530,359.897220,-334.872310,4349450.000000,,2.923650,
9.892000,-0.298650,0.715210,1.671390,359.928710,-334.872310,4349475.000000,,2.921080,
9.894000,-0.297360,0.707520,1.763670,359.960360,-334.872340,4349500.500000,,2.922360,
9.896000,-0.301210,0.669070,1.291990,359.992160,-334.872310,4349525.500000,1.000000,2.922360,-399.502010
9.898000,-0.297360,0.651120,1.394530,360.023900,-334.872340,4349551.000000,,2.910830,
9.900000,-0.299930,0.672910,1.609860,360.055510,-334.872310,4349576.500000,,2.926210,
9.902000,-0.299930,0.692140,1.661130,360.087130,-334.872310,4349602.000000,,2.915950,
9.904000,-0.297360,0.688290,2.061040,360.118770,-334.872340,4349627.000000,1.000000,2.918520,-399.502010
9.906000,-0.299930,0.657530,1.743160,360.150510,-334.872310,4349652.000000,,2.919800,
9.908000,-0.294800,0.633180,1.937990,360.182280,-334.872340,4349677.500000,,2.910830,
9.910000,-0.302490,0.639590,1.691890,360.213870,-334.872310,4349703.000000,,2.918520,
9.912000,-0.301210,0.660100,1.784180,360.245390,-334.872340,4349728.500000,1.000000,2.914670,-399.502010
9.912000,-0.301210,0.660100,1.784180,360.245390,-334.872340,4349728.500000,1.000000,2.914670,-399.502010
9.914000,-0.303770,0.648560,1.937990,360.277040,-334.872340,4349753.500000,,2.917240,
9.916000,-0.303770,0.607540,1.896970,360.308780,-334.872340,4349778.500000,,2.914670,
9.916000,-0.303770,0.607540,1.896970,360.308780,-334.872340,4349778.500000,,2.914670,
9.918000,-0.302490,0.589600,2.255860,360.340520,-334.872340,4349804.000000,,2.909550,
9.920000,-0.305050,0.615230,1.773930,360.372100,-334.872340,4349829.500000,1.000000,2.914670,-399.502010
9.922000,-0.303770,0.658810,1.722660,360.403560,-334.872340,4349854.500000,,2.912110,
9.924000,-0.307620,0.675480,1.435550,360.435120,-334.872340,4349880.000000,,2.914670,
9.926000,-0.305050,0.652400,1.620120,360.466830,-334.872340,4349905.500000,,2.913390,
9.928000,-0.306340,0.629330,1.814940,360.498540,-334.872380,4349930.500000,1.000000,2.905700,-399.502040
9.928000,-0.306340,0.629330,1.814940,360.498540,-334.872380,4349930.500000,1.000000,2.905700,-399.502040
9.930000,-0.306340,0.642150,1.743160,360.530210,-334.872340,4349955.500000,,2.914670,
9.932000,-0.306340,0.693420,1.773930,360.561650,-334.872340,4349981.000000,,2.909550,
9.934000,-0.307620,0.729310,1.599610,360.593110,-334.872340,4350006.500000,,2.914670,
9.936000,-0.306340,0.737000,1.958500,360.624600,-334.872340,4350032.000000,1.000000,2.912110,-399.502040
9.938000,-0.307620,0.735720,1.743160,360.656130,-334.872380,4350057.000000,,2.908260,
9.940000,-0.310180,0.753660,1.845700,360.687620,-334.872380,4350082.500000,,2.905700,
9.942000,-0.311460,0.761350,1.784180,360.719150,-334.872340,4350107.500000,,2.906980,
9.944000,-0.312740,0.752380,1.814940,360.750790,-334.872340,4350133.000000,1.000000,2.910830,-399.502040
9.946000,-0.310180,0.717770,1.907230,360.782590,-334.872380,4350158.000000,,2.905700,
9.948000,-0.310180,0.667790,1.343260,360.814510,-334.872380,4350183.500000,,2.905700,
9.950000,-0.311460,0.651120,1.538090,360.846340,-334.872380,4350209.000000,,2.903140,
9.952000,-0.314030,0.663940,1.681640,360.878080,-334.872380,4350234.000000,1.000000,2.901860,-399.502080
9.952000,-0.314030,0.663940,1.681640,360.878080,-334.872380,4350234.000000,1.000000,2.901860,-399.502080
9.954000,-0.312740,0.675480,1.681640,360.909790,-334.872380,4350259.000000,,2.908260,
9.956000,-0.312740,0.653690,1.712400,360.941590,-334.872380,4350284.500000,,2.906980,
9.958000,-0.312740,0.624210,1.517580,360.973390,-334.872380,4350310.000000,,2.905700,
9.960000,-0.312740,0.634460,1.527830,361.005070,-334.872380,4350335.500000,1.000000,2.903140,-399.502080
9.962000,-0.314030,0.683170,1.476560,361.036530,-334.872380,4350361.000000,,2.906980,
9.964000,-0.316590,0.740840,1.743160,361.067840,-334.872380,4350386.000000,,2.906980,
9.966000,-0.316590,0.761350,1.989260,361.099270,-334.872380,4350411.000000,,2.906980,
9.968000,-0.316590,0.731870,2.214840,361.130890,-334.872410,4350436.500000,1.000000,2.903140,-399.502080
9.968000,-0.316590,0.731870,2.214840,361.130890,-334.872410,4350436.500000,1.000000,2.903140,-399.502080
9.970000,-0.316590,0.720340,1.732910,361.162510,-334.872410,4350462.000000,,2.896730,
9.972000,-0.316590,0.742130,1.763670,361.194060,-334.872380,4350487.000000,,2.900570,
9.974000,-0.316590,0.757510,1.835450,361.225620,-334.872380,4350512.500000,,2.903140,
9.976000,-0.317870,0.730590,1.517580,361.257390,-334.872410,4350537.500000,1.000000,2.901860,-399.502110
9.978000,-0.316590,0.656250,1.589360,361.289340,-334.872440,4350563.000000,,2.903140,
9.980000,-0.317870,0.594730,1.825200,361.321380,-334.872440,4350588.000000,,2.899290,
9.982000,-0.317870,0.583190,1.968750,361.353210,-334.872440,4350613.500000,,2.899290,
9.984000,-0.317870,0.607540,1.763670,361.384890,-334.872410,4350639.000000,1.000000,2.905700,-399.502110
9.986000,-0.317870,0.639590,1.650880,361.416410,-334.872410,4350664.500000,,2.903140,
9.988000,-0.317870,0.657530,1.640630,361.447970,-334.872440,4350689.500000,,2.903140,
9.990000,-0.317870,0.666500,1.630370,361.479460,-334.872440,4350714.500000,,2.899290,
9.992000,-0.319150,0.690860,1.999510,361.510930,-334.872410,4350740.000000,1.000000,2.898010,-399.502110
9.992000,-0.319150,0.690860,1.999510,361.510930,-334.872410,4350740.000000,1.000000,2.898010,-399.502110
9.994000,-0.319150,0.712650,1.937990,361.542360,-334.872410,4350765.500000,,2.899290,
9.996000,-0.317870,0.724180,2.071290,361.573880,-334.872410,4350790.500000,,2.901860,
9.998000,-0.317870,0.712650,1.661130,361.605440,-334.872440,4350816.000000,,2.899290,
10.000000,-0.317870,0.702390,1.712400,361.637080,-334.872440,4350841.000000,1.000000,2.894170,-399.502140
10.002000,-0.317870,0.717770,1.732910,361.668670,-334.872440,4350866.500000,,2.895450,
10.004000,-0.320430,0.752380,1.958500,361.700160,-334.872440,4350891.500000,,2.895450,
10.006000,-0.320430,0.770320,1.609860,361.731690,-334.872440,4350917.000000,,2.895450,
10.008000,-0.320430,0.739560,1.732910,361.763370,-334.872440,4350942.500000,1.000000,2.896730,-399.502140
10.010000,-0.319150,0.695980,1.497070,361.795230,-334.872440,4350968.000000,,2.892880,
10.010000,-0.319150,0.695980,1.497070,361.795230,-334.872440,4350968.000000,,2.892880,
10.012000,-0.320430,0.681880,1.384280,361.826970,-334.872440,4350993.000000,,2.894170,
10.014000,-0.319150,0.710080,1.630370,361.858580,-334.872410,4351018.000000,,2.896730,
10.016000,-0.320430,0.734440,1.548340,361.890110,-334.872440,4351043.500000,1.000000,2.895450,-399.502140
10.018000,-0.319150,0.722900,2.009770,361.921780,-334.872440,4351069.000000,,2.892880,
10.020000,-0.320430,0.684450,1.835450,361.953550,-334.872440,4351094.000000,,2.891600,
10.022000,-0.320430,0.669070,1.866210,361.985320,-334.872440,4351119.500000,,2.889040,
10.024000,-0.320430,0.694700,1.691890,362.016940,-334.872440,4351145.000000,1.000000,2.891600,-399.502140
10.026000,-0.320430,0.717770,1.753420,362.048490,-334.872440,4351170.000000,,2.891600,
10.028000,-0.320430,0.699830,1.835450,362.080200,-334.872440,4351195.000000,,2.889040,
10.030000,-0.320430,0.649840,1.948240,362.112060,-334.872440,4351220.500000,,2.886470,
10.032000,-0.320430,0.624210,2.194340,362.143860,-334.872440,4351246.000000,1.000000,2.885190,-399.502140
10.034000,-0.321720,0.638310,1.681640,362.175510,-334.872440,4351271.500000,,2.887760,
10.036000,-0.320430,0.685730,1.640630,362.206940,-334.872440,4351296.500000,,2.890320,
10.038000,-0.320430,0.728030,1.374020,362.238370,-334.872440,4351321.500000,,2.890320,
10.040000,-0.320430,0.744690,1.650880,362.269840,-334.872440,4351347.000000,1.000000,2.886470,-399.502140
10.040000,-0.320430,0.744690,1.650880,362.269840,-334.872440,4351347.000000,1.000000,2.886470,-399.502140
10.042000,-0.320430,0.733150,1.702150,362.301360,-334.872440,4351372.500000,,2.883910,
10.044000,-0.321720,0.737000,1.835450,362.332860,-334.872440,4351398.000000,,2.886470,
10.046000,-0.320430,0.749820,1.855960,362.364350,-334.872440,4351423.000000,,2.885190,
10.048000,-0.321720,0.737000,1.630370,362.395970,-334.872440,4351448.500000,1.000000,2.885190,-399.502140
10.050000,-0.319150,0.706240,1.814940,362.427760,-334.872440,4351473.500000,,2.882630,
10.052000,-0.320430,0.683170,1.804690,362.459560,-334.872440,4351499.000000,,2.877500,
10.054000,-0.320430,0.688290,1.855960,362.491270,-334.872440,4351524.000000,,2.877500,
10.056000,-0.320430,0.698550,1.845700,362.522980,-334.872440,4351549.500000,1.000000,2.880070,-399.502170
10.058000,-0.320430,0.687010,1.896970,362.554690,-334.872440,4351575.000000,,2.880070,
10.060000,-0.320430,0.638310,1.917480,362.586610,-334.872440,4351600.000000,,2.880070,
10.062000,-0.319150,0.611390,1.497070,362.618410,-334.872440,4351625.000000,,2.878780,
10.064000,-0.320430,0.647280,1.507320,362.649960,-334.872440,4351650.500000,1.000000,2.878780,-399.502170
10.064000,-0.320430,0.647280,1.507320,362.649960,-334.872440,4351650.500000,1.000000,2.878780,-399.502170
10.066000,-0.321720,0.717770,1.548340,362.681340,-334.872440,4351676.000000,,2.881350,
10.068000,-0.320430,0.752380,1.620120,362.712710,-334.872440,4351701.500000,,2.880070,
10.070000,-0.319150,0.745970,1.845700,362.744200,-334.872440,4351726.500000,,2.876220,
10.072000,-0.319150,0.726750,1.466310,362.775790,-334.872440,4351752.000000,1.000000,2.874940,-399.502170
10.074000,-0.319150,0.730590,1.568850,362.807310,-334.872440,4351777.000000,,2.873660,
10.076000,-0.319150,0.745970,1.507320,362.838840,-334.872440,4351802.500000,,2.876220,
10.078000,-0.319150,0.734440,1.609860,362.870480,-334.872440,4351827.500000,,2.876220,
10.080000,-0.320430,0.683170,2.061040,362.902310,-334.872470,4351853.000000,1.000000,2.874940,-399.502170
10.080000,-0.320430,0.683170,2.061040,362.902310,-334.872470,4351853.000000,1.000000,2.874940,-399.502170
10.082000,-0.319150,0.622920,1.989260,362.934270,-334.872470,4351878.500000,,2.872380,
10.084000,-0.319150,0.596010,1.855960,362.966160,-334.872470,4351903.500000,,2.873660,
10.086000,-0.319150,0.615230,1.691890,362.997860,-334.872470,4351928.500000,,2.874940,
10.088000,-0.319150,0.653690,1.763670,363.029390,-334.872470,4351954.000000,1.000000,2.877500,-399.502170
10.090000,-0.319150,0.679320,1.609860,363.060910,-334.872470,4351979.500000,,2.876220,
10.092000,-0.319150,0.692140,1.558590,363.092470,-334.872470,4352005.000000,,2.873660,
10.094000,-0.319150,0.703670,2.009770,363.123960,-334.872500,4352030.500000,,2.869810,
10.096000,-0.317870,0.739560,1.886720,363.155330,-334.872470,4352055.500000,1.000000,2.872380,-399.502200
10.096000,-0.317870,0.739560,1.886720,363.155330,-334.872470,4352055.500000,1.000000,2.872380,-399.502200
10.098000,-0.319150,0.784420,1.825200,363.186710,-334.872470,4352080.500000,,2.874940,
10.100000,-0.317870,0.794680,1.579100,363.218140,-334.872470,4352106.000000,,2.873660,
10.102000,-0.317870,0.783140,1.548340,363.249760,-334.872500,4352131.500000,,2.872380,
10.104000,-0.316590,0.779300,1.825200,363.281370,-334.872500,4352156.500000,1.000000,2.867250,-399.502200
10.106000,-0.319150,0.779300,1.876460,363.313020,-334.872500,4352182.000000,,2.868530,
10.108000,-0.317870,0.770320,2.255860,363.344700,-334.872500,4352207.500000,,2.868530,
10.110000,-0.319150,0.731870,2.061040,363.376560,-334.872500,4352232.500000,,2.871090,
10.112000,-0.316590,0.667790,1.876460,363.408540,-334.872500,4352257.500000,1.000000,2.872380,-399.502200
10.112000,-0.316590,0.667790,1.876460,363.408540,-334.872500,4352257.500000,1.000000,2.872380,-399.502200
10.114000,-0.317870,0.634460,1.558590,363.440430,-334.872500,4352283.000000,,2.869810,
10.116000,-0.317870,0.657530,1.814940,363.472110,-334.872500,4352308.500000,,2.871090,
10.118000,-0.319150,0.706240,1.927730,363.503600,-334.872500,4352334.000000,,2.871090,
10.120000,-0.319150,0.733150,1.558590,363.535100,-334.872500,4352359.000000,1.000000,2.871090,-399.502200
10.122000,-0.317870,0.720340,1.825200,363.566710,-334.872500,4352384.000000,,2.869810,
10.124000,-0.317870,0.711360,1.517580,363.598300,-334.872500,4352409.500000,,2.865970,
10.126000,-0.317870,0.724180,1.548340,363.629850,-334.872500,4352435.000000,,2.865970,
10.128000,-0.316590,0.751100,1.302250,363.661350,-334.872500,4352460.000000,1.000000,2.867250,-399.502200
10.130000,-0.316590,0.762630,1.589360,363.692900,-334.872500,4352485.500000,,2.868530,
10.132000,-0.316590,0.738280,1.825200,363.724580,-334.872530,4352511.000000,,2.867250,
10.134000,-0.316590,0.712650,1.722660,363.756320,-334.872530,4352536.000000,,2.864690,
10.136000,-0.315310,0.684450,1.937990,363.788090,-334.872530,4352561.000000,1.000000,2.863400,-399.502200
10.138000,-0.315310,0.693420,1.558590,363.819760,-334.872530,4352586.500000,,2.867250,
10.140000,-0.315310,0.717770,1.814940,363.851290,-334.872500,4352612.000000,,2.869810,
10.142000,-0.316590,0.716490,1.558590,363.882900,-334.872530,4352637.500000,,2.868530,
10.144000,-0.316590,0.688290,1.814940,363.914610,-334.872530,4352662.500000,1.000000,2.867250,-399.502200
10.144000,-0.316590,0.688290,1.814940,363.914610,-334.872530,4352662.500000,1.000000,2.867250,-399.502200
10.146000,-0.315310,0.671630,2.153320,363.946290,-334.872530,4352687.500000,,2.864690,
10.148000,-0.315310,0.684450,1.712400,363.977810,-334.872530,4352713.000000,,2.867250,
10.150000,-0.315310,0.713930,1.691890,364.009250,-334.872530,4352738.500000,,2.867250,
10.152000,-0.315310,0.724180,1.425290,364.040740,-334.872530,4352764.000000,1.000000,2.867250,-399.502200
10.154000,-0.314030,0.706240,1.538090,364.072390,-334.872530,4352789.000000,,2.862120,
10.156000,-0.315310,0.699830,1.558590,364.104030,-334.872530,4352814.500000,,2.860840,
10.158000,-0.312740,0.719060,1.753420,364.135590,-334.872530,4352839.500000,,2.859560,
10.160000,-0.312740,0.738280,1.937990,364.167140,-334.872530,4352865.000000,1.000000,2.863400,-399.502200
10.160000,-0.312740,0.738280,1.937990,364.167140,-334.872530,4352865.000000,1.000000,2.863400,-399.502200
10.162000,-0.312740,0.729310,1.825200,364.198790,-334.872530,4352890.000000,,2.863400,
10.164000,-0.314030,0.708800,1.917480,364.230530,-334.872530,4352915.500000,,2.863400,
10.166000,-0.314030,0.711360,1.886720,364.262150,-334.872530,4352941.000000,,2.862120,
10.168000,-0.312740,0.748540,1.958500,364.293640,-334.872530,4352966.000000,1.000000,2.864690,-399.502200
10.170000,-0.315310,0.788270,1.753420,364.325070,-334.872530,4352991.000000,,2.864690,
10.172000,-0.314030,0.807500,2.020020,364.356540,-334.872530,4353016.500000,,2.864690,
10.174000,-0.314030,0.783140,1.958500,364.388120,-334.872530,4353042.000000,,2.863400,
10.176000,-0.312740,0.761350,1.681640,364.419770,-334.872530,4353067.500000,1.000000,2.860840,-399.502200
10.178000,-0.312740,0.744690,1.722660,364.451480,-334.872530,4353092.500000,,2.858280,
10.180000,-0.314030,0.734440,1.374020,364.483150,-334.872530,4353118.000000,,2.859560,
10.182000,-0.314030,0.712650,1.650880,364.514920,-334.872530,4353143.000000,,2.859560,
10.184000,-0.312740,0.676760,1.712400,364.546780,-334.872530,4353168.500000,1.000000,2.859560,-399.502230
10.184000,-0.312740,0.676760,1.712400,364.546780,-334.872530,4353168.500000,1.000000,2.859560,-399.502230
10.186000,-0.311460,0.648560,1.630370,364.578610,-334.872560,4353193.500000,,2.856990,
10.188000,-0.310180,0.637020,1.497070,364.610410,-334.872560,4353219.000000,,2.858280,
10.190000,-0.311460,0.657530,1.630370,364.642090,-334.872530,4353244.500000,,2.859560,
10.192000,-0.311460,0.683170,1.732910,364.673650,-334.872530,4353270.000000,1.000000,2.860840,-399.502200
10.194000,-0.311460,0.688290,1.948240,364.705230,-334.872530,4353294.500000,,2.860840,
10.196000,-0.311460,0.688290,1.958500,364.736790,-334.872530,4353320.000000,,2.859560,
10.198000,-0.311460,0.713930,1.784180,364.768280,-334.872530,4353345.500000,,2.858280,
10.200000,-0.311460,0.761350,1.773930,364.799560,-334.872530,4353371.000000,1.000000,2.859560,-399.502200
10.200000,-0.311460,0.761350,1.773930,364.799560,-334.872530,4353371.000000,1.000000,2.859560,-399.502200
10.202000,-0.311460,0.801090,1.691890,364.830840,-334.872530,4353396.000000,,2.862120,
10.204000,-0.311460,0.819030,1.568850,364.862240,-334.872530,4353421.500000,,2.859560,
10.206000,-0.311460,0.797240,1.568850,364.893800,-334.872560,4353446.500000,,2.856990,
10.208000,-0.310180,0.766480,1.979000,364.925510,-334.872560,4353472.000000,1.000000,2.853150,-399.502230
10.210000,-0.308900,0.735720,2.020020,364.957240,-334.872560,4353497.000000,,2.854430,
10.212000,-0.308900,0.697270,1.763670,364.989140,-334.872560,4353522.500000,,2.856990,
10.214000,-0.308900,0.661380,1.579100,365.021000,-334.872560,4353548.000000,,2.856990,
10.216000,-0.308900,0.634460,1.445800,365.052860,-334.872560,4353573.500000,1.000000,2.856990,-399.502200
10.218000,-0.308900,0.629330,1.804690,365.084590,-334.872560,4353598.500000,,2.856990,
10.220000,-0.308900,0.640870,1.927730,365.116270,-334.872560,4353623.500000,,2.856990,
10.222000,-0.308900,0.660100,2.112300,365.147860,-334.872530,4353649.000000,,2.856990,
10.222000,-0.308900,0.660100,2.112300,365.147860,-334.872530,4353649.000000,,2.856990,
10.224000,-0.308900,0.685730,2.225100,365.179350,-334.872560,4353674.500000,1.000000,2.859560,-399.502200
10.226000,-0.310180,0.692140,1.907230,365.210880,-334.872560,4353700.000000,,2.855710,
10.228000,-0.308900,0.695980,1.650880,365.242370,-334.872560,4353725.000000,,2.855710,
10.230000,-0.308900,0.708800,1.732910,365.273860,-334.872560,4353750.000000,,2.854430,
10.232000,-0.308900,0.725460,1.866210,365.305360,-334.872560,4353775.500000,1.000000,2.853150,-399.502230
10.234000,-0.308900,0.742130,1.681640,365.336820,-334.872560,4353801.000000,,2.855710,
10.236000,-0.307620,0.725460,1.979000,365.368440,-334.872560,4353826.000000,,2.854430,
10.238000,-0.306340,0.707520,1.732910,365.400090,-334.872590,4353851.500000,,2.853150,
10.240000,-0.307620,0.693420,1.558590,365.431790,-334.872560,4353877.000000,1.000000,2.853150,-399.502200
10.240000,-0.307620,0.693420,1.558590,365.431790,-334.872560,4353877.000000,1.000000,2.853150,-399.502200
10.242000,-0.306340,0.687010,1.589360,365.463440,-334.872560,4353902.000000,,2.854430,
10.244000,-0.306340,0.670350,1.466310,365.495150,-334.872560,4353927.000000,,2.858280,
10.246000,-0.306340,0.646000,1.866210,365.526890,-334.872560,4353952.500000,,2.856990,
10.248000,-0.306340,0.624210,1.979000,365.558650,-334.872560,4353978.000000,1.000000,2.855710,-399.502200
10.250000,-0.305050,0.630620,1.968750,365.590270,-334.872560,4354003.500000,,2.855710,
10.252000,-0.305050,0.669070,1.825200,365.621770,-334.872560,4354028.500000,,2.854430,
10.254000,-0.305050,0.707520,1.671390,365.653110,-334.872560,4354053.500000,,2.856990,
10.256000,-0.306340,0.725460,1.691890,365.684540,-334.872560,4354079.000000,1.000000,2.855710,-399.502200
10.258000,-0.306340,0.712650,1.814940,365.716130,-334.872590,4354104.500000,,2.851870,
10.260000,-0.305050,0.694700,2.102050,365.747770,-334.872590,4354129.500000,,2.851870,
10.260000,-0.305050,0.694700,2.102050,365.747770,-334.872590,4354129.500000,,2.851870,
10.262000,-0.303770,0.697270,1.814940,365.779390,-334.872590,4354155.000000,,2.851870,
10.264000,-0.305050,0.712650,1.722660,365.810940,-334.872590,4354180.500000,1.000000,2.854430,-399.502200
10.266000,-0.303770,0.733150,1.415040,365.842500,-334.872590,4354205.500000,,2.854430,
10.268000,-0.303770,0.731870,1.517580,365.874110,-334.872590,4354230.500000,,2.854430,
10.270000,-0.302490,0.720340,1.630370,365.905760,-334.872590,4354256.000000,,2.854430,
10.272000,-0.303770,0.712650,1.773930,365.937410,-334.872590,4354281.500000,1.000000,2.854430,-399.502200
10.274000,-0.302490,0.720340,2.235350,365.968960,-334.872590,4354307.000000,,2.856990,
10.276000,-0.302490,0.725460,1.702150,366.000580,-334.872590,4354332.000000,,2.858280,
10.278000,-0.302490,0.695980,1.968750,366.032290,-334.872590,4354357.000000,,2.858280,
10.280000,-0.302490,0.656250,1.784180,366.064060,-334.872590,4354382.500000,1.000000,2.854430,-399.502200
10.280000,-0.302490,0.656250,1.784180,366.064060,-334.872590,4354382.500000,1.000000,2.854430,-399.502200
10.282000,-0.302490,0.644710,1.886720,366.095760,-334.872590,4354408.000000,,2.854430,
10.284000,-0.302490,0.643430,1.732910,366.127410,-334.872590,4354433.000000,,2.853150,
10.284000,-0.302490,0.643430,1.732910,366.127410,-334.872590,4354433.000000,,2.853150,
10.286000,-0.303770,0.644710,2.143070,366.159090,-334.872590,4354458.500000,,2.855710,
10.288000,-0.301210,0.629330,2.143070,366.190770,-334.872590,4354484.000000,1.000000,2.854430,-399.502200
10.290000,-0.301210,0.616520,1.825200,366.222470,-334.872590,4354509.000000,,2.854430,
10.292000,-0.299930,0.624210,1.609860,366.254090,-334.872590,4354534.500000,,2.853150,
10.294000,-0.299930,0.635740,1.230470,366.285680,-334.872590,4354559.500000,,2.854430,
10.296000,-0.301210,0.640870,1.681640,366.317260,-334.872590,4354585.000000,1.000000,2.855710,-399.502200
10.298000,-0.299930,0.637020,1.732910,366.348820,-334.872590,4354610.500000,,2.856990,
10.300000,-0.298650,0.646000,1.650880,366.380370,-334.872590,4354636.000000,,2.856990,
10.302000,-0.298650,0.665220,1.712400,366.411830,-334.872590,4354661.000000,,2.855710,
10.304000,-0.301210,0.708800,1.650880,366.443210,-334.872590,4354686.000000,1.000000,2.855710,-399.502200
10.304000,-0.301210,0.708800,1.650880,366.443210,-334.872590,4354686.000000,1.000000,2.855710,-399.502200
10.306000,-0.299930,0.733150,1.835450,366.474550,-334.872590,4354711.500000,,2.855710,
10.308000,-0.301210,0.735720,1.620120,366.506010,-334.872590,4354737.000000,,2.856990,
10.310000,-0.301210,0.703670,1.876460,366.537600,-334.872590,4354762.000000,,2.855710,
10.312000,-0.299930,0.660100,1.794430,366.569340,-334.872590,4354787.500000,1.000000,2.853150,-399.502200
10.314000,-0.299930,0.643430,1.886720,366.601070,-334.872590,4354812.500000,,2.853150,
10.316000,-0.297360,0.651120,1.681640,366.632750,-334.872590,4354838.000000,,2.854430,
10.318000,-0.298650,0.662660,1.702150,366.664370,-334.872590,4354863.000000,,2.854430,
10.320000,-0.298650,0.654970,1.548340,366.696080,-334.872590,4354888.500000,1.000000,2.855710,-399.502200
10.322000,-0.298650,0.638310,1.784180,366.727810,-334.872590,4354914.000000,,2.855710,
10.324000,-0.298650,0.637020,1.732910,366.759460,-334.872590,4354939.500000,,2.853150,
10.326000,-0.297360,0.657530,1.825200,366.791050,-334.872590,4354964.500000,,2.855710,
10.328000,-0.297360,0.684450,1.712400,366.822540,-334.872590,4354989.500000,1.000000,2.858280,-399.502200
10.330000,-0.297360,0.703670,1.456050,366.854060,-334.872590,4355015.000000,,2.858280,
10.332000,-0.298650,0.706240,1.825200,366.885560,-334.872590,4355040.500000,,2.856990,
10.334000,-0.298650,0.706240,1.886720,366.917110,-334.872590,4355065.500000,,2.853150,
10.336000,-0.298650,0.716490,2.071290,366.948610,-334.872590,4355091.000000,1.000000,2.853150,-399.502200
10.336000,-0.298650,0.716490,2.071290,366.948610,-334.872590,4355091.000000,1.000000,2.853150,-399.502200
10.338000,-0.297360,0.713930,2.194340,366.980190,-334.872590,4355116.000000,,2.854430,
10.340000,-0.298650,0.698550,1.866210,367.011840,-334.872590,4355141.500000,,2.855710,
10.342000,-0.296080,0.674190,1.712400,367.043580,-334.872590,4355166.500000,,2.855710,
10.344000,-0.297360,0.647280,1.937990,367.075320,-334.872590,4355192.000000,1.000000,2.854430,-399.502200
10.344000,-0.297360,0.647280,1.937990,367.075320,-334.872590,4355192.000000,1.000000,2.854430,-399.502200
10.346000,-0.297360,0.620360,1.896970,367.107120,-334.872620,4355217.500000,,2.855710,
10.348000,-0.297360,0.603700,1.620120,367.138850,-334.872590,4355243.000000,,2.856990,
10.350000,-0.297360,0.597290,1.958500,367.170560,-334.872590,4355268.000000,,2.858280,
10.352000,-0.294800,0.602420,1.804690,367.202240,-334.872590,4355293.000000,1.000000,2.858280,-399.502200
10.354000,-0.294800,0.616520,1.650880,367.233830,-334.872590,4355318.500000,,2.858280,
10.356000,-0.294800,0.647280,1.640630,367.265290,-334.872590,4355344.000000,,2.856990,
10.358000,-0.294800,0.672910,1.466310,367.296750,-334.872590,4355369.500000,,2.855710,
10.360000,-0.296080,0.683170,1.681640,367.328220,-334.872620,4355394.500000,1.000000,2.856990,-399.502200
10.362000,-0.294800,0.676760,1.927730,367.359770,-334.872590,4355420.000000,,2.856990,
10.364000,-0.294800,0.660100,1.958500,367.391420,-334.872620,4355445.000000,,2.856990,
10.366000,-0.293520,0.676760,1.876460,367.422970,-334.872620,4355470.500000,,2.855710,
10.368000,-0.292240,0.702390,1.650880,367.454440,-334.872620,4355495.500000,1.000000,2.856990,-399.502200
10.370000,-0.293520,0.725460,1.784180,367.485960,-334.872590,4355521.000000,,2.858280,
10.372000,-0.294800,0.710080,1.845700,367.517550,-334.872620,4355546.500000,,2.856990,
10.374000,-0.293520,0.674190,1.907230,367.549290,-334.872620,4355571.500000,,2.856990,
10.376000,-0.293520,0.647280,1.773930,367.581020,-334.872620,4355596.500000,1.000000,2.858280,-399.502200
10.376000,-0.293520,0.647280,1.773930,367.581020,-334.872620,4355596.500000,1.000000,2.858280,-399.502200
10.378000,-0.292240,0.637020,1.640630,367.612730,-334.872620,4355622.000000,,2.858280,
10.380000,-0.292240,0.629330,1.579100,367.644440,-334.872620,4355647.500000,,2.859560,
10.382000,-0.292240,0.631900,1.394530,367.676090,-334.872620,4355673.000000,,2.859560,
10.384000,-0.292240,0.620360,1.527830,367.707760,-334.872620,4355698.000000,1.000000,2.859560,-399.502200
10.384000,-0.292240,0.620360,1.527830,367.707760,-334.872620,4355698.000000,1.000000,2.859560,-399.502200
10.386000,-0.292240,0.617800,1.743160,367.739410,-334.872620,4355723.500000,,2.856990,
10.388000,-0.292240,0.622920,2.061040,367.771030,-334.872620,4355748.500000,,2.856990,
10.390000,-0.292240,0.628050,1.886720,367.802610,-334.872620,4355774.000000,,2.858280,
10.392000,-0.290950,0.630620,1.855960,367.834260,-334.872620,4355799.000000,1.000000,2.858280,-399.502200
10.394000,-0.290950,0.629330,1.722660,367.865840,-334.872620,4355824.500000,,2.856990,
10.396000,-0.289670,0.626770,1.814940,367.897460,-334.872620,4355850.000000,,2.856990,
10.398000,-0.290950,0.631900,1.753420,367.929080,-334.872620,4355875.000000,,2.858280,
10.400000,-0.290950,0.630620,2.102050,367.960660,-334.872620,4355900.000000,1.000000,2.858280,-399.502170
10.402000,-0.290950,0.642150,2.255860,367.992250,-334.872620,4355925.500000,,2.859560,
10.404000,-0.290950,0.656250,1.732910,368.023770,-334.872620,4355951.000000,,2.860840,
10.406000,-0.290950,0.663940,1.702150,368.055300,-334.872620,4355976.500000,,2.859560,
10.408000,-0.289670,0.674190,1.445800,368.086790,-334.872620,4356001.500000,1.000000,2.858280,-399.502170
10.410000,-0.289670,0.678040,1.609860,368.118320,-334.872620,4356027.000000,,2.858280,
10.412000,-0.290950,0.669070,1.640630,368.149900,-334.872620,4356052.000000,,2.860840,
10.414000,-0.290950,0.649840,1.876460,368.181520,-334.872620,4356077.500000,,2.859560,
10.416000,-0.289670,0.649840,1.784180,368.213130,-334.872620,4356103.000000,1.000000,2.860840,-399.502170
10.416000,-0.289670,0.649840,1.784180,368.213130,-334.872620,4356103.000000,1.000000,2.860840,-399.502170
10.418000,-0.289670,0.657530,1.650880,368.244780,-334.872620,4356128.000000,,2.858280,
10.418000,-0.289670,0.657530,1.650880,368.244780,-334.872620,4356128.000000,,2.858280,
10.420000,-0.289670,0.676760,1.763670,368.276340,-334.872620,4356153.500000,,2.856990,
10.422000,-0.289670,0.675480,1.702150,368.308010,-334.872620,4356178.500000,,2.859560,
10.424000,-0.289670,0.658810,1.814940,368.339720,-334.872620,4356204.000000,1.000000,2.859560,-399.502170
10.424000,-0.289670,0.658810,1.814940,368.339720,-334.872620,4356204.000000,1.000000,2.859560,-399.502170
10.426000,-0.289670,0.638310,1.743160,368.371490,-334.872620,4356229.000000,,2.860840,
10.428000,-0.288390,0.630620,1.825200,368.403200,-334.872620,4356254.500000,,2.860840,
10.430000,-0.288390,0.640870,1.999510,368.434810,-334.872620,4356280.000000,,2.862120,
10.432000,-0.288390,0.661380,1.599610,368.466370,-334.872620,4356305.500000,1.000000,2.862120,-399.502170
10.434000,-0.288390,0.680600,1.476560,368.497890,-334.872620,4356330.500000,,2.863400,
10.436000,-0.288390,0.695980,1.671390,368.529390,-334.872620,4356355.500000,,2.862120,
10.438000,-0.288390,0.693420,1.712400,368.560910,-334.872620,4356381.000000,,2.860840,
10.440000,-0.288390,0.681880,1.804690,368.592500,-334.872620,4356406.500000,1.000000,2.860840,-399.502170
10.442000,-0.287110,0.669070,1.558590,368.624110,-334.872620,4356431.500000,,2.859560,
10.444000,-0.288390,0.660100,1.558590,368.655760,-334.872620,4356457.000000,,2.860840,
10.446000,-0.287110,0.638310,1.640630,368.687440,-334.872620,4356482.500000,,2.862120,
10.448000,-0.287110,0.599850,1.732910,368.719240,-334.872620,4356507.500000,1.000000,2.860840,-399.502170
10.450000,-0.287110,0.579350,2.050780,368.751010,-334.872620,4356532.500000,,2.860840,
10.452000,-0.287110,0.571660,2.245610,368.782710,-334.872620,4356558.000000,,2.860840,
10.454000,-0.288390,0.581910,1.855960,368.814360,-334.872620,4356583.500000,,2.863400,
10.456000,-0.287110,0.585750,1.753420,368.846040,-334.872620,4356609.000000,1.000000,2.863400,-399.502170
10.456000,-0.287110,0.585750,1.753420,368.846040,-334.872620,4356609.000000,1.000000,2.863400,-399.502170
10.458000,-0.285830,0.581910,1.825200,368.877560,-334.872620,4356634.000000,,2.863400,
10.460000,-0.285830,0.566530,1.722660,368.909000,-334.872620,4356659.000000,,2.862120,
10.462000,-0.285830,0.537050,1.548340,368.940190,-334.872620,4356684.500000,,2.862120,
10.464000,-0.285830,0.484500,2.081540,368.971040,-334.872620,4356710.000000,1.000000,2.863400,-399.502170
10.464000,-0.285830,0.484500,2.081540,368.971040,-334.872620,4356710.000000,1.000000,2.863400,-399.502170
10.466000,-0.285830,0.406310,1.835450,369.001430,-334.872620,4356735.000000,,2.862120,
10.468000,-0.285830,0.319150,1.845700,369.031130,-334.872620,4356760.500000,,2.863400,
10.470000,-0.284550,0.229430,1.568850,369.059910,-334.872620,4356786.000000,,2.863400,
10.472000,-0.285830,0.137150,1.486820,369.087620,-334.872620,4356811.000000,1.000000,2.863400,-399.502170
10.474000,-0.285830,0.033330,1.609860,369.114170,-334.872620,4356836.500000,,2.864690,
10.476000,-0.284550,-0.075620,1.804690,369.139340,-334.872620,4356861.500000,,2.865970,
10.478000,-0.285830,-0.201230,2.040530,369.162960,-334.872620,4356887.000000,,2.867250,
10.480000,-0.284550,-0.312740,1.825200,369.184720,-334.872620,4356912.500000,1.000000,2.868530,-399.502170
10.482000,-0.284550,-0.415280,1.896970,369.204590,-334.872620,4356937.500000,,2.868530,
10.484000,-0.284550,-0.508850,1.589360,369.222320,-334.872620,4356962.500000,,2.868530,
10.486000,-0.285830,-0.585750,1.794430,369.237820,-334.872620,4356988.000000,,2.868530,
10.488000,-0.285830,-0.626770,1.743160,369.251160,-334.872620,4357013.500000,1.000000,2.869810,-399.502170
10.490000,-0.285830,-0.626770,1.558590,369.262270,-334.872620,4357039.000000,,2.871090,
10.492000,-0.284550,-0.587040,1.794430,369.271360,-334.872620,4357064.000000,,2.868530,
10.494000,-0.284550,-0.511410,1.589360,369.278560,-334.872620,4357089.500000,,2.871090,
10.496000,-0.284550,-0.415280,1.558590,369.284180,-334.872620,4357114.500000,1.000000,2.869810,-399.502170
10.496000,-0.284550,-0.415280,1.558590,369.284180,-334.872620,4357114.500000,1.000000,2.869810,-399.502170
10.498000,-0.284550,-0.308900,1.445800,369.288360,-334.872620,4357140.000000,,2.869810,
10.500000,-0.284550,-0.202510,1.732910,369.291410,-334.872620,4357165.000000,,2.869810,
10.502000,-0.284550,-0.103820,1.896970,369.293580,-334.872650,4357190.500000,,2.867250,
10.504000,-0.284550,-0.015380,1.835450,369.295010,-334.872650,4357216.000000,1.000000,2.867250,-399.502170
10.504000,-0.284550,-0.015380,1.835450,369.295010,-334.872650,4357216.000000,1.000000,2.867250,-399.502170
10.506000,-0.284550,0.074340,1.896970,369.295870,-334.872650,4357241.000000,,2.865970,
10.508000,-0.284550,0.151250,1.937990,369.296420,-334.872650,4357266.000000,,2.867250,
10.510000,-0.285830,0.214050,1.907230,369.296780,-334.872650,4357291.500000,,2.865970,
10.510000,-0.285830,0.214050,1.907230,369.296780,-334.872650,4357291.500000,,2.865970,
10.512000,-0.285830,0.285830,1.702150,369.297090,-334.872650,4357317.000000,1.000000,2.867250,-399.502170
10.514000,-0.287110,0.339660,2.266110,369.297450,-334.872620,4357342.500000,,2.863400,
10.516000,-0.287110,0.383240,2.091800,369.297880,-334.872620,4357367.500000,,2.865970,
10.518000,-0.287110,0.424260,1.784180,369.298340,-334.872620,4357393.000000,,2.865970,
10.520000,-0.287110,0.465270,1.691890,369.298800,-334.872620,4357418.000000,1.000000,2.865970,-399.502170
10.522000,-0.285830,0.505000,1.497070,369.299290,-334.872620,4357443.500000,,2.864690,
10.524000,-0.285830,0.543460,1.763670,369.299840,-334.872620,4357468.500000,,2.863400,
10.526000,-0.285830,0.585750,1.620120,369.300350,-334.872620,4357494.000000,,2.863400,
10.528000,-0.287110,0.633180,1.886720,369.300840,-334.872620,4357519.500000,1.000000,2.862120,-399.502170
10.530000,-0.285830,0.672910,2.040530,369.301360,-334.872620,4357545.000000,,2.864690,
10.532000,-0.284550,0.704960,1.630370,369.301910,-334.872620,4357569.500000,,2.864690,
10.534000,-0.284550,0.737000,1.866210,369.302460,-334.872620,4357595.000000,,2.864690,
10.536000,-0.283260,0.766480,1.896970,369.303010,-334.872620,4357620.500000,1.000000,2.864690,-399.502170
10.538000,-0.283260,0.793400,1.907230,369.303590,-334.872620,4357646.000000,,2.867250,
10.540000,-0.283260,0.808780,1.702150,369.304170,-334.872620,4357671.000000,,2.868530,
10.542000,-0.281980,0.812620,1.979000,369.304840,-334.872620,4357696.500000,,2.869810,
10.544000,-0.279420,0.807500,1.927730,369.305510,-334.872620,4357721.500000,1.000000,2.871090,-399.502170
10.544000,-0.279420,0.807500,1.927730,369.305510,-334.872620,4357721.500000,1.000000,2.871090,-399.502170
10.546000,-0.279420,0.798520,1.702150,369.306180,-334.872620,4357747.000000,,2.871090,
10.548000,-0.279420,0.780580,1.589360,369.306850,-334.872620,4357772.500000,,2.869810,
10.550000,-0.279420,0.756230,1.579100,369.307560,-334.872620,4357797.500000,,2.872380,
10.552000,-0.278140,0.719060,1.681640,369.308230,-334.872620,4357823.000000,1.000000,2.871090,-399.502170
10.554000,-0.276860,0.687010,1.804690,369.308870,-334.872620,4357848.500000,,2.873660,
10.556000,-0.274290,0.653690,1.558590,369.309450,-334.872620,4357873.500000,,2.871090,
10.558000,-0.274290,0.624210,1.691890,369.309940,-334.872590,4357898.500000,,2.871090,
10.560000,-0.274290,0.589600,1.630370,369.310390,-334.872590,4357924.000000,0.000000,2.872380,-399.502140
