time,+/Nck/!SD/nckServoDataActCurr32 [u1; 1],+/Nck/!SD/nckServoDataActCurr32 [u1; 2],+/Nck/!SD/nckServoDataActCurr32 [u1; 4],+/Nck/!SD/nckServoDataActPos1stEnc32 [u1; 2],+/Nck/!SD/nckServoDataActPos1stEnc32 [u1; 3],+/Nck/!SD/nckServoDataActPos1stEnc32 [u1; 4],+/Channel/!RP/rpa [u1; 15]
0.000000,0.149960,-0.137150,1.589360,235.532040,-368.677800,758557.312500,1.000000
0.002000,0.147400,-0.137150,1.527830,235.532040,-368.677890,758582.625000,
0.004000,0.148680,-0.137150,1.814940,235.532040,-368.678010,758607.937500,
0.006000,0.148680,-0.137150,1.989260,235.532040,-368.678070,758633.187500,
0.008000,0.148680,-0.137150,2.235350,235.532040,-368.678190,758658.500000,1.000000
0.010000,0.151250,-0.138430,2.030270,235.532040,-368.678310,758683.812500,
0.012000,0.149960,-0.137150,2.020020,235.532040,-368.678440,758709.125000,
0.014000,0.148680,-0.134580,1.681640,235.532040,-368.678560,758734.375000,
0.016000,0.148680,-0.134580,1.876460,235.532040,-368.678650,758759.687500,1.000000
0.018000,0.147400,-0.108950,2.081540,235.532040,-368.678740,758785.000000,
0.020000,0.146120,0.262760,2.194340,235.532590,-368.678860,758810.250000,
0.022000,0.144840,0.290950,1.866210,235.533910,-368.678920,758835.625000,
0.024000,0.143550,0.280700,1.835450,235.535280,-368.678960,758860.875000,1.000000
0.026000,0.143550,0.374270,1.517580,235.536500,-368.678990,758886.187500,
0.028000,0.140990,0.494750,1.476560,235.537860,-368.678990,758911.500000,
0.030000,0.142270,0.592160,1.722660,235.539700,-368.679020,758936.750000,
0.032000,0.142270,0.683170,1.937990,235.542210,-368.679080,758962.062500,1.000000
0.034000,0.142270,0.786990,2.153320,235.545460,-368.679140,758987.375000,
0.036000,0.143550,0.922850,1.907230,235.549580,-368.679140,759012.687500,
0.038000,0.142270,1.079220,1.773930,235.554860,-368.679110,759037.937500,
0.040000,0.142270,1.231750,1.968750,235.561520,-368.679140,759063.250000,1.000000
0.042000,0.140990,1.368900,1.630370,235.569870,-368.679140,759088.562500,
0.044000,0.140990,1.493230,1.886720,235.580080,-368.679170,759113.812500,
0.046000,0.142270,1.595760,2.081540,235.592300,-368.679230,759139.125000,
0.048000,0.139710,1.663700,2.122560,235.606630,-368.679260,759164.437500,1.000000
0.050000,0.140990,1.705990,1.784180,235.623120,-368.679290,759189.687500,
0.052000,0.138430,1.730350,1.507320,235.641690,-368.679290,759215.000000,
0.054000,0.138430,1.734190,1.712400,235.662320,-368.679320,759240.375000,
0.056000,0.137150,1.698300,1.630370,235.684910,-368.679320,759265.625000,1.000000
0.058000,0.137150,1.625240,1.917480,235.709300,-368.679320,759290.937500,
0.060000,0.139710,1.529110,1.712400,235.735320,-368.679320,759316.250000,
0.062000,0.139710,1.416320,1.773930,235.762730,-368.679320,759341.500000,
0.064000,0.140990,1.302250,1.845700,235.791280,-368.679320,759366.812500,1.000000
0.066000,0.140990,1.202270,1.855960,235.820680,-368.679320,759392.125000,
0.068000,0.140990,1.120240,2.184080,235.850720,-368.679320,759417.375000,
0.070000,0.143550,1.035640,1.999510,235.881300,-368.679320,759442.687500,
0.072000,0.144840,0.953610,1.937990,235.912250,-368.679320,759468.000000,1.000000
0.074000,0.146120,0.889530,1.753420,235.943340,-368.679290,759493.250000,
0.076000,0.147400,0.842100,2.030270,235.974470,-368.679290,759518.562500,
0.078000,0.147400,0.793400,1.814940,236.005630,-368.679290,759543.875000,
0.080000,0.149960,0.738280,1.732910,236.036740,-368.679290,759569.125000,1.000000
0.082000,0.148680,0.694700,2.194340,236.067830,-368.679290,759594.437500,
0.084000,0.149960,0.652400,1.804690,236.098910,-368.679290,759619.812500,
0.086000,0.152530,0.604980,1.814940,236.130000,-368.679260,759645.062500,
0.088000,0.153810,0.557560,1.548340,236.161120,-368.679260,759670.375000,1.000000
0.090000,0.155090,0.520390,1.732910,236.192230,-368.679260,759695.687500,
0.092000,0.156370,0.497310,1.835450,236.223280,-368.679260,759720.937500,
0.094000,0.157650,0.476810,2.071290,236.254270,-368.679260,759746.250000,
0.096000,0.158940,0.451170,2.204590,236.285290,-368.679260,759771.562500,1.000000
0.098000,0.158940,0.421690,1.989260,236.316350,-368.679260,759796.812500,
0.100000,0.161500,0.408870,1.855960,236.347320,-368.679260,759822.125000,
0.102000,0.158940,0.415280,1.445800,236.378220,-368.679230,759847.437500,
0.104000,0.160220,0.437070,1.968750,236.409030,-368.679230,759872.687500,1.000000
0.106000,0.158940,0.470400,1.948240,236.439740,-368.679230,759898.000000,
0.108000,0.157650,0.499880,1.804690,236.470470,-368.679230,759923.312500,
0.110000,0.157650,0.503720,1.886720,236.501340,-368.679230,759948.625000,
0.112000,0.155090,0.497310,1.825200,236.532320,-368.679230,759973.875000,1.000000
0.114000,0.155090,0.479370,1.712400,236.563480,-368.679200,759999.250000,
0.116000,0.155090,0.476810,1.497070,236.594680,-368.679200,760024.500000,
0.118000,0.152530,0.490910,1.835450,236.625930,-368.679200,760049.812500,
0.120000,0.151250,0.506290,2.071290,236.657200,-368.679200,760075.125000,1.000000
0.122000,0.148680,0.517820,2.122560,236.688550,-368.679200,760100.375000,
0.124000,0.148680,0.531920,2.081540,236.719920,-368.679200,760125.687500,
0.126000,0.147400,0.557560,1.958500,236.751280,-368.679200,760151.000000,
0.128000,0.144840,0.594730,2.020020,236.782580,-368.679200,760176.312500,1.000000
0.130000,0.143550,0.638310,1.794430,236.813900,-368.679170,760201.562500,
0.132000,0.140990,0.681880,2.225100,236.845170,-368.679170,760226.875000,
0.134000,0.139710,0.724180,2.122560,236.876480,-368.679140,760252.187500,
0.136000,0.137150,0.763920,1.886720,236.907810,-368.679140,760277.437500,1.000000
0.138000,0.134580,0.783140,1.763670,236.939270,-368.679140,760302.750000,
0.140000,0.133300,0.784420,1.497070,236.970870,-368.679140,760328.062500,
0.142000,0.130740,0.783140,1.794430,237.002580,-368.679140,760353.312500,
0.144000,0.130740,0.778020,1.702150,237.034350,-368.679140,760378.625000,1.000000
0.146000,0.129460,0.762630,1.917480,237.066220,-368.679140,760403.937500,
0.148000,0.129460,0.722900,2.112300,237.098220,-368.679140,760429.250000,
0.150000,0.126890,0.684450,1.948240,237.130280,-368.679140,760454.562500,
0.152000,0.125610,0.662660,1.814940,237.162280,-368.679140,760479.875000,1.000000
0.154000,0.125610,0.663940,1.917480,237.194150,-368.679140,760505.125000,
0.156000,0.124330,0.676760,1.763670,237.225950,-368.679110,760530.437500,
0.158000,0.124330,0.688290,1.691890,237.257680,-368.679110,760555.750000,
0.160000,0.125610,0.684450,2.194340,237.289350,-368.679110,760581.000000,1.000000
0.162000,0.123050,0.675480,1.968750,237.321030,-368.679080,760606.312500,
0.164000,0.125610,0.653690,1.917480,237.352710,-368.679080,760631.625000,
0.166000,0.126890,0.631900,1.497070,237.384430,-368.679080,760656.875000,
0.168000,0.128170,0.622920,1.497070,237.416080,-368.679080,760682.187500,1.000000
0.170000,0.129460,0.625490,1.671390,237.447650,-368.679050,760707.500000,
0.172000,0.132020,0.619080,1.835450,237.479220,-368.679050,760732.750000,
0.174000,0.133300,0.606260,1.814940,237.510800,-368.679080,760758.125000,
0.176000,0.135860,0.576780,1.835450,237.542420,-368.679050,760783.437500,1.000000
0.178000,0.138430,0.548580,1.845700,237.574080,-368.679050,760808.687500,
0.180000,0.139710,0.522950,1.876460,237.605730,-368.679020,760834.000000,
0.182000,0.139710,0.503720,1.845700,237.637340,-368.679020,760859.312500,
0.184000,0.142270,0.498600,2.071290,237.668930,-368.678990,760884.562500,1.000000
0.186000,0.144840,0.499880,1.896970,237.700420,-368.678990,760909.875000,
0.188000,0.144840,0.498600,1.999510,237.731920,-368.678990,760935.187500,
0.190000,0.147400,0.487060,1.968750,237.763440,-368.678990,760960.437500,
0.192000,0.147400,0.476810,1.825200,237.794970,-368.678990,760985.750000,1.000000
0.194000,0.147400,0.481930,1.691890,237.826430,-368.678990,761011.062500,
0.196000,0.149960,0.503720,1.784180,237.857820,-368.678990,761036.312500,
0.198000,0.149960,0.521670,1.989260,237.889210,-368.678990,761061.625000,
0.200000,0.152530,0.535770,1.886720,237.920580,-368.678990,761086.937500,1.000000
0.202000,0.152530,0.556270,1.804690,237.951980,-368.678990,761112.187500,
0.204000,0.153810,0.587040,1.558590,237.983310,-368.678990,761137.500000,
0.206000,0.152530,0.621640,1.661130,238.014620,-368.678990,761162.875000,
0.208000,0.152530,0.658810,2.009770,238.045940,-368.678990,761188.125000,1.000000
0.210000,0.152530,0.674190,2.184080,238.077380,-368.678990,761213.437500,
0.212000,0.152530,0.676760,2.194340,238.108900,-368.678960,761238.687500,
0.214000,0.151250,0.666500,1.907230,238.140500,-368.678960,761264.000000,
0.216000,0.151250,0.656250,1.691890,238.172180,-368.678960,761289.312500,1.000000
0.218000,0.149960,0.652400,1.702150,238.203870,-368.678960,761314.625000,
0.220000,0.151250,0.662660,1.763670,238.235580,-368.678920,761339.875000,
0.222000,0.148680,0.672910,1.691890,238.267270,-368.678920,761365.187500,
0.224000,0.148680,0.671630,1.968750,238.299060,-368.678920,761390.500000,1.000000
0.226000,0.148680,0.661380,1.927730,238.330830,-368.678920,761415.812500,
0.228000,0.147400,0.654970,1.732910,238.362630,-368.678920,761441.062500,
0.230000,0.148680,0.657530,1.517580,238.394350,-368.678890,761466.375000,
0.232000,0.146120,0.662660,1.486820,238.426060,-368.678890,761491.687500,1.000000
0.234000,0.146120,0.678040,1.958500,238.457700,-368.678890,761516.937500,
0.236000,0.147400,0.699830,2.030270,238.489270,-368.678890,761542.250000,
0.238000,0.147400,0.710080,2.255860,238.520840,-368.678890,761567.562500,
0.240000,0.149960,0.707520,1.999510,238.552440,-368.678860,761592.812500,1.000000
0.242000,0.148680,0.685730,1.886720,238.584120,-368.678860,761618.187500,
0.244000,0.148680,0.665220,1.661130,238.615830,-368.678860,761643.437500,
0.246000,0.149960,0.644710,1.886720,238.647570,-368.678860,761668.750000,
0.248000,0.149960,0.610110,2.071290,238.679380,-368.678860,761694.062500,1.000000
0.250000,0.151250,0.580630,1.876460,238.711200,-368.678860,761719.375000,
0.252000,0.151250,0.552430,1.917480,238.743000,-368.678860,761744.625000,
0.254000,0.152530,0.530640,1.548340,238.774800,-368.678860,761769.937500,
0.256000,0.152530,0.516540,1.794430,238.806550,-368.678860,761795.250000,1.000000
0.258000,0.151250,0.511410,1.712400,238.838230,-368.678860,761820.500000,
0.260000,0.153810,0.516540,1.814940,238.869830,-368.678860,761845.812500,
0.262000,0.152530,0.531920,2.194340,238.901320,-368.678830,761871.125000,
0.264000,0.153810,0.553710,1.948240,238.932750,-368.678830,761896.375000,1.000000
0.266000,0.153810,0.566530,1.979000,238.964130,-368.678830,761921.687500,
0.268000,0.151250,0.576780,1.835450,238.995500,-368.678800,761947.000000,
0.270000,0.151250,0.597290,1.917480,239.026860,-368.678800,761972.250000,
0.272000,0.149960,0.611390,1.845700,239.058230,-368.678800,761997.562500,1.000000
0.274000,0.148680,0.629330,2.143070,239.089630,-368.678800,762022.875000,
0.276000,0.148680,0.619080,2.173830,239.121120,-368.678800,762048.125000,
0.278000,0.147400,0.599850,1.589360,239.152760,-368.678800,762073.500000,
0.280000,0.148680,0.575500,1.753420,239.184420,-368.678800,762098.812500,1.000000
0.282000,0.144840,0.552430,1.353520,239.216160,-368.678800,762124.062500,
0.284000,0.143550,0.547300,1.702150,239.247820,-368.678770,762149.375000,
0.286000,0.142270,0.557560,1.896970,239.279420,-368.678770,762174.687500,
0.288000,0.140990,0.583190,1.896970,239.310970,-368.678770,762199.937500,1.000000
0.290000,0.140990,0.607540,1.927730,239.342470,-368.678770,762225.250000,
0.292000,0.138430,0.625490,1.794430,239.373950,-368.678740,762250.562500,
0.294000,0.138430,0.640870,1.937990,239.405470,-368.678740,762275.812500,
0.296000,0.137150,0.661380,1.794430,239.436980,-368.678740,762301.125000,1.000000
0.298000,0.137150,0.671630,2.102050,239.468520,-368.678740,762326.437500,
0.300000,0.137150,0.672910,1.948240,239.500150,-368.678740,762351.687500,
0.302000,0.134580,0.669070,1.979000,239.531830,-368.678740,762377.000000,
0.304000,0.137150,0.669070,2.030270,239.563520,-368.678740,762402.312500,1.000000
0.306000,0.135860,0.671630,1.732910,239.595230,-368.678740,762427.625000,
0.308000,0.137150,0.669070,1.958500,239.626920,-368.678740,762452.875000,
0.310000,0.137150,0.652400,1.702150,239.658710,-368.678710,762478.250000,
0.312000,0.134580,0.630620,2.009770,239.690520,-368.678710,762503.500000,1.000000
0.314000,0.138430,0.610110,1.968750,239.722320,-368.678710,762528.812500,
0.316000,0.138430,0.602420,1.753420,239.754120,-368.678710,762554.125000,
0.318000,0.142270,0.610110,1.609860,239.785800,-368.678710,762579.375000,
0.320000,0.140990,0.625490,1.702150,239.817400,-368.678710,762604.687500,1.000000
0.322000,0.138430,0.656250,2.255860,239.848910,-368.678710,762630.000000,
0.324000,0.143550,0.657530,1.968750,239.880520,-368.678710,762655.312500,
0.326000,0.146120,0.651120,2.317380,239.912170,-368.678710,762680.562500,
0.328000,0.148680,0.639590,1.763670,239.943880,-368.678710,762705.875000,1.000000
0.330000,0.148680,0.635740,1.937990,239.975570,-368.678710,762731.187500,
0.332000,0.146120,0.630620,1.640630,240.007290,-368.678680,762756.437500,
0.334000,0.152530,0.607540,1.702150,240.039050,-368.678710,762781.750000,
0.336000,0.156370,0.604980,2.071290,240.070770,-368.678710,762807.062500,1.000000
0.338000,0.157650,0.594730,1.866210,240.102430,-368.678710,762832.312500,
0.340000,0.157650,0.608830,2.112300,240.134000,-368.678650,762857.625000,
0.342000,0.152530,0.617800,1.620120,240.165570,-368.678650,762882.937500,
0.344000,0.161500,0.603700,1.599610,240.197140,-368.678680,762908.250000,1.000000
0.346000,0.161500,0.610110,1.527830,240.228700,-368.678680,762933.562500,
0.348000,0.165340,0.604980,1.784180,240.260300,-368.678620,762958.875000,
0.350000,0.158940,0.574220,2.071290,240.291930,-368.678650,762984.125000,
0.352000,0.162780,0.572940,2.184080,240.323620,-368.678650,763009.437500,1.000000
0.354000,0.165340,0.561400,2.235350,240.355270,-368.678650,763034.750000,
0.356000,0.174320,0.575500,1.907230,240.386900,-368.678680,763060.000000,
0.358000,0.173030,0.587040,1.968750,240.418500,-368.678620,763085.312500,
0.360000,0.155090,0.596010,1.825200,240.450070,-368.678620,763110.625000,1.000000
0.362000,0.162780,0.570370,2.050780,240.481830,-368.678620,763135.875000,
0.364000,0.167910,0.562680,2.563480,240.513500,-368.678710,763161.187500,
0.366000,0.197390,0.606260,2.501950,240.545030,-368.678740,763186.500000,
0.368000,0.207640,0.699830,2.132810,240.576160,-368.678440,763211.750000,1.000000
0.370000,0.189700,0.749820,1.896970,240.607450,-368.678380,763237.062500,
0.372000,0.173030,0.748540,1.753420,240.639010,-368.678560,763262.375000,
0.374000,0.179440,0.715210,2.686520,240.670620,-368.678770,763287.625000,
0.376000,0.266600,0.780580,2.655760,240.701980,-368.678590,763312.875000,1.000000
0.378000,0.262760,0.794680,2.512210,240.733600,-368.678220,763338.187500,
0.380000,0.198670,0.742130,2.307130,240.765350,-368.678440,763363.500000,
0.382000,0.199950,0.652400,2.276370,240.797550,-368.678500,763388.750000,
0.384000,0.202510,0.646000,3.178710,240.829530,-368.678800,763414.062500,1.000000
0.386000,0.344790,0.661380,2.789060,240.861330,-368.678530,763439.375000,
0.388000,0.330690,0.737000,2.542970,240.892750,-368.678250,763464.625000,
0.390000,0.248660,0.707520,2.553220,240.924610,-368.678310,763489.937500,
0.392000,0.215330,0.606260,2.891600,240.956850,-368.678530,763515.187500,1.000000
0.394000,0.253780,0.604980,3.363280,240.988680,-368.678990,763540.500000,
0.396000,0.406310,0.734440,2.317380,241.020000,-368.678250,763565.750000,
0.398000,0.335820,0.792110,2.050780,241.051220,-368.678040,763591.062500,
0.400000,0.274290,0.744690,2.030270,241.082990,-368.678250,763616.375000,1.000000
0.402000,0.235840,0.635740,3.332520,241.115170,-368.678620,763641.625000,
0.404000,0.343510,0.663940,3.568360,241.146730,-368.678770,763666.937500,
0.406000,0.453740,0.719060,2.737790,241.178050,-368.678010,763692.250000,
0.408000,0.355040,0.807500,2.409670,241.209470,-368.678220,763717.500000,1.000000
0.410000,0.270450,0.622920,2.194340,241.241580,-368.678250,763742.812500,
0.412000,0.248660,0.604980,3.681150,241.273610,-368.678620,763768.062500,
0.414000,0.410160,0.572940,3.793950,241.305370,-368.678710,763793.375000,
0.416000,0.526790,0.642150,3.229980,241.336900,-368.678190,763818.625000,1.000000
0.418000,0.410160,0.688290,2.737790,241.368270,-368.678130,763843.937500,
0.420000,0.281980,0.526790,2.809570,241.400480,-368.677980,763869.250000,
0.422000,0.261470,0.613950,3.865720,241.432170,-368.678990,763894.500000,
0.424000,0.467830,0.642150,3.127440,241.463460,-368.678620,763919.750000,1.000000
0.426000,0.503720,0.790830,2.450680,241.494520,-368.677860,763945.125000,
0.428000,0.364010,0.717770,2.440430,241.526050,-368.678160,763970.437500,
0.430000,0.261470,0.549870,3.240230,241.558320,-368.678470,763995.625000,
0.432000,0.294800,0.654970,3.773440,241.589870,-368.679200,764020.937500,1.000000
0.434000,0.537050,0.657530,3.137700,241.621170,-368.678100,764046.250000,
0.436000,0.501160,0.812620,2.727540,241.652330,-368.678010,764071.500000,
0.438000,0.325560,0.738280,2.173830,241.683980,-368.678280,764096.812500,
0.440000,0.258910,0.617800,3.609380,241.716130,-368.678470,764122.125000,1.000000
0.442000,0.324280,0.722900,4.398930,241.747570,-368.679110,764147.375000,
0.444000,0.604980,0.661380,3.537600,241.779210,-368.678160,764172.625000,
0.446000,0.551150,0.875430,2.645510,241.810200,-368.678160,764198.000000,
0.448000,0.323000,0.672910,2.460940,241.842270,-368.677860,764223.312500,1.000000
0.450000,0.248660,0.681880,4.050290,241.874250,-368.678680,764248.500000,
0.452000,0.378110,0.724180,4.111820,241.905730,-368.679020,764273.812500,
0.454000,0.619080,0.806210,3.014650,241.937070,-368.677760,764299.125000,
0.456000,0.442200,0.849790,2.491700,241.968580,-368.678040,764324.375000,1.000000
0.458000,0.271730,0.588320,2.614750,242.001070,-368.678190,764349.687500,
0.460000,0.242250,0.639590,3.886230,242.033080,-368.678990,764375.000000,
0.462000,0.462710,0.676760,3.670900,242.064540,-368.678470,764400.312500,
0.464000,0.574220,0.722900,2.840330,242.096050,-368.677700,764425.562500,1.000000
0.466000,0.414000,0.770320,2.891600,242.127590,-368.678220,764450.875000,
0.468000,0.230710,0.498600,3.332520,242.160130,-368.678070,764476.187500,
0.470000,0.199950,0.665220,4.768070,242.191620,-368.678920,764501.437500,
0.472000,0.539610,0.612670,4.070800,242.223140,-368.678280,764526.687500,1.000000
0.474000,0.616520,0.890810,2.809570,242.253910,-368.677950,764552.000000,
0.476000,0.421690,0.806210,2.594240,242.285250,-368.677760,764577.312500,
0.478000,0.201230,0.649840,4.193850,242.317400,-368.678010,764602.562500,
0.480000,0.249940,0.767760,4.532230,242.348910,-368.679260,764627.875000,1.000000
0.482000,0.584470,0.685730,3.701660,242.380370,-368.677950,764653.187500,
0.484000,0.522950,0.876710,2.409670,242.411680,-368.677700,764678.437500,
0.486000,0.289670,0.606260,2.296880,242.443920,-368.677920,764703.812500,
0.488000,0.157650,0.548580,3.937500,242.476260,-368.678770,764729.062500,1.000000
0.490000,0.339660,0.666500,4.337400,242.507720,-368.678830,764754.312500,
0.492000,0.626770,0.593440,3.291500,242.539370,-368.677460,764779.625000,
0.494000,0.465270,0.761350,2.696780,242.570620,-368.678070,764804.937500,
0.496000,0.240970,0.483220,2.645510,242.602950,-368.677860,764830.250000,1.000000
0.498000,0.133300,0.607540,4.593750,242.634640,-368.678590,764855.500000,
0.500000,0.425540,0.634460,4.839840,242.665950,-368.678410,764880.812500,
0.502000,0.702390,0.745970,3.117190,242.696900,-368.677610,764906.062500,
0.504000,0.516540,0.895940,3.014650,242.727870,-368.677830,764931.375000,1.000000
0.506000,0.243530,0.561400,3.599120,242.760190,-368.677550,764956.687500,
0.508000,0.169190,0.733150,4.983400,242.791660,-368.679020,764981.937500,
0.510000,0.511410,0.708800,3.640140,242.823180,-368.678160,765007.187500,
0.512000,0.619080,0.760070,2.542970,242.854430,-368.677490,765032.562500,1.000000
0.514000,0.351200,0.719060,2.317380,242.886370,-368.677800,765057.812500,
0.516000,0.149960,0.380680,3.968260,242.919140,-368.678160,765083.125000,
0.518000,0.226870,0.604980,4.819340,242.950500,-368.679020,765108.437500,
0.520000,0.562680,0.562680,3.732420,242.982130,-368.677490,765133.750000,1.000000
0.522000,0.579350,0.753660,2.778810,243.013170,-368.677610,765159.000000,
0.524000,0.271730,0.631900,2.419920,243.044910,-368.677700,765184.312500,
0.526000,0.111510,0.603700,3.988770,243.076750,-368.678040,765209.625000,
0.528000,0.280700,0.776730,5.332030,243.107820,-368.678710,765234.812500,1.000000
0.530000,0.665220,0.735720,4.193850,243.139250,-368.677430,765260.125000,
0.532000,0.619080,0.972840,3.312010,243.169920,-368.677580,765285.500000,
0.534000,0.285830,0.685730,3.168460,243.202220,-368.677280,765310.750000,
0.536000,0.139710,0.730590,5.014160,243.234150,-368.678530,765336.000000,1.000000
0.538000,0.371700,0.790830,4.142580,243.265460,-368.678530,765361.312500,
0.540000,0.639590,0.829280,2.994140,243.297000,-368.677120,765386.625000,
0.542000,0.448610,0.880550,2.655760,243.328320,-368.677670,765411.937500,
0.544000,0.156370,0.546020,3.527340,243.361220,-368.677890,765437.250000,1.000000
0.546000,0.128170,0.637020,4.973140,243.393130,-368.678990,765462.500000,
0.548000,0.475520,0.598570,4.009280,243.424620,-368.677800,765487.750000,
0.550000,0.662660,0.747250,3.055660,243.455990,-368.677250,765513.062500,
0.552000,0.376830,0.766480,2.491700,243.487400,-368.677760,765538.437500,1.000000
0.554000,0.125610,0.528080,3.752930,243.519700,-368.677640,765563.687500,
0.556000,0.146120,0.770320,5.649900,243.550920,-368.678590,765588.937500,
0.558000,0.613950,0.660100,4.583500,243.582470,-368.677550,765614.250000,
0.560000,0.735720,0.895940,3.271000,243.613450,-368.677490,765639.500000,1.000000
0.562000,0.397340,0.671630,2.573730,243.645360,-368.677060,765664.812500,
0.564000,0.143550,0.572940,4.911620,243.677700,-368.677800,765690.125000,
0.566000,0.262760,0.711360,4.952640,243.709050,-368.678830,765715.375000,
0.568000,0.662660,0.680600,3.824710,243.740570,-368.677150,765740.687500,1.000000
0.570000,0.566530,0.803650,2.789060,243.771900,-368.677490,765766.000000,
0.572000,0.229430,0.493470,3.004390,243.804240,-368.677610,765791.312500,
0.574000,0.105100,0.552430,4.696290,243.836180,-368.678650,765816.562500,
0.576000,0.379390,0.676760,4.419430,243.867320,-368.678310,765841.875000,1.000000
0.578000,0.663940,0.649840,3.558110,243.898610,-368.677060,765867.187500,
0.580000,0.492190,0.848510,2.983890,243.929550,-368.677760,765892.500000,
0.582000,0.197390,0.526790,3.527340,243.961870,-368.677460,765917.812500,
0.584000,0.078190,0.710080,5.557620,243.993230,-368.678560,765943.062500,1.000000
0.586000,0.484500,0.639590,5.055180,244.024670,-368.677830,765968.312500,
0.588000,0.749820,0.816470,3.476070,244.055760,-368.677280,765993.625000,
0.590000,0.526790,0.786990,2.789060,244.087200,-368.677490,766018.937500,
0.592000,0.199950,0.525510,4.470700,244.119780,-368.677400,766044.187500,1.000000
0.594000,0.165340,0.717770,5.578130,244.151280,-368.678960,766069.500000,
0.596000,0.580630,0.651120,4.357910,244.182830,-368.677610,766094.812500,
0.598000,0.644710,0.831850,2.912110,244.214080,-368.677340,766120.062500,
0.600000,0.337100,0.652400,2.635250,244.246050,-368.677730,766145.437500,1.000000
0.602000,0.087160,0.519100,4.316890,244.278270,-368.678190,766170.687500,
0.604000,0.251220,0.790830,5.065430,244.309170,-368.678590,766195.937500,
0.606000,0.661380,0.749820,3.968260,244.340530,-368.676880,766221.250000,
0.608000,0.607540,0.967710,2.994140,244.371280,-368.677490,766246.562500,1.000000
0.610000,0.238400,0.720340,3.024900,244.403240,-368.677460,766271.875000,
0.612000,0.076900,0.758790,4.932130,244.435180,-368.678010,766297.125000,
0.614000,0.357600,0.765200,5.629390,244.466780,-368.678220,766322.437500,
0.616000,0.766480,0.734440,3.783690,244.498470,-368.677120,766347.750000,1.000000
0.618000,0.648560,0.845950,3.076170,244.529850,-368.677370,766373.000000,
0.620000,0.252500,0.496030,3.865720,244.562620,-368.677250,766398.312500,
0.622000,0.149960,0.634460,5.803710,244.594600,-368.678710,766423.625000,
0.624000,0.505000,0.642150,4.706540,244.626130,-368.678010,766448.875000,1.000000
0.626000,0.738280,0.737000,3.106930,244.657460,-368.677000,766474.187500,
0.628000,0.425540,0.742130,2.553220,244.689030,-368.677490,766499.562500,
0.630000,0.138430,0.485780,4.275880,244.721480,-368.677890,766524.750000,
0.632000,0.174320,0.726750,5.342290,244.752520,-368.678590,766550.062500,1.000000
0.634000,0.566530,0.708800,4.470700,244.783680,-368.677030,766575.375000,
0.636000,0.685730,0.926700,3.158200,244.814580,-368.677060,766600.625000,
0.638000,0.375550,0.766480,2.707030,244.846180,-368.677310,766626.000000,
0.640000,0.078190,0.660100,4.388670,244.878200,-368.677610,766651.312500,1.000000
0.642000,0.230710,0.802370,6.019040,244.909530,-368.678160,766676.500000,
0.644000,0.706240,0.678040,4.788570,244.941270,-368.677030,766701.812500,
0.646000,0.730590,0.862610,3.435060,244.972500,-368.677250,766727.125000,
0.648000,0.384520,0.489620,3.588870,245.005080,-368.676970,766752.437500,1.000000
0.650000,0.115360,0.510130,5.588380,245.037230,-368.678190,766777.687500,
0.652000,0.372990,0.652400,5.044920,245.068540,-368.678410,766803.000000,
0.654000,0.734440,0.608830,3.383790,245.100080,-368.677030,766828.312500,
0.656000,0.566530,0.763920,2.707030,245.131300,-368.677460,766853.562500,1.000000
0.658000,0.193540,0.407590,3.701660,245.163730,-368.677550,766878.875000,
0.660000,0.092290,0.630620,5.619140,245.195050,-368.678770,766904.187500,
0.662000,0.475520,0.644710,4.737300,245.226150,-368.677580,766929.437500,
0.664000,0.738280,0.729310,3.445310,245.257220,-368.676820,766954.750000,1.000000
0.666000,0.428100,0.778020,2.748050,245.288500,-368.677430,766980.125000,
0.668000,0.143550,0.508850,3.732420,245.320720,-368.677370,767005.375000,
0.670000,0.135860,0.733150,5.988280,245.351940,-368.678380,767030.625000,
0.672000,0.624210,0.621640,5.342290,245.383580,-368.677250,767055.937500,1.000000
0.674000,0.848510,0.808780,3.845210,245.414550,-368.677150,767081.187500,
0.676000,0.462710,0.653690,3.117190,245.446460,-368.677060,767106.562500,
0.678000,0.166630,0.492190,5.085940,245.478820,-368.677760,767131.812500,
0.680000,0.256350,0.670350,5.772950,245.510030,-368.678680,767157.125000,1.000000
0.682000,0.681880,0.639590,3.865720,245.541670,-368.676970,767182.375000,
0.684000,0.663940,0.757510,3.147950,245.572800,-368.677250,767207.687500,
0.686000,0.275570,0.530640,3.414550,245.605030,-368.677490,767233.000000,
0.688000,0.093570,0.561400,5.270510,245.636750,-368.678340,767258.250000,1.000000
0.690000,0.375550,0.740840,5.137210,245.667650,-368.677980,767283.562500,
0.692000,0.713930,0.713930,3.947750,245.699080,-368.676790,767308.875000,
0.694000,0.574220,0.854920,2.973630,245.730120,-368.677490,767334.187500,
0.696000,0.194820,0.552430,3.455570,245.762500,-368.677340,767359.500000,1.000000
0.698000,0.075620,0.735720,5.926760,245.794050,-368.678280,767384.750000,
0.700000,0.497310,0.671630,5.896000,245.825620,-368.677730,767410.000000,
0.702000,0.824160,0.803650,4.398930,245.857030,-368.677190,767435.312500,
0.704000,0.611390,0.751100,2.737790,245.888470,-368.677190,767460.687500,1.000000
0.706000,0.205080,0.529360,4.880860,245.921050,-368.677460,767485.875000,
0.708000,0.182010,0.710080,5.947270,245.952500,-368.678800,767511.187500,
0.710000,0.611390,0.670350,5.014160,245.983860,-368.677370,767536.500000,
0.712000,0.721620,0.810060,3.373540,246.015270,-368.677030,767561.750000,1.000000
0.714000,0.381960,0.610110,2.881350,246.047200,-368.677400,767587.125000,
0.716000,0.091000,0.470400,4.747560,246.079540,-368.678160,767612.437500,
0.718000,0.264040,0.693420,5.229490,246.110660,-368.678340,767637.687500,
0.720000,0.681880,0.571660,4.429690,246.142240,-368.676700,767662.937500,1.000000
0.722000,0.672910,0.763920,3.086430,246.173550,-368.677400,767688.312500,
0.724000,0.302490,0.469120,3.291500,246.205750,-368.677400,767713.625000,
0.726000,0.062810,0.540890,5.465330,246.237580,-368.678040,767738.875000,
0.728000,0.355040,0.603700,6.213870,246.268950,-368.677950,767764.125000,1.000000
0.730000,0.817750,0.608830,4.655270,246.300400,-368.677120,767789.437500,
0.732000,0.745970,0.724180,3.004390,246.331650,-368.677400,767814.750000,
0.734000,0.329410,0.403750,4.347660,246.363920,-368.677060,767840.062500,
0.736000,0.125610,0.619080,5.957520,246.395320,-368.678560,767865.312500,1.000000
0.738000,0.511410,0.704960,5.547360,246.426270,-368.677700,767890.562500,
0.740000,0.798520,0.775450,3.629880,246.457350,-368.676850,767915.875000,
0.742000,0.487060,0.761350,2.676270,246.488920,-368.677400,767941.250000,
0.744000,0.147400,0.417850,4.378420,246.521380,-368.677670,767966.500000,1.000000
0.746000,0.178160,0.672910,5.680660,246.552640,-368.678530,767991.812500,
0.748000,0.608830,0.543460,5.096190,246.584350,-368.676910,768017.125000,
0.750000,0.748540,0.683170,3.486330,246.615600,-368.677060,768042.375000,
0.752000,0.403750,0.560120,2.983890,246.647510,-368.677340,768067.750000,1.000000
0.754000,0.083310,0.467830,4.604000,246.679600,-368.677610,768093.000000,
0.756000,0.249940,0.652400,6.562500,246.710850,-368.678190,768118.250000,
0.758000,0.726750,0.561400,5.301270,246.742400,-368.676820,768143.500000,
0.760000,0.831850,0.786990,3.732420,246.773350,-368.677190,768168.875000,1.000000
0.762000,0.431950,0.502440,4.091310,246.805560,-368.677060,768194.125000,
0.764000,0.135860,0.561400,5.783200,246.837250,-368.678100,768219.437500,
0.766000,0.394780,0.784420,5.701170,246.868120,-368.678040,768244.687500,
0.768000,0.760070,0.735720,3.732420,246.899440,-368.676670,768270.000000,1.000000
0.770000,0.629330,0.848510,2.778810,246.930800,-368.677340,768295.312500,
0.772000,0.219180,0.462710,3.968260,246.963460,-368.677550,768320.625000,
0.774000,0.108950,0.621640,5.875490,246.994870,-368.678440,768345.937500,
0.776000,0.513980,0.708800,5.434570,247.026120,-368.677340,768371.187500,1.000000
0.778000,0.792110,0.719060,3.711910,247.057680,-368.676790,768396.500000,
0.780000,0.516540,0.707520,2.871090,247.089220,-368.677400,768421.812500,
0.782000,0.133300,0.434510,4.009280,247.121780,-368.677340,768447.125000,
0.784000,0.139710,0.652400,6.275390,247.153170,-368.678190,768472.375000,1.000000
0.786000,0.640870,0.572940,6.121580,247.184920,-368.677150,768497.687500,
0.788000,0.911320,0.737000,4.255370,247.216050,-368.676820,768522.937500,
0.790000,0.543460,0.598570,3.742680,247.247970,-368.676820,768548.250000,
0.792000,0.167910,0.485780,5.188480,247.280180,-368.677700,768573.562500,1.000000
0.794000,0.288390,0.721620,6.111330,247.311130,-368.678280,768598.812500,
0.796000,0.704960,0.679320,4.275880,247.342650,-368.676640,768624.125000,
0.798000,0.722900,0.749820,3.301760,247.373930,-368.676970,768649.437500,
0.800000,0.303770,0.494750,3.609380,247.406300,-368.677370,768674.750000,1.000000
0.802000,0.078190,0.531920,5.588380,247.438160,-368.678280,768700.000000,
0.804000,0.396060,0.694700,5.742190,247.468950,-368.677580,768725.312500,
0.806000,0.756230,0.713930,4.265630,247.500350,-368.676570,768750.562500,
0.808000,0.629330,0.820310,2.994140,247.531600,-368.677400,768775.937500,1.000000
0.810000,0.230710,0.475520,3.681150,247.563980,-368.677280,768801.250000,
0.812000,0.066650,0.644710,5.937010,247.595520,-368.678070,768826.500000,
0.814000,0.505000,0.594730,6.706050,247.627110,-368.677340,768851.750000,
0.816000,0.889530,0.687010,4.809080,247.658600,-368.676910,768877.062500,1.000000
0.818000,0.684450,0.634460,3.168460,247.690160,-368.676910,768902.375000,
0.820000,0.264040,0.407590,4.952640,247.722630,-368.677250,768927.625000,
0.822000,0.188420,0.628050,6.408690,247.753880,-368.678470,768952.937500,
0.824000,0.657530,0.620360,5.260250,247.785230,-368.676970,768978.250000,1.000000
0.826000,0.799800,0.669070,3.506840,247.816820,-368.676910,769003.500000,
0.828000,0.429380,0.479370,3.373540,247.848830,-368.677310,769028.875000,
0.830000,0.124330,0.379390,5.126950,247.881030,-368.677980,769054.187500,
0.832000,0.288390,0.647280,5.865230,247.911930,-368.678160,769079.375000,1.000000
0.834000,0.698550,0.544740,4.645020,247.943270,-368.676510,769104.687500,
0.836000,0.735720,0.760070,3.373540,247.974300,-368.677220,769130.062500,
0.838000,0.319150,0.516540,3.414550,248.006300,-368.677250,769155.312500,
0.840000,0.056400,0.617800,5.701170,248.037750,-368.677920,769180.625000,1.000000
0.842000,0.384520,0.722900,6.747070,248.068800,-368.677670,769205.875000,
0.844000,0.815190,0.731870,5.188480,248.100130,-368.676730,769231.125000,
0.846000,0.807500,0.804930,3.435060,248.131500,-368.677190,769256.500000,
0.848000,0.338380,0.437070,4.368160,248.164080,-368.677120,769281.812500,1.000000
0.850000,0.144840,0.587040,6.080570,248.195760,-368.678500,769307.062500,
0.852000,0.526790,0.684450,5.875490,248.226930,-368.677490,769332.312500,
0.854000,0.794680,0.722900,4.132320,248.258500,-368.676640,769357.687500,
0.856000,0.539610,0.644710,2.901860,248.290420,-368.677370,769382.937500,1.000000
0.858000,0.147400,0.361450,4.645020,248.323000,-368.677670,769408.250000,
0.860000,0.211490,0.652400,6.060060,248.354100,-368.678160,769433.562500,
0.862000,0.648560,0.615230,5.301270,248.385570,-368.676670,769458.812500,
0.864000,0.775450,0.712650,3.845210,248.416850,-368.676910,769484.125000,1.000000
0.866000,0.439640,0.612670,3.127440,248.448550,-368.677250,769509.500000,
0.868000,0.098690,0.569090,5.311520,248.480450,-368.677520,769534.750000,
0.870000,0.265320,0.767760,6.839360,248.511510,-368.677950,769560.000000,
0.872000,0.765200,0.685730,5.875490,248.543000,-368.676790,769585.312500,1.000000
0.874000,0.893370,0.802370,3.916990,248.574280,-368.676970,769610.625000,
0.876000,0.478090,0.496030,4.111820,248.606700,-368.677060,769635.875000,
0.878000,0.174320,0.519100,6.060060,248.638660,-368.678220,769661.187500,
0.880000,0.442200,0.699830,6.388180,248.669720,-368.677760,769686.437500,1.000000
0.882000,0.793400,0.628050,4.511720,248.701350,-368.676450,769711.750000,
0.884000,0.667790,0.661380,2.912110,248.733090,-368.677090,769737.062500,
0.886000,0.271730,0.329410,4.327150,248.765750,-368.677520,769762.437500,
0.888000,0.137150,0.501160,5.865230,248.797120,-368.678310,769787.625000,1.000000
0.890000,0.534480,0.617800,5.742190,248.828170,-368.676940,769812.937500,
0.892000,0.811340,0.657530,4.255370,248.859620,-368.676640,769838.250000,
0.894000,0.557560,0.647280,3.086430,248.891070,-368.677340,769863.562500,
0.896000,0.147400,0.440920,4.347660,248.923200,-368.677370,769888.875000,1.000000
0.898000,0.190980,0.688290,6.408690,248.954250,-368.678010,769914.125000,
0.900000,0.654970,0.621640,6.336910,248.985790,-368.676910,769939.375000,
0.902000,0.942080,0.734440,4.552730,249.017030,-368.676910,769964.687500,
0.904000,0.599850,0.533200,3.927250,249.049000,-368.676790,769990.062500,1.000000
0.906000,0.203800,0.469120,5.690920,249.081070,-368.677730,770015.312500,
0.908000,0.326840,0.702390,6.336910,249.111970,-368.678100,770040.562500,
0.910000,0.720340,0.661380,4.788570,249.143450,-368.676480,770065.875000,
0.912000,0.778020,0.711360,3.219730,249.174900,-368.676940,770091.187500,1.000000
0.914000,0.342220,0.420410,3.824710,249.207320,-368.677340,770116.500000,
0.916000,0.116640,0.463990,5.711430,249.239200,-368.678310,770141.812500,
0.918000,0.428100,0.624210,6.367680,249.270080,-368.677580,770167.062500,
0.920000,0.780580,0.610110,4.686040,249.301530,-368.676480,770192.375000,1.000000
0.922000,0.663940,0.756230,3.158200,249.332780,-368.677310,770217.687500,
0.924000,0.257630,0.469120,3.855470,249.364930,-368.677250,770243.000000,
0.926000,0.074340,0.697270,5.896000,249.396150,-368.678040,770268.250000,
0.928000,0.540890,0.699830,7.013670,249.427520,-368.677120,770293.500000,1.000000
0.930000,0.930540,0.752380,5.280760,249.458970,-368.676640,770318.875000,
0.932000,0.725460,0.657530,3.711910,249.490880,-368.676910,770344.125000,
0.934000,0.297360,0.406310,5.301270,249.523470,-368.677340,770369.437500,
0.936000,0.223020,0.635740,6.521480,249.554780,-368.678280,770394.687500,1.000000
0.938000,0.690860,0.690860,5.321780,249.586110,-368.676700,770419.937500,
0.940000,0.831850,0.672910,3.783690,249.617780,-368.676700,770445.312500,
0.942000,0.463990,0.484500,3.609380,249.650070,-368.677340,770470.625000,
0.944000,0.144840,0.339660,5.373050,249.682280,-368.677920,770495.875000,1.000000
0.946000,0.330690,0.648560,6.275390,249.713150,-368.677890,770521.187500,
0.948000,0.724180,0.569090,4.911620,249.744570,-368.676480,770546.500000,
0.950000,0.763920,0.711360,3.506840,249.775700,-368.677060,770571.812500,
0.952000,0.352480,0.510130,3.424800,249.807750,-368.677190,770597.125000,1.000000
0.954000,0.092290,0.624210,5.731930,249.839100,-368.677800,770622.437500,
0.956000,0.406310,0.740840,7.034180,249.870130,-368.677490,770647.625000,
0.958000,0.829280,0.757510,5.772950,249.901660,-368.676640,770672.937500,
0.960000,0.847230,0.733150,3.517090,249.933240,-368.676910,770698.250000,1.000000
0.962000,0.379390,0.437070,4.491210,249.965970,-368.677190,770723.562500,
0.964000,0.206360,0.588320,6.347170,249.997650,-368.678380,770748.812500,
0.966000,0.556270,0.699830,6.152340,250.028750,-368.677190,770774.125000,
0.968000,0.817750,0.716490,4.552730,250.060530,-368.676510,770799.437500,1.000000
0.970000,0.590880,0.578060,3.332520,250.092580,-368.677190,770824.750000,
0.972000,0.185850,0.347350,5.003910,250.125110,-368.677800,770850.062500,
0.974000,0.229430,0.631900,6.172850,250.155940,-368.678010,770875.312500,
0.976000,0.670350,0.656250,5.383300,250.187230,-368.676360,770900.562500,1.000000
0.978000,0.808780,0.693420,4.029790,250.218600,-368.676880,770925.937500,
0.980000,0.458860,0.566530,3.353030,250.250380,-368.677150,770951.250000,
0.982000,0.098690,0.512700,5.731930,250.282350,-368.677520,770976.500000,
0.984000,0.308900,0.689580,7.013670,250.313480,-368.677640,771001.750000,1.000000
0.986000,0.775450,0.643430,6.162600,250.345030,-368.676640,771027.062500,
0.988000,0.927980,0.725460,4.009280,250.376560,-368.676910,771052.375000,
0.990000,0.501160,0.421690,4.419430,250.409000,-368.676910,771077.687500,
0.992000,0.187130,0.494750,6.131840,250.440990,-368.678280,771102.937500,1.000000
0.994000,0.490910,0.690860,6.829100,250.472000,-368.677610,771128.187500,
0.996000,0.817750,0.662660,4.942380,250.503490,-368.676390,771153.500000,
0.998000,0.681880,0.657530,3.209470,250.535370,-368.677060,771178.875000,
1.000000,0.279420,0.376830,4.573240,250.567830,-368.677490,771204.125000,1.000000
1.002000,0.166630,0.596010,5.947270,250.598970,-368.678250,771229.437500,
1.004000,0.556270,0.739560,5.875490,250.629730,-368.676730,771254.750000,
1.006000,0.806210,0.785710,4.501460,250.661070,-368.676450,771280.000000,
1.008000,0.587040,0.707520,3.199220,250.692660,-368.677190,771305.375000,1.000000
1.010000,0.180730,0.528080,4.829590,250.724790,-368.677280,771330.687500,
1.012000,0.208920,0.757510,6.449710,250.755950,-368.677830,771355.875000,
1.014000,0.666500,0.701110,6.726560,250.787510,-368.676570,771381.187500,
1.016000,0.934390,0.780580,4.634770,250.819080,-368.676670,771406.500000,1.000000
1.018000,0.626770,0.520390,4.019530,250.851550,-368.676910,771431.812500,
1.020000,0.244810,0.420410,6.080570,250.883930,-368.677760,771457.062500,
1.022000,0.352480,0.667790,6.613770,250.915070,-368.678040,771482.375000,
1.024000,0.747250,0.652400,5.280760,250.946590,-368.676420,771507.687500,1.000000
1.026000,0.812620,0.676760,3.445310,250.978380,-368.676910,771532.937500,
1.028000,0.379390,0.374270,4.060550,251.010930,-368.677460,771558.312500,
1.030000,0.147400,0.499880,5.803710,251.042480,-368.678190,771583.562500,
1.032000,0.463990,0.717770,6.480470,251.073100,-368.677340,771608.812500,1.000000
1.034000,0.815190,0.703670,5.085940,251.104430,-368.676300,771634.125000,
1.036000,0.683170,0.747250,3.291500,251.135880,-368.677060,771659.500000,
1.038000,0.265320,0.493470,4.286130,251.168000,-368.677150,771684.750000,
1.040000,0.125610,0.728030,6.070310,251.199140,-368.677760,771710.062500,1.000000
1.042000,0.585750,0.744690,7.239260,251.230530,-368.676940,771735.312500,
1.044000,0.942080,0.743410,5.362790,251.262070,-368.676420,771760.562500,
1.046000,0.749820,0.592160,4.152830,251.294330,-368.676670,771785.937500,
1.048000,0.316590,0.324280,5.752440,251.327150,-368.677520,771811.250000,1.000000
1.050000,0.276860,0.547300,6.613770,251.358440,-368.678190,771836.437500,
1.052000,0.706240,0.649840,5.752440,251.389720,-368.676540,771861.750000,
1.054000,0.844670,0.660100,3.999020,251.421220,-368.676510,771887.125000,
1.056000,0.501160,0.480650,3.834960,251.453480,-368.677250,771912.375000,1.000000
1.058000,0.171750,0.422970,5.424320,251.485320,-368.678040,771937.687500,
1.060000,0.376830,0.711360,6.695800,251.515950,-368.677460,771963.000000,
1.062000,0.747250,0.684450,5.311520,251.547270,-368.676270,771988.250000,
1.064000,0.778020,0.740840,3.640140,251.578670,-368.676970,772013.562500,1.000000
1.066000,0.381960,0.521670,3.722170,251.610790,-368.677090,772038.937500,
1.068000,0.105100,0.630620,5.701170,251.642320,-368.677760,772064.125000,
1.070000,0.463990,0.737000,7.300780,251.673430,-368.677280,772089.437500,
1.072000,0.867740,0.772890,6.142090,251.704970,-368.676760,772114.750000,1.000000
1.074000,0.877990,0.681880,4.050290,251.736760,-368.676880,772140.062500,
1.076000,0.411440,0.411440,4.942380,251.769470,-368.677190,772165.312500,
1.078000,0.207640,0.584470,6.500980,251.800950,-368.678340,772190.625000,
1.080000,0.607540,0.742130,6.367680,251.831800,-368.676910,772215.875000,1.000000
1.082000,0.831850,0.774170,4.532230,251.863370,-368.676360,772241.187500,
1.084000,0.626770,0.599850,3.773440,251.895450,-368.677000,772266.562500,
1.086000,0.221740,0.414000,5.311520,251.927830,-368.677860,772291.812500,
1.088000,0.255070,0.679320,6.490720,251.958770,-368.678130,772317.062500,1.000000
1.090000,0.698550,0.703670,5.506350,251.990010,-368.676330,772342.375000,
1.092000,0.828000,0.742130,3.824710,252.021620,-368.676850,772367.687500,
1.094000,0.474240,0.548580,3.424800,252.053770,-368.677280,772393.000000,
1.096000,0.130740,0.508850,5.670410,252.085770,-368.677670,772418.312500,1.000000
1.098000,0.360170,0.672910,7.495610,252.117020,-368.677640,772443.562500,
1.100000,0.798520,0.657530,6.644530,252.148570,-368.676510,772468.812500,
1.102000,0.952330,0.669070,4.542480,252.180340,-368.676940,772494.187500,
1.104000,0.528080,0.389650,4.357910,252.212770,-368.676970,772519.500000,1.000000
1.106000,0.229430,0.533200,6.203610,252.244290,-368.678190,772544.687500,
1.108000,0.508850,0.797240,6.675290,252.274800,-368.677490,772570.000000,
1.110000,0.833130,0.815190,5.414060,252.306000,-368.676240,772595.312500,
1.112000,0.733150,0.690860,3.650390,252.337980,-368.677120,772620.625000,1.000000
1.114000,0.306340,0.384520,4.839840,252.370530,-368.677580,772645.937500,
1.116000,0.224300,0.616520,6.131840,252.401670,-368.678130,772671.250000,
1.118000,0.597290,0.738280,5.752440,252.432690,-368.676700,772696.500000,
1.120000,0.811340,0.748540,4.368160,252.464200,-368.676420,772721.812500,1.000000
1.122000,0.611390,0.647280,3.363280,252.496200,-368.677150,772747.187500,
1.124000,0.184570,0.502440,5.270510,252.528440,-368.677370,772772.437500,
1.126000,0.249940,0.698550,6.849610,252.559720,-368.677830,772797.687500,
1.128000,0.716490,0.670350,7.013670,252.591320,-368.676610,772823.000000,1.000000
1.130000,0.945920,0.720340,4.686040,252.622970,-368.676510,772848.312500,
1.132000,0.663940,0.466550,4.070800,252.655460,-368.676940,772873.562500,
1.134000,0.255070,0.451170,6.060060,252.687450,-368.677890,772898.875000,
1.136000,0.396060,0.742130,6.859860,252.718150,-368.677760,772924.187500,1.000000
1.138000,0.778020,0.769040,5.793460,252.749250,-368.676240,772949.437500,
1.140000,0.815190,0.733150,3.742680,252.781050,-368.676760,772974.750000,
1.142000,0.414000,0.402470,4.122070,252.813670,-368.677550,773000.062500,
1.144000,0.180730,0.485780,6.080570,252.845170,-368.678160,773025.312500,1.000000
1.146000,0.521670,0.719060,6.152340,252.875900,-368.677030,773050.625000,
1.148000,0.831850,0.694700,5.229490,252.907380,-368.676330,773075.937500,
1.150000,0.683170,0.643430,3.578610,252.939120,-368.677060,773101.250000,
1.152000,0.280700,0.429380,4.614260,252.971450,-368.677250,773126.562500,1.000000
1.154000,0.183290,0.647280,6.347170,253.002660,-368.677800,773151.875000,
1.156000,0.619080,0.717770,7.167480,253.033920,-368.676910,773177.062500,
1.158000,0.952330,0.771610,5.629390,253.065310,-368.676480,773202.375000,
1.160000,0.779300,0.604980,4.388670,253.097440,-368.676570,773227.750000,1.000000
1.162000,0.338380,0.437070,6.049800,253.129810,-368.677610,773253.000000,
1.164000,0.324280,0.707520,6.757320,253.160710,-368.678040,773278.250000,
1.166000,0.716490,0.817750,5.967770,253.191700,-368.676300,773303.562500,
1.168000,0.854920,0.793400,4.255370,253.223250,-368.676360,773328.875000,1.000000
1.170000,0.520390,0.520390,3.752930,253.255770,-368.677090,773354.187500,
1.172000,0.214050,0.494750,5.690920,253.287780,-368.678100,773379.500000,
1.174000,0.428100,0.712650,6.572750,253.318450,-368.677340,773404.750000,
1.176000,0.776730,0.767760,5.834470,253.349780,-368.676180,773430.062500,1.000000
1.178000,0.793400,0.724180,3.650390,253.381530,-368.677000,773455.375000,
1.180000,0.392210,0.472960,3.916990,253.413890,-368.677150,773480.687500,
1.182000,0.116640,0.593440,5.978030,253.445420,-368.677830,773505.937500,
1.184000,0.524230,0.738280,7.157230,253.476470,-368.677150,773531.250000,1.000000
1.186000,0.892090,0.783140,6.347170,253.507920,-368.676510,773556.500000,
1.188000,0.884400,0.690860,4.204100,253.539780,-368.676730,773581.812500,
1.190000,0.435790,0.444760,5.414060,253.572360,-368.677120,773607.125000,
1.192000,0.239690,0.643430,6.459960,253.603610,-368.678250,773632.437500,1.000000
1.194000,0.665220,0.822880,6.583010,253.634430,-368.676670,773657.687500,
1.196000,0.840820,0.799800,4.604000,253.666110,-368.676240,773683.000000,
1.198000,0.644710,0.542180,3.783690,253.698590,-368.677060,773708.312500,
1.200000,0.253780,0.394780,5.537110,253.731000,-368.677860,773733.625000,1.000000
1.202000,0.335820,0.652400,6.583010,253.762050,-368.677980,773758.875000,
1.204000,0.733150,0.679320,5.906250,253.793110,-368.676300,773784.187500,
1.206000,0.826720,0.749820,4.163090,253.824630,-368.676790,773809.500000,
1.208000,0.492190,0.543460,3.660640,253.856720,-368.677310,773834.875000,1.000000
1.210000,0.161500,0.574220,5.731930,253.888350,-368.677700,773860.125000,
1.212000,0.394780,0.738280,7.444340,253.919300,-368.677490,773885.375000,
1.214000,0.822880,0.795960,6.757320,253.950610,-368.676450,773910.625000,
1.216000,0.957460,0.729310,4.819340,253.982330,-368.676790,773936.000000,1.000000
1.218000,0.540890,0.451170,4.686040,254.014890,-368.677060,773961.250000,
1.220000,0.261470,0.544740,6.203610,254.046600,-368.678160,773986.562500,
1.222000,0.542180,0.763920,6.941890,254.077350,-368.677250,774011.812500,
1.224000,0.848510,0.817750,5.352540,254.108800,-368.676090,774037.125000,1.000000
1.226000,0.748540,0.597290,4.040040,254.141130,-368.677000,774062.437500,
1.228000,0.324280,0.344790,5.096190,254.173780,-368.677760,774087.750000,
1.230000,0.265320,0.593440,6.408690,254.204820,-368.678040,774113.000000,
1.232000,0.666500,0.748540,6.080570,254.235720,-368.676540,774138.312500,1.000000
1.234000,0.833130,0.794680,4.357910,254.266920,-368.676510,774163.625000,
1.236000,0.607540,0.680600,3.558110,254.298750,-368.677090,774188.937500,
1.238000,0.199950,0.634460,5.321780,254.330520,-368.677490,774214.250000,
1.240000,0.310180,0.842100,7.372560,254.361420,-368.677610,774239.500000,1.000000
1.242000,0.765200,0.869020,7.146970,254.392590,-368.676450,774264.750000,
1.244000,0.952330,0.869020,5.075680,254.424300,-368.676480,774290.062500,
1.246000,0.675480,0.505000,4.337400,254.457000,-368.676910,774315.437500,
1.248000,0.288390,0.496030,6.029300,254.489300,-368.678070,774340.687500,1.000000
1.250000,0.463990,0.702390,6.736820,254.520370,-368.677610,774365.937500,
1.252000,0.808780,0.730590,6.070310,254.551740,-368.676210,774391.250000,
1.254000,0.810060,0.640870,4.091310,254.584080,-368.676730,774416.562500,
1.256000,0.449890,0.288390,4.583500,254.616970,-368.677580,774441.875000,1.000000
1.258000,0.247380,0.425540,6.234380,254.648420,-368.678310,774467.187500,
1.260000,0.574220,0.701110,6.347170,254.678960,-368.676850,774492.437500,
1.262000,0.838260,0.754940,5.014160,254.710170,-368.676300,774517.750000,
1.264000,0.690860,0.652400,3.722170,254.741810,-368.677060,774543.062500,1.000000
1.266000,0.290950,0.544740,5.157710,254.773620,-368.677310,774568.375000,
1.268000,0.235840,0.778020,6.675290,254.804430,-368.677760,774593.625000,
1.270000,0.666500,0.881840,7.311040,254.835330,-368.676700,774618.937500,
1.272000,0.953610,0.921570,5.475590,254.866580,-368.676390,774644.250000,1.000000
1.274000,0.778020,0.658810,4.378420,254.899000,-368.676640,774669.500000,
1.276000,0.346070,0.498600,6.008790,254.931400,-368.677670,774694.812500,
1.278000,0.358890,0.708800,6.808590,254.962680,-368.678070,774720.125000,
1.280000,0.747250,0.760070,6.593260,254.994080,-368.676240,774745.375000,1.000000
1.282000,0.860050,0.680600,4.542480,255.026080,-368.676420,774770.687500,
1.284000,0.533200,0.344790,4.019530,255.059050,-368.677280,774796.062500,
1.286000,0.251220,0.387080,5.690920,255.091050,-368.678310,774821.250000,
1.288000,0.470400,0.602420,6.388180,255.121670,-368.677340,774846.562500,1.000000
1.290000,0.802370,0.743410,6.070310,255.152680,-368.676030,774871.875000,
1.292000,0.767760,0.722900,3.978520,255.184250,-368.676880,774897.187500,
1.294000,0.389650,0.510130,4.337400,255.216230,-368.677190,774922.500000,
1.296000,0.178160,0.694700,6.254880,255.247330,-368.677700,774947.812500,1.000000
1.298000,0.581910,0.806210,6.941890,255.278310,-368.676970,774973.000000,
1.300000,0.917720,0.834410,6.203610,255.309690,-368.676360,774998.312500,
1.302000,0.863890,0.649840,4.306640,255.341900,-368.676640,775023.687500,
1.304000,0.446040,0.399900,5.690920,255.374600,-368.677280,775048.937500,1.000000
1.306000,0.308900,0.597290,6.849610,255.405850,-368.678190,775074.187500,
1.308000,0.710080,0.786990,6.675290,255.436720,-368.676610,775099.500000,
1.310000,0.866460,0.744690,4.809080,255.468370,-368.676150,775124.812500,
1.312000,0.660100,0.425540,3.732420,255.501130,-368.677060,775150.125000,1.000000
1.314000,0.301210,0.315310,5.496090,255.533400,-368.678040,775175.437500,
1.316000,0.411440,0.611390,6.593260,255.564180,-368.677700,775200.687500,
1.318000,0.751100,0.720340,6.316410,255.594880,-368.676150,775226.000000,
1.320000,0.833130,0.792110,4.337400,255.626210,-368.676610,775251.312500,1.000000
1.322000,0.510130,0.566530,3.711910,255.658360,-368.677120,775276.625000,
1.324000,0.189700,0.628050,5.793460,255.689800,-368.677670,775301.937500,
1.326000,0.447330,0.757510,6.952150,255.720830,-368.677250,775327.187500,
1.328000,0.854920,0.842100,6.818850,255.752120,-368.676450,775352.500000,1.000000
1.330000,0.938230,0.707520,4.839840,255.784150,-368.676610,775377.750000,
1.332000,0.546020,0.431950,5.250000,255.816960,-368.677060,775403.062500,
1.334000,0.284550,0.552430,6.459960,255.848600,-368.678190,775428.375000,
1.336000,0.589600,0.771610,6.818850,255.879300,-368.677060,775453.625000,1.000000
1.338000,0.854920,0.853640,5.619140,255.910640,-368.676060,775478.937500,
1.340000,0.738280,0.579350,3.988770,255.943100,-368.676820,775504.312500,
1.342000,0.342220,0.339660,5.660160,255.975720,-368.677890,775529.562500,
1.344000,0.297360,0.576780,6.541990,256.006650,-368.677980,775554.812500,1.000000
1.346000,0.710080,0.744690,6.439450,256.037510,-368.676240,775580.125000,
1.348000,0.839540,0.744690,4.439940,256.068820,-368.676450,775605.437500,
1.350000,0.594730,0.549870,3.568360,256.100980,-368.677060,775630.812500,
1.352000,0.224300,0.519100,5.393550,256.132900,-368.677490,775656.062500,1.000000
1.354000,0.360170,0.669070,7.382810,256.164060,-368.677490,775681.312500,
1.356000,0.793400,0.739560,7.311040,256.195310,-368.676420,775706.562500,
1.358000,0.961300,0.724180,5.126950,256.227080,-368.676510,775731.937500,
1.360000,0.658810,0.392210,4.747560,256.259740,-368.676790,775757.187500,1.000000
1.362000,0.317870,0.430660,6.019040,256.291840,-368.678160,775782.500000,
1.364000,0.520390,0.663940,6.777830,256.322660,-368.677520,775807.812500,
1.366000,0.833130,0.752380,6.183110,256.353670,-368.676030,775833.062500,
1.368000,0.793400,0.653690,4.439940,256.385710,-368.676610,775858.375000,1.000000
1.370000,0.457580,0.339660,5.055180,256.418330,-368.677520,775883.687500,
1.372000,0.288390,0.525510,6.275390,256.449430,-368.678220,775908.937500,
1.374000,0.604980,0.758790,6.388180,256.479800,-368.676640,775934.250000,
1.376000,0.830570,0.851070,4.829590,256.510930,-368.676090,775959.562500,1.000000
1.378000,0.694700,0.613950,3.670900,256.542940,-368.676970,775984.875000,
1.380000,0.294800,0.489620,5.178220,256.575070,-368.677340,776010.187500,
1.382000,0.265320,0.646000,6.982910,256.606350,-368.677640,776035.500000,
1.384000,0.695980,0.733150,7.382810,256.637570,-368.676540,776060.750000,1.000000
1.386000,0.933110,0.775450,5.690920,256.669130,-368.676360,776086.000000,
1.388000,0.758790,0.475520,4.675780,256.701810,-368.676700,776111.375000,
1.390000,0.348630,0.376830,5.906250,256.734160,-368.677760,776136.625000,
1.392000,0.394780,0.628050,6.911130,256.765170,-368.678010,776161.875000,1.000000
1.394000,0.763920,0.767760,6.767580,256.796110,-368.676210,776187.187500,
1.396000,0.839540,0.737000,4.809080,256.827790,-368.676270,776212.500000,
1.398000,0.534480,0.388370,4.419430,256.860570,-368.677280,776237.812500,
1.400000,0.265320,0.493470,5.937010,256.892120,-368.678250,776263.125000,1.000000
1.402000,0.511410,0.702390,6.654790,256.922640,-368.677120,776288.437500,
1.404000,0.819030,0.824160,5.588380,256.953460,-368.675960,776313.687500,
1.406000,0.717770,0.735720,4.050290,256.985380,-368.676760,776339.062500,
1.408000,0.394780,0.472960,4.624510,257.017640,-368.677280,776364.312500,1.000000
1.410000,0.224300,0.635740,6.665040,257.049010,-368.677730,776389.625000,
1.412000,0.613950,0.703670,7.259770,257.080290,-368.676910,776414.875000,
1.414000,0.942080,0.726750,6.142090,257.111880,-368.676330,776440.187500,
1.416000,0.830570,0.483220,4.583500,257.144380,-368.676450,776465.437500,1.000000
1.418000,0.442200,0.288390,5.824220,257.177060,-368.677460,776490.750000,
1.420000,0.339660,0.513980,6.829100,257.208160,-368.678040,776516.062500,
1.422000,0.703670,0.745970,6.798340,257.238860,-368.676360,776541.312500,
1.424000,0.858760,0.754940,5.116700,257.270200,-368.675960,776566.625000,1.000000
1.426000,0.647280,0.419130,3.916990,257.302890,-368.676910,776592.000000,
1.428000,0.330690,0.353760,5.567870,257.334930,-368.678100,776617.250000,
1.430000,0.451170,0.608830,6.500980,257.365600,-368.677460,776642.500000,
1.432000,0.775450,0.740840,6.172850,257.396360,-368.675990,776667.812500,1.000000
1.434000,0.808780,0.767760,4.645020,257.427700,-368.676540,776693.125000,
1.436000,0.496030,0.529360,3.988770,257.459990,-368.677060,776718.500000,
1.438000,0.208920,0.599850,6.049800,257.491420,-368.677830,776743.812500,
1.440000,0.513980,0.728030,7.105960,257.522460,-368.677150,776769.000000,1.000000
1.442000,0.870300,0.821590,6.490720,257.553710,-368.676390,776794.312500,
1.444000,0.910030,0.640870,4.993650,257.585820,-368.676450,776819.625000,
1.446000,0.546020,0.351200,5.649900,257.618680,-368.677000,776844.875000,
1.448000,0.307620,0.483220,6.890630,257.650330,-368.678160,776870.187500,1.000000
1.450000,0.624210,0.702390,6.870120,257.681060,-368.676820,776895.500000,
1.452000,0.844670,0.781860,5.711430,257.712460,-368.675960,776920.750000,
1.454000,0.735720,0.452450,3.958010,257.745120,-368.676700,776946.062500,
1.456000,0.369140,0.225590,5.393550,257.777800,-368.677920,776971.437500,1.000000
1.458000,0.362730,0.481930,6.777830,257.808780,-368.678010,776996.687500,
1.460000,0.735720,0.681880,6.541990,257.839390,-368.676090,777021.937500,
1.462000,0.826720,0.739560,4.932130,257.870540,-368.676360,777047.312500,
1.464000,0.576780,0.519100,3.681150,257.902680,-368.677060,777072.562500,1.000000
1.466000,0.246090,0.526790,5.547360,257.934420,-368.677610,777097.875000,
1.468000,0.406310,0.661380,7.075200,257.965420,-368.677460,777123.187500,
1.470000,0.826720,0.803650,7.126460,257.996460,-368.676390,777148.437500,
1.472000,0.963870,0.734440,5.424320,258.028140,-368.676450,777173.750000,1.000000
1.474000,0.647280,0.431950,5.178220,258.060820,-368.676790,777199.062500,
1.476000,0.329410,0.470400,6.429200,258.092680,-368.678100,777224.375000,
1.478000,0.542180,0.710080,6.593260,258.123410,-368.677370,777249.562500,
1.480000,0.853640,0.802370,6.111330,258.154510,-368.675900,777274.875000,1.000000
1.482000,0.786990,0.588320,4.296390,258.186890,-368.676510,777300.250000,
1.484000,0.456300,0.240970,5.260250,258.219910,-368.677550,777325.500000,
1.486000,0.331970,0.446040,6.613770,258.251130,-368.678130,777350.812500,
1.488000,0.644710,0.657530,6.449710,258.281740,-368.676510,777376.125000,1.000000
1.490000,0.833130,0.779300,4.952640,258.312870,-368.676060,777401.375000,
1.492000,0.679320,0.540890,3.363280,258.345000,-368.676880,777426.750000,
1.494000,0.296080,0.484500,5.219240,258.377010,-368.677520,777452.062500,
1.496000,0.321720,0.626770,6.839360,258.408110,-368.677610,777477.312500,1.000000
1.498000,0.737000,0.749820,7.639160,258.439090,-368.676450,777502.562500,
1.500000,0.935670,0.803650,5.896000,258.470550,-368.676240,777527.875000,
1.502000,0.752380,0.483220,4.686040,258.503050,-368.676640,777553.187500,
1.504000,0.364010,0.465270,6.121580,258.535190,-368.677800,777578.437500,1.000000
1.506000,0.452450,0.690860,6.418950,258.565950,-368.677700,777603.750000,
1.508000,0.792110,0.817750,6.572750,258.596890,-368.676090,777629.000000,
1.510000,0.844670,0.719060,4.993650,258.628910,-368.676240,777654.375000,
1.512000,0.552430,0.261470,4.942380,258.662140,-368.677370,777679.687500,1.000000
1.514000,0.310180,0.320430,6.265140,258.694060,-368.678440,777704.937500,
1.516000,0.581910,0.534480,6.613770,258.724760,-368.677060,777730.187500,
1.518000,0.844670,0.672910,5.455080,258.755740,-368.676030,777755.562500,
1.520000,0.722900,0.562680,3.834960,258.787660,-368.676730,777780.875000,1.000000
1.522000,0.399900,0.364010,4.962890,258.819820,-368.677340,777806.187500,
1.524000,0.264040,0.569090,6.808590,258.850920,-368.677760,777831.437500,
1.526000,0.657530,0.676760,7.413570,258.881840,-368.676730,777856.687500,
1.528000,0.967710,0.797240,6.193360,258.912960,-368.676240,777882.000000,1.000000
1.530000,0.828000,0.530640,4.798830,258.945310,-368.676300,777907.312500,
1.532000,0.447330,0.372990,5.978030,258.977660,-368.677490,777932.625000,
1.534000,0.378110,0.597290,6.726560,259.008700,-368.677920,777957.875000,
1.536000,0.733150,0.794680,6.777830,259.039400,-368.676210,777983.187500,1.000000
1.538000,0.862610,0.793400,5.383300,259.070830,-368.675960,778008.500000,
1.540000,0.631900,0.390930,4.337400,259.103820,-368.676910,778033.812500,
1.542000,0.351200,0.333250,5.649900,259.136080,-368.678310,778059.062500,
1.544000,0.497310,0.533200,6.541990,259.166840,-368.677460,778084.375000,1.000000
1.546000,0.802370,0.717770,6.244630,259.197660,-368.675960,778109.625000,
1.548000,0.790830,0.692140,4.286130,259.229190,-368.676510,778135.000000,
1.550000,0.479370,0.424260,4.327150,259.261600,-368.677120,778160.312500,
1.552000,0.230710,0.572940,6.306150,259.292850,-368.677860,778185.562500,1.000000
1.554000,0.566530,0.715210,7.290530,259.323790,-368.677000,778210.875000,
1.556000,0.889530,0.847230,6.357420,259.354890,-368.676360,778236.187500,
1.558000,0.892090,0.671630,4.819340,259.386990,-368.676390,778261.437500,
1.560000,0.543460,0.401180,5.772950,259.419740,-368.677060,778286.750000,1.000000
1.562000,0.342220,0.576780,6.736820,259.451110,-368.678130,778312.062500,
1.564000,0.681880,0.807500,7.064940,259.481840,-368.676670,778337.312500,
1.566000,0.847230,0.852360,5.783200,259.513240,-368.675900,778362.625000,
1.568000,0.725460,0.499880,4.327150,259.546110,-368.676640,778387.937500,1.000000
1.570000,0.401180,0.288390,5.465330,259.578890,-368.678010,778413.187500,
1.572000,0.439640,0.534480,6.839360,259.609920,-368.678040,778438.500000,
1.574000,0.766480,0.692140,6.490720,259.640560,-368.676090,778463.812500,
1.576000,0.829280,0.775450,4.952640,259.671910,-368.676330,778489.125000,1.000000
1.578000,0.570370,0.472960,3.906740,259.704350,-368.677090,778514.437500,
1.580000,0.261470,0.510130,5.824220,259.736020,-368.677760,778539.750000,
1.582000,0.455020,0.642150,7.300780,259.767060,-368.677340,778565.000000,
1.584000,0.845950,0.799800,6.726560,259.798130,-368.676390,778590.250000,1.000000
1.586000,0.954900,0.702390,5.414060,259.829860,-368.676480,778615.625000,
1.588000,0.631900,0.424260,5.280760,259.862580,-368.676820,778640.875000,
1.590000,0.344790,0.483220,6.675290,259.894350,-368.678070,778666.187500,
1.592000,0.579350,0.730590,6.757320,259.925080,-368.677190,778691.437500,1.000000
1.594000,0.860050,0.867740,6.244630,259.956210,-368.675870,778716.750000,
1.596000,0.781860,0.601140,4.316890,259.988680,-368.676510,778742.062500,
1.598000,0.456300,0.257630,5.106450,260.021820,-368.677670,778767.375000,
1.600000,0.375550,0.451170,6.767580,260.053160,-368.678190,778792.625000,1.000000
1.602000,0.716490,0.626770,6.439450,260.083980,-368.676450,778817.937500,
1.604000,0.844670,0.775450,5.106450,260.114960,-368.676150,778843.250000,
1.606000,0.651120,0.548580,3.558110,260.147060,-368.676820,778868.562500,
1.608000,0.308900,0.513980,5.332030,260.178960,-368.677610,778893.875000,1.000000
1.610000,0.371700,0.652400,7.003420,260.209960,-368.677550,778919.187500,
1.612000,0.785710,0.769040,7.229000,260.240940,-368.676330,778944.437500,
1.614000,0.951050,0.753660,5.896000,260.272610,-368.676240,778969.687500,
1.616000,0.728030,0.393490,4.839840,260.305390,-368.676640,778995.062500,1.000000
1.618000,0.378110,0.390930,6.429200,260.337650,-368.677920,779020.312500,
1.620000,0.515260,0.615230,6.500980,260.368560,-368.677550,779045.562500,
1.622000,0.819030,0.766480,6.408690,260.399510,-368.676060,779070.875000,
1.624000,0.834410,0.658810,4.798830,260.431670,-368.676270,779096.187500,1.000000
1.626000,0.558840,0.216610,5.198730,260.464940,-368.677430,779121.500000,
1.628000,0.357600,0.315310,6.675290,260.496610,-368.678440,779146.812500,
1.630000,0.629330,0.588320,6.788090,260.527130,-368.676910,779172.125000,
1.632000,0.858760,0.786990,5.373050,260.557830,-368.675990,779197.375000,1.000000
1.634000,0.716490,0.672910,3.670900,260.589450,-368.676670,779222.750000,
1.636000,0.384520,0.557560,4.911620,260.621310,-368.677340,779248.000000,
1.638000,0.314030,0.765200,6.900880,260.652160,-368.677730,779273.250000,
1.640000,0.694700,0.860050,7.352050,260.683040,-368.676540,779298.562500,1.000000
1.642000,0.960020,0.924130,6.541990,260.714420,-368.676180,779323.875000,
1.644000,0.806210,0.558840,4.778320,260.747220,-368.676360,779349.187500,
1.646000,0.429380,0.420410,5.875490,260.779880,-368.677610,779374.500000,
1.648000,0.421690,0.606260,6.367680,260.811250,-368.677890,779399.750000,1.000000
1.650000,0.752380,0.758790,6.603520,260.842320,-368.676210,779425.000000,
1.652000,0.860050,0.737000,5.424320,260.874110,-368.675990,779450.312500,
1.654000,0.620360,0.306340,4.809080,260.907440,-368.677000,779475.687500,
1.656000,0.356320,0.297360,6.131840,260.939670,-368.678380,779500.937500,1.000000
1.658000,0.533200,0.526790,6.449710,260.970340,-368.677280,779526.187500,
1.660000,0.820310,0.775450,5.988280,261.000950,-368.675810,779551.562500,
1.662000,0.749820,0.762630,3.763180,261.032350,-368.676450,779576.812500,
1.664000,0.457580,0.525510,4.491210,261.064480,-368.677120,779602.187500,1.000000
1.666000,0.257630,0.703670,6.593260,261.095610,-368.677760,779627.500000,
1.668000,0.608830,0.774170,7.423830,261.126650,-368.676850,779652.687500,
1.670000,0.919010,0.884400,6.470210,261.157870,-368.676240,779678.000000,
1.672000,0.861330,0.657530,4.439940,261.190220,-368.676240,779703.312500,1.000000
1.674000,0.510130,0.403750,5.711430,261.222960,-368.677150,779728.562500,
1.676000,0.356320,0.576780,6.398440,261.254460,-368.678040,779753.875000,
1.678000,0.719060,0.745970,7.157230,261.285490,-368.676510,779779.187500,
1.680000,0.862610,0.721620,5.793460,261.317200,-368.675900,779804.437500,1.000000
1.682000,0.699830,0.329410,4.532230,261.350370,-368.676610,779829.812500,
1.684000,0.407590,0.151250,5.690920,261.383120,-368.678040,779855.125000,
1.686000,0.488340,0.444760,6.306150,261.413910,-368.677760,779880.375000,
1.688000,0.774170,0.690860,6.429200,261.444210,-368.675930,779905.625000,1.000000
1.690000,0.812620,0.828000,4.532230,261.475160,-368.676240,779931.000000,
1.692000,0.540890,0.524230,4.275880,261.507350,-368.677030,779956.312500,
1.694000,0.265320,0.613950,5.916500,261.538760,-368.677760,779981.562500,
1.696000,0.505000,0.725460,7.362300,261.569700,-368.677090,780006.875000,1.000000
1.698000,0.862610,0.883120,6.583010,261.600770,-368.676330,780032.125000,
1.700000,0.929260,0.751100,4.819340,261.632660,-368.676360,780057.437500,
1.702000,0.596010,0.462710,5.639650,261.665560,-368.676820,780082.750000,
1.704000,0.343510,0.552430,6.439450,261.697270,-368.678070,780108.062500,1.000000
1.706000,0.599850,0.774170,7.177730,261.728120,-368.677030,780133.312500,
1.708000,0.844670,0.862610,6.142090,261.759550,-368.675960,780158.625000,
1.710000,0.765200,0.525510,4.521970,261.792300,-368.676510,780183.937500,
1.712000,0.434510,0.214050,5.301270,261.825410,-368.677730,780209.250000,1.000000
1.714000,0.394780,0.461430,6.541990,261.856540,-368.678040,780234.500000,
1.716000,0.744690,0.669070,6.531740,261.887080,-368.676240,780259.812500,
1.718000,0.835690,0.815190,4.932130,261.917940,-368.676060,780285.125000,
1.720000,0.606260,0.561400,3.793950,261.950200,-368.676760,780310.500000,1.000000
1.722000,0.298650,0.544740,5.465330,261.982030,-368.677610,780335.750000,
1.724000,0.399900,0.687010,7.075200,262.013090,-368.677400,780361.000000,
1.726000,0.822880,0.799800,7.300780,262.044220,-368.676270,780386.312500,
1.728000,0.967710,0.760070,5.321780,262.075990,-368.676270,780411.625000,1.000000
1.730000,0.688290,0.414000,5.034670,262.108890,-368.676700,780436.875000,
1.732000,0.375550,0.426820,6.572750,262.141080,-368.677950,780462.187500,
1.734000,0.535770,0.643430,6.716310,262.171970,-368.677370,780487.500000,
1.736000,0.834410,0.806210,6.336910,262.202940,-368.675960,780512.750000,1.000000
1.738000,0.808780,0.678040,4.675780,262.235110,-368.676330,780538.062500,
1.740000,0.535770,0.292240,5.352540,262.268070,-368.677430,780563.375000,
1.742000,0.372990,0.438350,6.470210,262.299410,-368.678190,780588.687500,
1.744000,0.656250,0.679320,6.870120,262.329930,-368.676610,780613.937500,1.000000
1.746000,0.847230,0.828000,5.250000,262.360690,-368.675900,780639.312500,
1.748000,0.685730,0.634460,3.906740,262.392640,-368.676570,780664.562500,
1.750000,0.355040,0.515260,4.891110,262.424770,-368.677310,780689.937500,
1.752000,0.331970,0.667790,6.900880,262.455960,-368.677610,780715.187500,1.000000
1.754000,0.717770,0.748540,7.321290,262.487210,-368.676420,780740.437500,
1.756000,0.951050,0.803650,6.183110,262.518740,-368.676210,780765.750000,
1.758000,0.778020,0.447330,5.034670,262.551570,-368.676480,780791.062500,
1.760000,0.401180,0.362730,5.967770,262.584110,-368.677730,780816.312500,1.000000
1.762000,0.437070,0.567810,6.900880,262.615230,-368.677760,780841.625000,
1.764000,0.765200,0.761350,6.336910,262.646030,-368.676090,780866.937500,
1.766000,0.851070,0.765200,5.219240,262.677640,-368.675990,780892.187500,
1.768000,0.594730,0.340940,4.778320,262.710660,-368.677060,780917.500000,1.000000
1.770000,0.346070,0.387080,6.347170,262.742520,-368.678310,780942.812500,
1.772000,0.553710,0.607540,6.736820,262.772980,-368.677000,780968.062500,
1.774000,0.840820,0.829280,5.731930,262.803650,-368.675750,780993.375000,
1.776000,0.717770,0.726750,3.875980,262.835270,-368.676480,781018.750000,1.000000
1.778000,0.435790,0.461430,4.296390,262.867650,-368.677120,781044.000000,
1.780000,0.266600,0.607540,6.521480,262.899050,-368.677700,781069.312500,
1.782000,0.634460,0.663940,7.352050,262.930330,-368.676790,781094.625000,
1.784000,0.943360,0.756230,6.583010,262.961760,-368.676240,781119.875000,1.000000
1.786000,0.828000,0.510130,4.727050,262.994290,-368.676240,781145.187500,
1.788000,0.478090,0.320430,5.690920,263.026860,-368.677310,781170.500000,
1.790000,0.361450,0.566530,6.531740,263.058010,-368.677980,781195.750000,
1.792000,0.719060,0.807500,6.706050,263.088650,-368.676300,781221.062500,1.000000
1.794000,0.863890,0.817750,5.680660,263.119960,-368.675810,781246.375000,
1.796000,0.669070,0.447330,4.562990,263.152860,-368.676640,781271.625000,
1.798000,0.390930,0.337100,6.060060,263.185210,-368.678040,781296.937500,
1.800000,0.497310,0.580630,6.439450,263.215910,-368.677490,781322.250000,1.000000
1.802000,0.778020,0.798520,6.070310,263.246430,-368.675810,781347.562500,
1.804000,0.785710,0.851070,4.368160,263.277710,-368.676240,781372.875000,
1.806000,0.511410,0.543460,4.122070,263.310090,-368.677060,781398.187500,
1.808000,0.258910,0.634460,6.449710,263.341610,-368.677760,781423.437500,1.000000
1.810000,0.540890,0.690860,7.434080,263.372890,-368.677060,781448.750000,
1.812000,0.871580,0.789550,6.818850,263.404300,-368.676360,781474.000000,
1.814000,0.902340,0.619080,4.634770,263.436520,-368.676360,781499.312500,
1.816000,0.562680,0.365300,5.393550,263.469360,-368.676910,781524.625000,1.000000
1.818000,0.329410,0.519100,6.500980,263.500820,-368.678040,781549.937500,
1.820000,0.612670,0.775450,7.085450,263.531520,-368.676760,781575.187500,
1.822000,0.830570,0.852360,6.254880,263.562840,-368.675810,781600.500000,
1.824000,0.744690,0.511410,4.562990,263.595520,-368.676480,781625.812500,1.000000
1.826000,0.411440,0.247380,5.352540,263.628390,-368.677760,781651.125000,
1.828000,0.407590,0.501160,6.347170,263.659480,-368.677980,781676.375000,
1.830000,0.742130,0.666500,6.316410,263.690060,-368.676120,781701.687500,
1.832000,0.815190,0.804930,4.757810,263.721160,-368.676150,781727.000000,1.000000
1.834000,0.570370,0.512700,4.029790,263.753510,-368.676910,781752.312500,
1.836000,0.273010,0.515260,5.875490,263.785340,-368.677760,781777.625000,
1.838000,0.412720,0.638310,7.177730,263.816440,-368.677400,781802.875000,
1.840000,0.831850,0.779300,7.023930,263.847440,-368.676330,781828.125000,1.000000
1.842000,0.951050,0.719060,4.921880,263.879150,-368.676330,781853.500000,
1.844000,0.644710,0.405030,5.106450,263.911870,-368.676730,781878.812500,
1.846000,0.351200,0.456300,6.459960,263.943730,-368.678010,781904.062500,
1.848000,0.538330,0.707520,6.941890,263.974330,-368.677190,781929.312500,1.000000
1.850000,0.836980,0.860050,6.429200,264.005310,-368.675870,781954.625000,
1.852000,0.776730,0.637020,4.480960,264.037630,-368.676360,781979.937500,
1.854000,0.489620,0.252500,5.178220,264.070770,-368.677490,782005.250000,
1.856000,0.372990,0.421690,6.101070,264.102140,-368.678130,782030.562500,1.000000
1.858000,0.676760,0.652400,6.941890,264.132870,-368.676510,782055.812500,
1.860000,0.819030,0.792110,5.147460,264.163760,-368.676060,782081.125000,
1.862000,0.657530,0.584470,3.927250,264.195860,-368.676670,782106.500000,
1.864000,0.317870,0.512700,5.188480,264.227870,-368.677460,782131.750000,1.000000
1.866000,0.334530,0.675480,6.757320,264.258910,-368.677610,782157.062500,
1.868000,0.733150,0.797240,7.454590,264.289890,-368.676360,782182.312500,
1.870000,0.934390,0.858760,5.721680,264.321290,-368.676180,782207.562500,
1.872000,0.748540,0.519100,4.952640,264.353820,-368.676510,782232.937500,1.000000
1.874000,0.370420,0.519100,6.285640,264.385890,-368.677760,782258.250000,
1.876000,0.442200,0.722900,6.788090,264.416780,-368.677610,782283.500000,
1.878000,0.771610,0.844670,6.418950,264.447750,-368.676060,782308.750000,
1.880000,0.829280,0.737000,4.788570,264.479890,-368.676120,782334.125000,1.000000
1.882000,0.565250,0.248660,4.952640,264.513340,-368.677250,782359.375000,
1.884000,0.340940,0.287110,6.295900,264.545410,-368.678410,782384.687500,
1.886000,0.588320,0.513980,6.747070,264.576110,-368.676940,782410.000000,
1.888000,0.847230,0.725460,5.680660,264.607030,-368.675870,782435.250000,1.000000
1.890000,0.699830,0.608830,3.916990,264.638760,-368.676610,782460.625000,
1.892000,0.401180,0.435790,4.655270,264.670870,-368.677250,782485.937500,
1.894000,0.270450,0.630620,6.480470,264.701900,-368.677760,782511.187500,
1.896000,0.658810,0.749820,7.352050,264.732790,-368.676670,782536.437500,1.000000
1.898000,0.957460,0.875430,6.377930,264.763850,-368.676150,782561.750000,
1.900000,0.811340,0.610110,5.085940,264.796170,-368.676240,782587.062500,
1.902000,0.443480,0.455020,5.670410,264.828460,-368.677400,782612.375000,
1.904000,0.378110,0.688290,6.736820,264.859500,-368.677890,782637.625000,1.000000
1.906000,0.730590,0.861330,6.521480,264.890290,-368.676180,782662.937500,
1.908000,0.856200,0.811340,5.485840,264.921910,-368.675870,782688.250000,
1.910000,0.634460,0.362730,4.470700,264.955230,-368.676790,782713.562500,
1.912000,0.365300,0.246090,5.998540,264.987880,-368.678220,782738.812500,1.000000
1.914000,0.510130,0.437070,6.777830,265.018830,-368.677400,782764.125000,
1.916000,0.790830,0.670350,5.947270,265.049500,-368.675810,782789.437500,
1.918000,0.769040,0.694700,4.296390,265.080960,-368.676390,782814.750000,
1.920000,0.480650,0.407590,4.152830,265.113310,-368.677120,782840.062500,1.000000
1.922000,0.239690,0.562680,6.244630,265.144560,-368.677800,782865.375000,
1.924000,0.570370,0.672910,7.280270,265.175480,-368.676940,782890.625000,
1.926000,0.885680,0.833130,6.962400,265.206480,-368.676300,782915.875000,
1.928000,0.879270,0.656250,4.870610,265.238460,-368.676300,782941.187500,1.000000
1.930000,0.531920,0.394780,5.496090,265.271120,-368.677000,782966.500000,
1.932000,0.334530,0.551150,6.736820,265.302490,-368.678040,782991.750000,
1.934000,0.663940,0.769040,6.849610,265.333220,-368.676640,783017.062500,
1.936000,0.834410,0.812620,6.080570,265.364620,-368.675870,783042.375000,1.000000
1.938000,0.720340,0.447330,4.593750,265.397430,-368.676540,783067.687500,
1.940000,0.403750,0.233280,5.721680,265.430180,-368.677950,783093.000000,
1.942000,0.446040,0.481930,6.839360,265.461210,-368.677980,783118.250000,
1.944000,0.751100,0.625490,6.080570,265.491850,-368.676090,783143.562500,1.000000
1.946000,0.812620,0.733150,4.747560,265.523010,-368.676210,783168.875000,
1.948000,0.552430,0.440920,3.865720,265.555390,-368.677000,783194.187500,
1.950000,0.255070,0.513980,6.224120,265.586880,-368.677760,783219.500000,
1.952000,0.447330,0.660100,7.229000,265.617740,-368.677250,783244.750000,1.000000
1.954000,0.835690,0.817750,7.085450,265.648680,-368.676330,783270.062500,
1.956000,0.933110,0.731870,4.860350,265.680390,-368.676360,783295.312500,
1.958000,0.615230,0.437070,4.870610,265.713070,-368.676790,783320.687500,
1.960000,0.333250,0.498600,6.398440,265.744840,-368.678040,783345.937500,1.000000
1.962000,0.558840,0.728030,6.767580,265.775600,-368.677090,783371.187500,
1.964000,0.835690,0.848510,6.583010,265.806820,-368.675900,783396.500000,
1.966000,0.763920,0.584470,4.583500,265.839320,-368.676450,783421.875000,
1.968000,0.455020,0.239690,5.250000,265.872440,-368.677640,783447.125000,1.000000
1.970000,0.383240,0.437070,6.367680,265.903690,-368.678160,783472.375000,
1.972000,0.710080,0.652400,6.398440,265.934330,-368.676420,783497.687500,
1.974000,0.813900,0.793400,5.024410,265.965150,-368.676060,783523.000000,
1.976000,0.625490,0.578060,3.855470,265.997160,-368.676700,783548.375000,1.000000
1.978000,0.297360,0.533200,5.742190,266.029020,-368.677520,783573.687500,
1.980000,0.369140,0.669070,6.972660,266.060060,-368.677520,783598.875000,
1.982000,0.769040,0.757510,7.177730,266.091190,-368.676330,783624.187500,
1.984000,0.934390,0.744690,5.516600,266.122860,-368.676240,783649.500000,1.000000
1.986000,0.716490,0.380680,4.634770,266.155670,-368.676640,783674.750000,
1.988000,0.362730,0.381960,6.541990,266.187990,-368.677890,783700.062500,
1.990000,0.487060,0.588320,6.952150,266.218930,-368.677520,783725.375000,
1.992000,0.799800,0.731870,6.685550,266.249940,-368.676090,783750.625000,1.000000
1.994000,0.821590,0.625490,4.716800,266.282070,-368.676300,783775.937500,
1.996000,0.552430,0.179440,4.962890,266.315310,-368.677400,783801.312500,
1.998000,0.356320,0.275570,6.265140,266.346920,-368.678380,783826.562500,
2.000000,0.625490,0.556270,6.541990,266.377320,-368.676790,783851.812500,1.000000
2.002000,0.848510,0.785710,5.865230,266.407840,-368.675840,783877.187500,
2.004000,0.693420,0.663940,3.927250,266.439360,-368.676570,783902.437500,
2.006000,0.371700,0.528080,4.901370,266.471190,-368.677250,783927.812500,
2.008000,0.310180,0.688290,6.316410,266.502170,-368.677670,783953.062500,1.000000
2.010000,0.692140,0.740840,7.259770,266.533260,-368.676570,783978.312500,
2.012000,0.957460,0.784420,5.988280,266.564790,-368.676150,784003.625000,
2.014000,0.802370,0.442200,5.024410,266.597500,-368.676330,784028.937500,
2.016000,0.422970,0.335820,6.131840,266.629940,-368.677550,784054.250000,1.000000
2.018000,0.410160,0.556270,6.593260,266.661160,-368.677860,784079.500000,
2.020000,0.744690,0.720340,6.654790,266.692080,-368.676210,784104.812500,
2.022000,0.852360,0.688290,4.911620,266.723750,-368.675960,784130.125000,
2.024000,0.615230,0.278140,4.583500,266.756900,-368.676970,784155.437500,1.000000
2.026000,0.351200,0.265320,6.008790,266.789060,-368.678310,784180.687500,
2.028000,0.533200,0.502440,6.921390,266.819550,-368.677190,784206.000000,
2.030000,0.815190,0.763920,6.019040,266.850040,-368.675720,784231.250000,
2.032000,0.747250,0.756230,4.101560,266.881350,-368.676360,784256.625000,1.000000
2.034000,0.453740,0.481930,4.245120,266.913510,-368.677060,784281.937500,
2.036000,0.247380,0.639590,6.029300,266.944700,-368.677730,784307.187500,
2.038000,0.606260,0.707520,7.300780,266.975770,-368.676850,784332.500000,
2.040000,0.917720,0.812620,6.634280,267.007020,-368.676240,784357.812500,1.000000
2.042000,0.858760,0.584470,4.962890,267.039370,-368.676270,784383.062500,
2.044000,0.507570,0.326840,5.772950,267.072140,-368.677150,784408.375000,
2.046000,0.347350,0.488340,6.562500,267.103640,-368.678040,784433.687500,
2.048000,0.708800,0.674190,6.849610,267.134610,-368.676510,784458.937500,1.000000
2.050000,0.854920,0.679320,5.639650,267.166200,-368.675900,784484.250000,
2.052000,0.695980,0.326840,4.460450,267.199100,-368.676570,784509.562500,
2.054000,0.401180,0.184570,5.793460,267.231630,-368.677980,784534.812500,
2.056000,0.485780,0.457580,6.890630,267.262420,-368.677730,784560.125000,1.000000
2.058000,0.771610,0.658810,6.142090,267.292790,-368.675930,784585.437500,
2.060000,0.810060,0.774170,4.357910,267.323790,-368.676210,784610.750000,
2.062000,0.535770,0.456300,4.152830,267.356140,-368.677000,784636.062500,
2.064000,0.260190,0.533200,5.875490,267.387510,-368.677760,784661.375000,1.000000
2.066000,0.493470,0.653690,7.280270,267.418490,-368.677090,784686.625000,
2.068000,0.860050,0.811340,6.900880,267.449520,-368.676360,784711.875000,
2.070000,0.925420,0.689580,5.065430,267.481350,-368.676390,784737.250000,
2.072000,0.588320,0.403750,5.126950,267.514100,-368.676850,784762.500000,1.000000
2.074000,0.335820,0.479370,6.398440,267.545810,-368.678070,784787.812500,
2.076000,0.594730,0.697270,7.034180,267.576630,-368.677000,784813.062500,
2.078000,0.839540,0.786990,6.080570,267.607970,-368.675840,784838.375000,
2.080000,0.757510,0.458860,4.757810,267.640690,-368.676450,784863.687500,1.000000
2.082000,0.430660,0.153810,5.229490,267.673740,-368.677700,784889.000000,
2.084000,0.384520,0.407590,6.583010,267.704860,-368.678040,784914.250000,
2.086000,0.734440,0.602420,6.336910,267.735410,-368.676210,784939.562500,
2.088000,0.824160,0.733150,4.675780,267.766390,-368.676090,784964.937500,1.000000
2.090000,0.599850,0.475520,3.834960,267.798610,-368.676790,784990.187500,
2.092000,0.296080,0.456300,5.516600,267.830470,-368.677610,785015.500000,
2.094000,0.403750,0.596010,7.546880,267.861510,-368.677460,785040.812500,
2.096000,0.819030,0.710080,6.911130,267.892610,-368.676300,785066.062500,1.000000
2.098000,0.954900,0.681880,5.578130,267.924260,-368.676240,785091.375000,
2.100000,0.681880,0.355040,4.891110,267.956940,-368.676670,785116.687500,
2.102000,0.364010,0.397340,6.142090,267.988920,-368.677950,785141.937500,
2.104000,0.526790,0.634460,7.054690,268.019620,-368.677340,785167.187500,1.000000
2.106000,0.822880,0.798520,6.603520,268.050420,-368.675960,785192.500000,
2.108000,0.795960,0.654970,4.973140,268.082550,-368.676300,785217.812500,
2.110000,0.533200,0.214050,5.024410,268.115660,-368.677430,785243.125000,
2.112000,0.372990,0.334530,6.439450,268.147190,-368.678220,785268.437500,1.000000
2.114000,0.653690,0.578060,6.408690,268.177760,-368.676640,785293.750000,
2.116000,0.838260,0.733150,5.270510,268.208590,-368.675930,785319.000000,
2.118000,0.670350,0.572940,4.081050,268.240450,-368.676610,785344.375000,
2.120000,0.353760,0.469120,5.198730,268.272490,-368.677340,785369.625000,1.000000
2.122000,0.335820,0.626770,7.034180,268.303590,-368.677640,785394.937500,
2.124000,0.713930,0.719060,7.085450,268.334690,-368.676450,785420.187500,
2.126000,0.947200,0.789550,6.039550,268.366120,-368.676180,785445.500000,
2.128000,0.774170,0.452450,4.757810,268.398770,-368.676450,785470.812500,1.000000
2.130000,0.398620,0.397340,6.080570,268.431120,-368.677640,785496.125000,
2.132000,0.430660,0.601140,7.044430,268.462190,-368.677760,785521.375000,
2.134000,0.754940,0.767760,6.747070,268.493040,-368.676090,785546.625000,
2.136000,0.844670,0.737000,5.055180,268.524780,-368.675990,785572.000000,1.000000
2.138000,0.597290,0.285830,4.521970,268.557920,-368.677090,785597.312500,
2.140000,0.352480,0.297360,6.019040,268.589970,-368.678380,785622.562500,
2.142000,0.553710,0.515260,6.716310,268.620510,-368.677060,785647.875000,
2.144000,0.835690,0.731870,5.896000,268.651210,-368.675750,785673.187500,1.000000
2.146000,0.712650,0.639590,4.265630,268.682860,-368.676510,785698.500000,
2.148000,0.434510,0.370420,4.409180,268.715210,-368.677190,785723.812500,
2.150000,0.269170,0.554990,6.347170,268.746460,-368.677730,785749.125000,
2.152000,0.639590,0.626770,7.116210,268.777590,-368.676790,785774.312500,1.000000
2.154000,0.945920,0.742130,6.408690,268.808810,-368.676240,785799.625000,
2.156000,0.829280,0.501160,4.983400,268.841190,-368.676240,785825.000000,
2.158000,0.479370,0.289670,6.111330,268.873780,-368.677310,785850.250000,
2.160000,0.361450,0.510130,6.859860,268.905030,-368.678010,785875.500000,1.000000
2.162000,0.719060,0.711360,6.726560,268.935760,-368.676360,785900.812500,
2.164000,0.866460,0.713930,5.465330,268.967160,-368.675840,785926.062500,
2.166000,0.674190,0.347350,4.265630,269.000030,-368.676640,785951.437500,
2.168000,0.394780,0.233280,5.906250,269.032380,-368.678070,785976.750000,1.000000
2.170000,0.501160,0.494750,6.890630,269.062990,-368.677580,786002.000000,
2.172000,0.783140,0.711360,6.316410,269.093380,-368.675810,786027.312500,
2.174000,0.789550,0.776730,4.501460,269.124570,-368.676270,786052.625000,
2.176000,0.511410,0.449890,4.040040,269.156920,-368.677090,786077.937500,1.000000
2.178000,0.261470,0.552430,5.967770,269.188350,-368.677830,786103.250000,
2.180000,0.543460,0.637020,7.095700,269.219510,-368.677060,786128.500000,
2.182000,0.876710,0.762630,7.023930,269.250700,-368.676330,786153.750000,
2.184000,0.906190,0.630620,4.932130,269.282710,-368.676360,786179.062500,1.000000
2.186000,0.566530,0.360170,5.547360,269.315490,-368.676910,786204.437500,
2.188000,0.328130,0.503720,6.347170,269.347020,-368.678040,786229.687500,
2.190000,0.617800,0.733150,7.013670,269.377810,-368.676850,786254.937500,
2.192000,0.838260,0.812620,5.844730,269.409150,-368.675900,786280.250000,1.000000
2.194000,0.745970,0.485780,4.460450,269.441800,-368.676510,786305.562500,
2.196000,0.411440,0.202510,5.701170,269.474730,-368.677860,786330.875000,
2.198000,0.399900,0.469120,6.603520,269.505860,-368.678040,786356.187500,
2.200000,0.743410,0.625490,6.357420,269.536470,-368.676150,786381.437500,1.000000
2.202000,0.819030,0.765200,4.357910,269.567540,-368.676120,786406.750000,
2.204000,0.570370,0.499880,3.732420,269.599790,-368.676910,786432.125000,
2.206000,0.275570,0.493470,5.885740,269.631590,-368.677760,786457.375000,
2.208000,0.416560,0.625490,7.239260,269.662660,-368.677400,786482.625000,1.000000
2.210000,0.839540,0.729310,7.249510,269.693850,-368.676300,786507.937500,
2.212000,0.953610,0.674190,5.547360,269.725590,-368.676330,786533.250000,
2.214000,0.643430,0.366580,4.798830,269.758360,-368.676730,786558.562500,
2.216000,0.348630,0.412720,6.162600,269.790220,-368.678010,786583.812500,1.000000
2.218000,0.535770,0.671630,6.767580,269.820920,-368.677250,786609.125000,
2.220000,0.835690,0.820310,6.521480,269.851900,-368.675960,786634.375000,
2.222000,0.775450,0.620360,4.839840,269.884220,-368.676390,786659.750000,
2.224000,0.496030,0.198670,5.332030,269.917450,-368.677520,786685.000000,1.000000
2.226000,0.374270,0.372990,6.459960,269.948880,-368.678190,786710.250000,
2.228000,0.672910,0.610110,6.429200,269.979580,-368.676540,786735.562500,
2.230000,0.816470,0.762630,4.891110,270.010410,-368.675990,786760.937500,
2.232000,0.648560,0.578060,3.814450,270.042390,-368.676670,786786.250000,1.000000
2.234000,0.317870,0.484500,5.250000,270.074460,-368.677490,786811.562500,
2.236000,0.335820,0.652400,7.259770,270.105500,-368.677670,786836.812500,
2.238000,0.731870,0.757510,7.300780,270.136540,-368.676390,786862.062500,
2.240000,0.931820,0.804930,5.824220,270.168060,-368.676150,786887.375000,1.000000
2.242000,0.744690,0.449890,4.870610,270.200710,-368.676510,786912.687500,
2.244000,0.369140,0.426820,5.896000,270.233000,-368.677760,786937.937500,
2.246000,0.439640,0.622920,6.767580,270.264010,-368.677640,786963.250000,
2.248000,0.770320,0.735720,6.695800,270.295140,-368.676120,786988.562500,1.000000
2.250000,0.830570,0.652400,5.116700,270.327210,-368.676180,787013.812500,
2.252000,0.566530,0.203800,4.675780,270.360530,-368.677280,787039.187500,
2.254000,0.337100,0.247380,6.224120,270.392490,-368.678410,787064.437500,
2.256000,0.580630,0.526790,6.562500,270.422970,-368.676910,787089.687500,1.000000
2.258000,0.839540,0.728030,5.362790,270.453740,-368.675810,787115.062500,
2.260000,0.695980,0.628050,4.183590,270.485410,-368.676610,787140.375000,
2.262000,0.398620,0.401180,4.727050,270.517640,-368.677250,787165.687500,
2.264000,0.269170,0.617800,6.695800,270.548740,-368.677760,787190.937500,1.000000
2.266000,0.660100,0.713930,7.259770,270.579680,-368.676700,787216.250000,
2.268000,0.957460,0.853640,6.152340,270.610780,-368.676210,787241.500000,
2.270000,0.811340,0.603700,4.819340,270.643040,-368.676240,787266.812500,
2.272000,0.446040,0.448610,5.731930,270.675320,-368.677370,787292.125000,1.000000
2.274000,0.367860,0.654970,6.900880,270.706510,-368.677890,787317.375000,
2.276000,0.716490,0.812620,6.859860,270.737460,-368.676240,787342.687500,
2.278000,0.849790,0.775450,5.465330,270.769100,-368.675900,787368.000000,
2.280000,0.639590,0.365300,4.327150,270.802340,-368.676790,787393.312500,1.000000
2.282000,0.366580,0.248660,5.947270,270.834960,-368.678220,787418.625000,
2.284000,0.511410,0.476810,6.583010,270.865810,-368.677460,787443.875000,
2.286000,0.794680,0.702390,6.234380,270.896550,-368.675840,787469.187500,
2.288000,0.766480,0.712650,4.501460,270.928040,-368.676360,787494.500000,1.000000
2.290000,0.479370,0.406310,4.224610,270.960540,-368.677190,787519.875000,
2.292000,0.235840,0.549870,6.265140,270.991910,-368.677800,787545.062500,
2.294000,0.569090,0.674190,7.177730,271.022890,-368.676970,787570.375000,
2.296000,0.890810,0.824160,6.675290,271.053890,-368.676330,787595.687500,1.000000
2.298000,0.892090,0.674190,4.870610,271.085910,-368.676360,787620.937500,
2.300000,0.542180,0.384520,5.865230,271.118560,-368.677000,787646.250000,
2.302000,0.326840,0.549870,6.962400,271.149990,-368.678010,787671.562500,
2.304000,0.652400,0.766480,6.921390,271.180730,-368.676670,787696.875000,1.000000
2.306000,0.834410,0.810060,5.721680,271.212190,-368.675900,787722.125000,
2.308000,0.725460,0.444760,4.368160,271.245030,-368.676540,787747.437500,
2.310000,0.402470,0.174320,5.588380,271.278050,-368.677950,787772.750000,
2.312000,0.442200,0.402470,6.962400,271.309270,-368.678040,787798.000000,1.000000
2.314000,0.754940,0.546020,6.429200,271.340000,-368.676150,787823.312500,
2.316000,0.816470,0.693420,4.614260,271.371120,-368.676240,787848.625000,
2.318000,0.556270,0.424260,3.732420,271.403380,-368.677060,787873.937500,
2.320000,0.253780,0.503720,5.854980,271.434810,-368.677830,787899.250000,1.000000
2.322000,0.442200,0.681880,6.982910,271.465610,-368.677310,787924.500000,
2.324000,0.843380,0.820310,7.146970,271.496550,-368.676360,787949.750000,
2.326000,0.944640,0.734440,5.526860,271.528230,-368.676390,787975.125000,
2.328000,0.621640,0.416560,5.106450,271.561040,-368.676790,788000.437500,1.000000
2.330000,0.333250,0.476810,6.326660,271.592830,-368.678040,788025.687500,
2.332000,0.554990,0.726750,6.654790,271.623600,-368.677120,788050.937500,
2.334000,0.840820,0.844670,6.408690,271.654790,-368.675930,788076.250000,
2.336000,0.770320,0.596010,4.521970,271.687260,-368.676510,788101.562500,1.000000
2.338000,0.458860,0.234560,5.619140,271.720400,-368.677670,788126.875000,
2.340000,0.379390,0.417850,6.777830,271.751770,-368.678220,788152.187500,
2.342000,0.710080,0.620360,6.480470,271.782500,-368.676450,788177.437500,
2.344000,0.820310,0.779300,4.942380,271.813350,-368.676090,788202.750000,1.000000
2.346000,0.631900,0.593440,3.414550,271.845310,-368.676730,788228.125000,
2.348000,0.298650,0.548580,5.690920,271.877140,-368.677580,788253.375000,
2.350000,0.356320,0.719060,7.034180,271.908050,-368.677610,788278.687500,
2.352000,0.763920,0.821590,7.669920,271.939180,-368.676360,788303.937500,1.000000
2.354000,0.933110,0.819030,5.721680,271.970790,-368.676240,788329.187500,
2.356000,0.721620,0.487060,4.819340,272.003570,-368.676640,788354.562500,
2.358000,0.366580,0.466550,6.008790,272.035890,-368.677890,788379.875000,
2.360000,0.484500,0.667790,6.665040,272.066990,-368.677550,788405.125000,1.000000
2.362000,0.790830,0.772890,6.736820,272.098240,-368.676120,788430.375000,
2.364000,0.816470,0.660100,4.921880,272.130550,-368.676360,788455.750000,
2.366000,0.549870,0.197390,5.178220,272.163970,-368.677460,788481.000000,
2.368000,0.346070,0.294800,6.193360,272.195740,-368.678410,788506.312500,1.000000
2.370000,0.615230,0.599850,6.716310,272.226140,-368.676850,788531.625000,
2.372000,0.845950,0.826720,5.157710,272.256650,-368.675900,788556.875000,
2.374000,0.688290,0.713930,3.978520,272.288180,-368.676640,788582.250000,
2.376000,0.374270,0.544740,5.003910,272.320130,-368.677310,788607.562500,1.000000
2.378000,0.306340,0.712650,6.695800,272.351140,-368.677700,788632.812500,
2.380000,0.689580,0.783140,7.393070,272.382200,-368.676570,788658.062500,
2.382000,0.957460,0.877990,5.834470,272.413600,-368.676150,788683.375000,
2.384000,0.792110,0.554990,5.024410,272.446230,-368.676330,788708.687500,1.000000
2.386000,0.420410,0.439640,5.619140,272.478820,-368.677520,788734.000000,
2.388000,0.401180,0.621640,7.034180,272.510160,-368.677920,788759.312500,
2.390000,0.737000,0.757510,6.839360,272.541380,-368.676300,788784.562500,
2.392000,0.849790,0.697270,5.526860,272.573270,-368.676090,788809.875000,1.000000
2.394000,0.616520,0.276860,4.542480,272.606570,-368.677030,788835.187500,
2.396000,0.353760,0.265320,5.834470,272.638790,-368.678310,788860.437500,
2.398000,0.529360,0.540890,6.798340,272.669250,-368.677250,788885.750000,
2.400000,0.810060,0.794680,5.906250,272.699740,-368.675750,788911.062500,1.000000
2.402000,0.743410,0.780580,4.286130,272.731020,-368.676390,788936.375000,
2.404000,0.452450,0.507570,4.614260,272.763180,-368.677150,788961.687500,
2.406000,0.246090,0.680600,6.367680,272.794280,-368.677730,788987.000000,
2.408000,0.601140,0.766480,7.259770,272.825290,-368.676820,789012.250000,1.000000
2.410000,0.911320,0.872860,6.347170,272.856480,-368.676240,789037.500000,
2.412000,0.861330,0.630620,4.716800,272.888890,-368.676300,789062.875000,
2.414000,0.506290,0.351200,5.629390,272.921750,-368.677190,789088.125000,
2.416000,0.340940,0.526790,7.034180,272.953340,-368.678040,789113.375000,1.000000
2.418000,0.703670,0.704960,7.034180,272.984380,-368.676640,789138.687500,
2.420000,0.852360,0.728030,5.834470,273.015990,-368.675960,789164.000000,
2.422000,0.703670,0.398620,4.357910,273.048800,-368.676640,789189.312500,
2.424000,0.401180,0.260190,5.434570,273.081270,-368.678040,789214.625000,1.000000
2.426000,0.479370,0.543460,6.695800,273.112000,-368.677800,789239.937500,
2.428000,0.765200,0.752380,6.131840,273.142300,-368.675960,789265.187500,
2.430000,0.806210,0.871580,4.850100,273.173310,-368.676210,789290.500000,
2.432000,0.538330,0.576780,3.958010,273.205510,-368.677030,789315.812500,1.000000
2.434000,0.258910,0.657530,5.916500,273.236910,-368.677760,789341.125000,
2.436000,0.494750,0.790830,7.034180,273.267880,-368.677120,789366.375000,
2.438000,0.860050,0.921570,6.521480,273.298980,-368.676360,789391.687500,
2.440000,0.929260,0.774170,5.157710,273.330960,-368.676420,789416.937500,1.000000
2.442000,0.592160,0.435790,5.260250,273.364040,-368.676910,789442.312500,
2.444000,0.330690,0.483220,6.624020,273.396000,-368.678070,789467.562500,
2.446000,0.587040,0.689580,7.136720,273.427060,-368.677060,789492.812500,
2.448000,0.842100,0.790830,6.101070,273.458440,-368.675960,789518.125000,1.000000
2.450000,0.762630,0.525510,4.409180,273.490970,-368.676540,789543.500000,
2.452000,0.434510,0.239690,5.075680,273.523860,-368.677700,789568.750000,
2.454000,0.385800,0.502440,6.767580,273.554870,-368.678040,789594.062500,
2.456000,0.737000,0.695980,6.521480,273.585390,-368.676240,789619.312500,1.000000
2.458000,0.825440,0.839540,4.983400,273.616240,-368.676060,789644.625000,
2.460000,0.599850,0.585750,3.527340,273.648410,-368.676790,789670.000000,
2.462000,0.292240,0.552430,5.578130,273.680330,-368.677610,789695.312500,
2.464000,0.394780,0.687010,7.064940,273.711360,-368.677490,789720.500000,1.000000
2.466000,0.817750,0.802370,6.982910,273.742520,-368.676300,789745.812500,
2.468000,0.960020,0.754940,5.865230,273.774260,-368.676270,789771.125000,
2.470000,0.689580,0.431950,5.024410,273.807040,-368.676730,789796.437500,
2.472000,0.366580,0.456300,6.398440,273.839110,-368.677980,789821.687500,1.000000
2.474000,0.525510,0.697270,6.890630,273.869900,-368.677430,789847.000000,
2.476000,0.822880,0.819030,6.480470,273.900880,-368.676030,789872.312500,
2.478000,0.804930,0.674190,4.809080,273.933070,-368.676360,789897.562500,
2.480000,0.535770,0.239690,5.250000,273.966190,-368.677460,789922.937500,1.000000
2.482000,0.369140,0.381960,6.829100,273.997650,-368.678220,789948.187500,
2.484000,0.648560,0.643430,6.480470,274.028170,-368.676640,789973.437500,
2.486000,0.842100,0.816470,5.055180,274.058930,-368.675870,789998.812500,
2.488000,0.678040,0.662660,3.804200,274.090730,-368.676640,790024.062500,1.000000
2.490000,0.353760,0.535770,4.798830,274.122800,-368.677370,790049.437500,
2.492000,0.330690,0.689580,7.095700,274.153960,-368.677730,790074.687500,
2.494000,0.719060,0.783140,7.321290,274.185060,-368.676540,790099.937500,
2.496000,0.960020,0.857480,6.244630,274.216520,-368.676210,790125.250000,1.000000
2.498000,0.780580,0.538330,4.573240,274.249110,-368.676480,790150.562500,
2.500000,0.399900,0.498600,6.060060,274.281370,-368.677670,790175.875000,
2.502000,0.420410,0.717770,6.511230,274.312320,-368.677760,790201.125000,
2.504000,0.748540,0.885680,6.767580,274.343230,-368.676120,790226.437500,1.000000
2.506000,0.843380,0.830570,5.475590,274.374940,-368.676060,790251.750000,
2.508000,0.598570,0.393490,4.788570,274.408110,-368.677090,790277.062500,
2.510000,0.353760,0.383240,6.152340,274.440250,-368.678340,790302.312500,
2.512000,0.554990,0.579350,6.644530,274.470980,-368.677060,790327.625000,1.000000
2.514000,0.833130,0.778020,5.506350,274.501860,-368.675780,790352.875000,
2.516000,0.712650,0.706240,4.009280,274.533540,-368.676510,790378.250000,
2.518000,0.431950,0.449890,4.665530,274.565890,-368.677190,790403.562500,
2.520000,0.261470,0.619080,6.818850,274.597290,-368.677760,790428.812500,1.000000
2.522000,0.635740,0.694700,7.393070,274.628420,-368.676880,790454.125000,
2.524000,0.944640,0.826720,6.336910,274.659640,-368.676270,790479.437500,
2.526000,0.834410,0.588320,4.593750,274.692020,-368.676270,790504.687500,
2.528000,0.483220,0.387080,5.916500,274.724490,-368.677310,790530.000000,1.000000
2.530000,0.352480,0.634460,6.870120,274.755620,-368.677980,790555.312500,
2.532000,0.712650,0.853640,7.208500,274.786250,-368.676360,790580.562500,
2.534000,0.856200,0.865170,5.803710,274.817600,-368.675840,790605.875000,
2.536000,0.670350,0.505000,4.501460,274.850310,-368.676640,790631.187500,1.000000
2.538000,0.394780,0.394780,5.475590,274.882660,-368.678070,790656.437500,
2.540000,0.498600,0.602420,6.583010,274.913510,-368.677610,790681.750000,
2.542000,0.781860,0.771610,6.111330,274.944210,-368.675900,790707.062500,
2.544000,0.786990,0.802370,4.634770,274.975680,-368.676300,790732.375000,1.000000
2.546000,0.515260,0.465270,4.275880,275.008270,-368.677150,790757.750000,
2.548000,0.258910,0.570370,6.070310,275.039830,-368.677890,790783.000000,
2.550000,0.534480,0.679320,7.146970,275.070980,-368.677120,790808.250000,
2.552000,0.876710,0.811340,6.418950,275.102140,-368.676360,790833.562500,1.000000
2.554000,0.910030,0.666500,4.839840,275.134220,-368.676390,790858.875000,
2.556000,0.569090,0.388370,5.537110,275.166960,-368.676940,790884.125000,
2.558000,0.330690,0.553710,6.613770,275.198360,-368.678040,790909.437500,
2.560000,0.610110,0.801090,7.311040,275.228970,-368.676820,790934.750000,1.000000
2.562000,0.830570,0.879270,5.854980,275.260250,-368.675840,790960.000000,
2.564000,0.742130,0.529360,4.419430,275.292880,-368.676510,790985.312500,
2.566000,0.410160,0.269170,5.147460,275.325680,-368.677830,791010.625000,
2.568000,0.403750,0.528080,6.613770,275.356720,-368.678070,791035.875000,1.000000
2.570000,0.751100,0.680600,6.439450,275.387360,-368.676210,791061.187500,
2.572000,0.825440,0.819030,4.921880,275.418330,-368.676210,791086.562500,
2.574000,0.575500,0.554990,3.978520,275.450560,-368.676940,791111.812500,
2.576000,0.273010,0.558840,5.598630,275.482270,-368.677760,791137.125000,1.000000
2.578000,0.406310,0.681880,7.321290,275.513340,-368.677430,791162.437500,
2.580000,0.835690,0.811340,6.829100,275.544400,-368.676330,791187.687500,
2.582000,0.961300,0.761350,5.506350,275.576080,-368.676330,791213.000000,
2.584000,0.651120,0.469120,5.229490,275.608800,-368.676730,791238.312500,1.000000
2.586000,0.349910,0.519100,6.552250,275.640690,-368.677950,791263.562500,
2.588000,0.535770,0.753660,6.931640,275.671450,-368.677250,791288.812500,
2.590000,0.835690,0.858760,6.316410,275.702610,-368.675960,791314.125000,
2.592000,0.779300,0.647280,4.480960,275.735020,-368.676420,791339.500000,1.000000
2.594000,0.498600,0.247380,5.085940,275.768190,-368.677550,791364.750000,
2.596000,0.367860,0.420410,6.757320,275.799560,-368.678220,791390.062500,
2.598000,0.669070,0.671630,6.583010,275.830170,-368.676570,791415.375000,
2.600000,0.824160,0.842100,5.229490,275.860870,-368.675990,791440.625000,1.000000
2.602000,0.654970,0.666500,3.834960,275.892730,-368.676700,791466.000000,
2.604000,0.320430,0.578060,4.993650,275.924620,-368.677520,791491.250000,
2.606000,0.335820,0.725460,6.706050,275.955660,-368.677700,791516.562500,
2.608000,0.730590,0.845950,7.259770,275.986630,-368.676390,791541.812500,1.000000
2.610000,0.934390,0.867740,6.121580,276.018190,-368.676120,791567.125000,
2.612000,0.748540,0.493470,4.870610,276.050930,-368.676510,791592.437500,
2.614000,0.369140,0.453740,6.060060,276.083310,-368.677760,791617.750000,
2.616000,0.430660,0.648560,6.726560,276.114380,-368.677640,791643.000000,1.000000
2.618000,0.761350,0.761350,6.398440,276.145540,-368.676120,791668.250000,
2.620000,0.825440,0.663940,4.911620,276.177640,-368.676210,791693.625000,
2.622000,0.565250,0.229430,4.901370,276.210940,-368.677280,791718.937500,
2.624000,0.337100,0.293520,6.500980,276.242830,-368.678440,791744.187500,1.000000
2.626000,0.581910,0.542180,6.757320,276.273320,-368.677060,791769.500000,
2.628000,0.840820,0.757510,5.547360,276.304050,-368.675870,791794.812500,
2.630000,0.690860,0.647280,3.824710,276.335660,-368.676640,791820.125000,
2.632000,0.397340,0.460140,4.480960,276.367650,-368.677310,791845.437500,1.000000
2.634000,0.264040,0.676760,6.552250,276.398620,-368.677760,791870.750000,
2.636000,0.654970,0.794680,7.464840,276.429380,-368.676700,791895.937500,
2.638000,0.953610,0.925420,6.603520,276.460390,-368.676180,791921.250000,
2.640000,0.803650,0.633180,4.747560,276.492740,-368.676270,791946.625000,1.000000
2.642000,0.443480,0.434510,5.711430,276.525240,-368.677400,791971.875000,
2.644000,0.362730,0.620360,6.695800,276.556550,-368.677920,791997.125000,
2.646000,0.716490,0.758790,6.613770,276.587650,-368.676300,792022.437500,
2.648000,0.843380,0.688290,5.690920,276.619480,-368.675960,792047.750000,1.000000
2.650000,0.635740,0.306340,4.716800,276.652620,-368.676850,792073.062500,
2.652000,0.364010,0.247380,5.988280,276.685090,-368.678250,792098.375000,
2.654000,0.505000,0.463990,6.572750,276.715820,-368.677490,792123.625000,
2.656000,0.784420,0.693420,5.998540,276.746340,-368.675870,792148.937500,1.000000
2.658000,0.760070,0.743410,4.388670,276.777620,-368.676390,792174.312500,
2.660000,0.475520,0.478090,4.306640,276.809750,-368.677190,792199.562500,
2.662000,0.235840,0.647280,6.480470,276.840790,-368.677830,792224.875000,
2.664000,0.563960,0.778020,7.341800,276.871610,-368.676970,792250.125000,1.000000
2.666000,0.884400,0.922850,6.552250,276.902590,-368.676330,792275.375000,
2.668000,0.880550,0.735720,4.614260,276.934660,-368.676360,792300.750000,
2.670000,0.530640,0.439640,5.332030,276.967440,-368.677030,792326.062500,
2.672000,0.317870,0.579350,6.818850,276.998960,-368.678040,792351.312500,1.000000
2.674000,0.637020,0.781860,7.136720,277.029910,-368.676760,792376.562500,
2.676000,0.824160,0.802370,6.101070,277.061550,-368.675990,792401.875000,
2.678000,0.722900,0.393490,4.245120,277.094600,-368.676640,792427.187500,
2.680000,0.402470,0.153810,5.578130,277.127560,-368.678040,792452.500000,1.000000
2.682000,0.437070,0.398620,6.336910,277.158720,-368.678040,792477.812500,
2.684000,0.747250,0.579350,6.234380,277.189300,-368.676120,792503.062500,
2.686000,0.806210,0.745970,4.962890,277.220210,-368.676210,792528.375000,
2.688000,0.546020,0.511410,4.183590,277.252260,-368.677030,792553.750000,1.000000
2.690000,0.251220,0.572940,5.803710,277.283630,-368.677830,792579.000000,
2.692000,0.442200,0.712650,7.321290,277.314450,-368.677340,792604.250000,
2.694000,0.844670,0.845950,6.695800,277.345430,-368.676360,792629.562500,
2.696000,0.938230,0.743410,5.024410,277.377170,-368.676390,792654.875000,1.000000
2.698000,0.611390,0.439640,5.260250,277.409970,-368.676820,792680.187500,
2.700000,0.323000,0.510130,6.521480,277.441740,-368.678040,792705.437500,
2.702000,0.549870,0.760070,7.321290,277.472500,-368.677190,792730.750000,
2.704000,0.834410,0.857480,6.367680,277.503690,-368.676030,792756.000000,1.000000
2.706000,0.765200,0.581910,4.460450,277.536290,-368.676570,792781.375000,
2.708000,0.457580,0.203800,5.362790,277.569460,-368.677730,792806.625000,
2.710000,0.371700,0.399900,6.531740,277.600800,-368.678190,792831.937500,
2.712000,0.697270,0.597290,6.706050,277.631560,-368.676390,792857.250000,1.000000
2.714000,0.807500,0.739560,5.260250,277.662450,-368.676030,792882.562500,
2.716000,0.624210,0.540890,3.916990,277.694490,-368.676700,792907.875000,
2.718000,0.290950,0.497310,5.301270,277.726350,-368.677580,792933.187500,
2.720000,0.356320,0.629330,6.870120,277.757390,-368.677610,792958.437500,1.000000
2.722000,0.762630,0.726750,7.311040,277.788540,-368.676360,792983.687500,
2.724000,0.934390,0.730590,5.619140,277.820130,-368.676270,793009.000000,
2.726000,0.722900,0.407590,5.003910,277.852810,-368.676640,793034.312500,
2.728000,0.358890,0.415280,6.367680,277.884920,-368.677890,793059.562500,1.000000
2.730000,0.463990,0.646000,6.911130,277.915740,-368.677580,793084.875000,
2.732000,0.784420,0.772890,6.377930,277.946780,-368.676150,793110.187500,
2.734000,0.816470,0.669070,4.665530,277.978820,-368.676360,793135.437500,
2.736000,0.546020,0.243530,5.065430,278.011960,-368.677430,793160.812500,1.000000
2.738000,0.342220,0.349910,6.306150,278.043550,-368.678440,793186.125000,
2.740000,0.616520,0.616520,6.849610,278.074010,-368.676880,793211.312500,
2.742000,0.845950,0.802370,5.352540,278.104710,-368.675900,793236.687500,
2.744000,0.689580,0.654970,3.916990,278.136410,-368.676640,793262.000000,1.000000
2.746000,0.371700,0.475520,4.624510,278.168490,-368.677340,793287.312500,
2.748000,0.290950,0.640870,6.511230,278.199680,-368.677760,793312.562500,
2.750000,0.681880,0.740840,7.239260,278.230710,-368.676640,793337.875000,
2.752000,0.958740,0.845950,6.388180,278.262050,-368.676210,793363.125000,1.000000
2.754000,0.801090,0.522950,4.891110,278.294650,-368.676390,793388.437500,
2.756000,0.421690,0.397340,6.019040,278.327210,-368.677610,793413.750000,
2.758000,0.397340,0.603700,6.859860,278.358430,-368.677950,793439.000000,
2.760000,0.731870,0.762630,6.490720,278.389430,-368.676270,793464.312500,1.000000
2.762000,0.842100,0.716490,5.332030,278.421170,-368.676090,793489.625000,
2.764000,0.610110,0.319150,4.737300,278.454280,-368.677030,793514.875000,
2.766000,0.348630,0.319150,6.213870,278.486360,-368.678340,793540.187500,
2.768000,0.529360,0.565250,6.818850,278.516820,-368.677340,793565.500000,1.000000
2.770000,0.803650,0.797240,5.875490,278.547360,-368.675810,793590.812500,
2.772000,0.742130,0.767760,3.978520,278.578770,-368.676450,793616.125000,
2.774000,0.448610,0.489620,4.173340,278.610990,-368.677190,793641.500000,
2.776000,0.238400,0.648560,6.285640,278.642240,-368.677830,793666.687500,1.000000
2.778000,0.594730,0.701110,7.444340,278.673430,-368.676940,793692.000000,
2.780000,0.907470,0.808780,6.736820,278.704740,-368.676360,793717.312500,
2.782000,0.861330,0.560120,4.942380,278.737240,-368.676390,793742.562500,
2.784000,0.506290,0.299930,5.557620,278.770080,-368.677220,793767.875000,1.000000
2.786000,0.335820,0.488340,6.644530,278.801610,-368.678040,793793.187500,
2.788000,0.689580,0.697270,6.818850,278.832460,-368.676610,793818.500000,
2.790000,0.842100,0.719060,5.885740,278.864010,-368.675960,793843.750000,
2.792000,0.699830,0.365300,4.593750,278.896790,-368.676670,793869.062500,1.000000
2.794000,0.398620,0.221740,5.813960,278.929260,-368.678040,793894.375000,
2.796000,0.472960,0.497310,6.470210,278.959990,-368.677890,793919.625000,
2.798000,0.763920,0.676760,5.978030,278.990450,-368.676060,793944.937500,
2.800000,0.804930,0.790830,4.521970,279.021450,-368.676270,793970.250000,1.000000
2.802000,0.533200,0.515260,4.050290,279.053590,-368.677090,793995.562500,
2.804000,0.258910,0.612670,6.060060,279.084870,-368.677890,794020.875000,
2.806000,0.488340,0.737000,7.321290,279.115810,-368.677220,794046.187500,
2.808000,0.851070,0.856200,6.849610,279.146910,-368.676390,794071.437500,1.000000
2.810000,0.920290,0.716490,4.819340,279.178890,-368.676480,794096.750000,
2.812000,0.585750,0.380680,4.860350,279.211910,-368.676910,794122.062500,
2.814000,0.321720,0.467830,6.593260,279.243710,-368.678100,794147.312500,
2.816000,0.578060,0.704960,7.085450,279.274600,-368.677060,794172.625000,1.000000
2.818000,0.833130,0.810060,6.531740,279.305940,-368.675990,794197.937500,
2.820000,0.757510,0.521670,4.491210,279.338560,-368.676570,794223.187500,
2.822000,0.428100,0.229430,5.270510,279.371460,-368.677760,794248.562500,
2.824000,0.384520,0.492190,6.500980,279.402530,-368.678130,794273.812500,1.000000
2.826000,0.726750,0.685730,6.090820,279.433070,-368.676360,794299.062500,
2.828000,0.817750,0.829280,5.044920,279.463990,-368.676150,794324.437500,
2.830000,0.598570,0.602420,4.040040,279.496060,-368.676820,794349.750000,
2.832000,0.292240,0.578060,5.639650,279.527950,-368.677700,794375.000000,1.000000
2.834000,0.393490,0.719060,7.167480,279.558960,-368.677550,794400.312500,
2.836000,0.808780,0.847230,6.962400,279.590090,-368.676360,794425.625000,
2.838000,0.949770,0.810060,5.465330,279.621800,-368.676300,794450.875000,
2.840000,0.683170,0.456300,4.757810,279.654750,-368.676790,794476.187500,1.000000
2.842000,0.362730,0.425540,6.757320,279.687070,-368.678040,794501.500000,
2.844000,0.517820,0.647280,7.126460,279.718110,-368.677460,794526.750000,
2.846000,0.815190,0.754940,6.562500,279.749240,-368.676090,794552.000000,
2.848000,0.803650,0.615230,4.624510,279.781590,-368.676390,794577.375000,1.000000
2.850000,0.533200,0.182010,5.003910,279.814760,-368.677490,794602.625000,
2.852000,0.369140,0.366580,6.490720,279.846130,-368.678310,794627.937500,
2.854000,0.648560,0.630620,6.552250,279.876620,-368.676730,794653.250000,
2.856000,0.844670,0.793400,5.475590,279.907380,-368.675960,794678.500000,1.000000
2.858000,0.676760,0.622920,3.927250,279.939210,-368.676670,794703.875000,
2.860000,0.353760,0.507570,4.921880,279.971220,-368.677430,794729.187500,
2.862000,0.326840,0.660100,6.511230,280.002380,-368.677760,794754.437500,
2.864000,0.715210,0.754940,7.208500,280.033450,-368.676540,794779.687500,1.000000
2.866000,0.958740,0.824160,6.162600,280.064910,-368.676240,794805.062500,
2.868000,0.779300,0.494750,4.952640,280.097530,-368.676510,794830.312500,
2.870000,0.398620,0.425540,6.254880,280.129910,-368.677700,794855.625000,
2.872000,0.425540,0.634460,6.921390,280.160890,-368.677800,794880.875000,1.000000
2.874000,0.752380,0.794680,6.613770,280.191860,-368.676240,794906.187500,
2.876000,0.849790,0.724180,4.942380,280.223630,-368.676090,794931.500000,
2.878000,0.599850,0.274290,4.727050,280.256930,-368.677120,794956.812500,
2.880000,0.347350,0.273010,6.316410,280.289030,-368.678380,794982.062500,1.000000
2.882000,0.546020,0.494750,6.818850,280.319700,-368.677150,795007.375000,
2.884000,0.826720,0.703670,5.967770,280.350490,-368.675840,795032.687500,
2.886000,0.720340,0.652400,3.958010,280.382080,-368.676540,795058.000000,
2.888000,0.437070,0.421690,4.450200,280.414250,-368.677280,795083.312500,1.000000
2.890000,0.260190,0.606260,6.265140,280.445470,-368.677860,795108.625000,
2.892000,0.634460,0.663940,7.557130,280.476590,-368.676910,795133.875000,
2.894000,0.942080,0.806210,6.552250,280.507780,-368.676270,795159.125000,
2.896000,0.833130,0.581910,5.075680,280.540040,-368.676330,795184.500000,1.000000
2.898000,0.480650,0.384520,5.701170,280.572510,-368.677340,795209.750000,
2.900000,0.348630,0.615230,6.798340,280.603700,-368.677980,795235.062500,
2.902000,0.707520,0.848510,6.890630,280.634310,-368.676420,795260.312500,
2.904000,0.854920,0.847230,5.496090,280.665710,-368.675960,795285.687500,1.000000
2.906000,0.672910,0.471680,4.562990,280.698610,-368.676760,795310.937500,
2.908000,0.396060,0.316590,5.834470,280.731140,-368.678100,795336.250000,
2.910000,0.502440,0.556270,6.788090,280.762020,-368.677640,795361.562500,
2.912000,0.779300,0.720340,5.937010,280.792790,-368.675960,795386.812500,1.000000
2.914000,0.788270,0.772890,4.409180,280.824250,-368.676300,795412.187500,
2.916000,0.512700,0.462710,4.019530,280.856750,-368.677150,795437.437500,
2.918000,0.253780,0.572940,5.783200,280.888280,-368.677920,795462.750000,
2.920000,0.524230,0.652400,7.464840,280.919590,-368.677190,795488.000000,1.000000
2.922000,0.875430,0.766480,6.726560,280.950840,-368.676420,795513.312500,
2.924000,0.917720,0.644710,5.003910,280.982940,-368.676420,795538.625000,
2.926000,0.574220,0.365300,5.239750,281.015690,-368.677000,795563.937500,
2.928000,0.326840,0.543460,6.490720,281.047120,-368.678040,795589.250000,1.000000
2.930000,0.597290,0.784420,7.003420,281.077760,-368.676880,795614.437500,
2.932000,0.825440,0.867740,6.111330,281.109070,-368.675960,795639.750000,
2.934000,0.740840,0.505000,4.634770,281.141750,-368.676570,795665.125000,
2.936000,0.414000,0.248660,5.485840,281.174620,-368.677860,795690.375000,1.000000
2.938000,0.402470,0.506290,6.736820,281.205660,-368.678040,795715.687500,
2.940000,0.743410,0.680600,5.998540,281.236300,-368.676240,795741.000000,
2.942000,0.816470,0.761350,4.716800,281.267460,-368.676240,795766.250000,
2.944000,0.570370,0.488340,3.865720,281.299870,-368.676910,795791.625000,1.000000
2.946000,0.273010,0.472960,5.947270,281.331790,-368.677800,795816.937500,
2.948000,0.401180,0.608830,7.382810,281.362950,-368.677490,795842.125000,
2.950000,0.830570,0.716490,7.177730,281.394170,-368.676360,795867.437500,
2.952000,0.957460,0.698550,5.301270,281.425810,-368.676330,795892.750000,1.000000
2.954000,0.652400,0.419130,4.778320,281.458440,-368.676790,795918.062500,
2.956000,0.352480,0.470400,6.470210,281.490260,-368.678040,795943.312500,
2.958000,0.529360,0.715210,6.972660,281.521000,-368.677280,795968.625000,
2.960000,0.824160,0.835690,6.849610,281.551970,-368.675990,795993.937500,1.000000
2.962000,0.767760,0.656250,4.655270,281.584320,-368.676450,796019.250000,
2.964000,0.499880,0.261470,5.137210,281.617370,-368.677580,796044.562500,
2.966000,0.376830,0.452450,6.357420,281.648710,-368.678190,796069.812500,
2.968000,0.669070,0.706240,5.998540,281.679260,-368.676640,796095.125000,1.000000
2.970000,0.821590,0.844670,5.250000,281.710110,-368.676090,796120.437500,
2.972000,0.654970,0.651120,3.988770,281.742100,-368.676790,796145.750000,
2.974000,0.317870,0.549870,5.403810,281.774200,-368.677520,796171.062500,
2.976000,0.321720,0.697270,6.798340,281.805300,-368.677730,796196.312500,1.000000
2.978000,0.721620,0.807500,7.034180,281.836460,-368.676450,796221.562500,
2.980000,0.938230,0.842100,5.865230,281.868010,-368.676180,796246.875000,
2.982000,0.757510,0.519100,4.501460,281.900630,-368.676510,796272.250000,
2.984000,0.374270,0.466550,6.377930,281.933010,-368.677760,796297.500000,1.000000
2.986000,0.426820,0.675480,6.982910,281.964080,-368.677670,796322.750000,
2.988000,0.756230,0.806210,6.808590,281.995240,-368.676150,796348.062500,
2.990000,0.824160,0.724180,4.829590,282.027250,-368.676240,796373.375000,
2.992000,0.569090,0.262760,4.542480,282.060640,-368.677340,796398.687500,1.000000
2.994000,0.338380,0.303770,6.306150,282.092620,-368.678440,796424.000000,
2.996000,0.581910,0.546020,6.336910,282.123230,-368.677060,796449.250000,
2.998000,0.842100,0.754940,6.029300,282.153990,-368.675930,796474.562500,
3.000000,0.693420,0.654970,4.060550,282.185640,-368.676640,796499.875000,1.000000
3.002000,0.405030,0.487060,4.686040,282.217620,-368.677310,796525.187500,
3.004000,0.261470,0.722900,6.418950,282.248540,-368.677800,796550.437500,
3.006000,0.647280,0.849790,7.054690,282.279240,-368.676790,796575.750000,
3.008000,0.949770,0.951050,6.459960,282.310360,-368.676240,796601.062500,1.000000
3.010000,0.806210,0.624210,4.942380,282.342860,-368.676330,796626.312500,
3.012000,0.449890,0.435790,5.978030,282.375490,-368.677430,796651.625000,
3.014000,0.362730,0.630620,6.972660,282.406830,-368.677920,796676.937500,
3.016000,0.710080,0.804930,6.593260,282.437840,-368.676300,796702.187500,1.000000
3.018000,0.842100,0.756230,5.362790,282.469600,-368.675960,796727.500000,
3.020000,0.637020,0.371700,4.306640,282.502840,-368.676910,796752.875000,
3.022000,0.365300,0.249940,6.142090,282.535400,-368.678310,796778.125000,
3.024000,0.507570,0.471680,6.818850,282.566310,-368.677580,796803.375000,1.000000
3.026000,0.788270,0.670350,6.090820,282.597020,-368.675960,796828.687500,
3.028000,0.765200,0.724180,4.419430,282.628360,-368.676420,796854.000000,
3.030000,0.480650,0.462710,4.050290,282.660460,-368.677190,796879.375000,
3.032000,0.233280,0.658810,6.060060,282.691500,-368.677860,796904.625000,1.000000
3.034000,0.553710,0.785710,7.167480,282.722290,-368.677030,796929.875000,
3.036000,0.874150,0.922850,6.829100,282.753200,-368.676360,796955.187500,
3.038000,0.884400,0.734440,4.952640,282.785280,-368.676390,796980.500000,
3.040000,0.540890,0.446040,5.332030,282.818020,-368.677060,797005.750000,1.000000
3.042000,0.324280,0.587040,6.675290,282.849610,-368.678070,797031.062500,
3.044000,0.634460,0.761350,6.736820,282.880580,-368.676790,797056.375000,
3.046000,0.820310,0.772890,6.142090,282.912320,-368.676060,797081.625000,
3.048000,0.717770,0.390930,4.398930,282.945280,-368.676700,797107.000000,1.000000
3.050000,0.397340,0.165340,5.711430,282.978240,-368.678040,797132.312500,
3.052000,0.428100,0.425540,6.849610,283.009340,-368.678040,797157.500000,
3.054000,0.743410,0.635740,6.080570,283.039860,-368.676150,797182.812500,
3.056000,0.803650,0.801090,4.696290,283.070740,-368.676240,797208.187500,1.000000
3.058000,0.544740,0.542180,3.875980,283.102810,-368.677060,797233.500000,
3.060000,0.247380,0.596010,5.957520,283.134220,-368.677890,797258.812500,
3.062000,0.433230,0.745970,7.280270,283.165100,-368.677370,797284.062500,
3.064000,0.838260,0.889530,7.146970,283.196010,-368.676360,797309.312500,1.000000
3.066000,0.934390,0.808780,5.229490,283.227690,-368.676390,797334.625000,
3.068000,0.613950,0.512700,4.921880,283.260440,-368.676850,797359.937500,
3.070000,0.323000,0.569090,6.459960,283.292210,-368.678070,797385.187500,
3.072000,0.539610,0.801090,6.972660,283.323090,-368.677250,797410.500000,1.000000
3.074000,0.826720,0.869020,6.613770,283.354400,-368.676060,797435.812500,
3.076000,0.757510,0.579350,4.737300,283.387210,-368.676610,797461.125000,
3.078000,0.458860,0.194820,5.475590,283.420500,-368.677760,797486.437500,
3.080000,0.375550,0.401180,6.459960,283.451900,-368.678250,797511.687500,1.000000
3.082000,0.692140,0.633180,6.439450,283.482570,-368.676510,797537.000000,
3.084000,0.802370,0.793400,4.860350,283.513400,-368.676090,797562.312500,
3.086000,0.622920,0.610110,3.845210,283.545350,-368.676760,797587.625000,
3.088000,0.289670,0.565250,5.475590,283.577150,-368.677610,797612.875000,1.000000
3.090000,0.346070,0.711360,7.136720,283.608120,-368.677640,797638.187500,
3.092000,0.751100,0.829280,7.239260,283.639190,-368.676390,797663.500000,
3.094000,0.925420,0.821590,5.639650,283.670780,-368.676240,797688.750000,
3.096000,0.717770,0.492190,4.542480,283.703490,-368.676640,797714.062500,1.000000
3.098000,0.357600,0.476810,5.998540,283.735750,-368.677920,797739.375000,
3.100000,0.460140,0.678040,7.105960,283.766780,-368.677640,797764.687500,
3.102000,0.775450,0.780580,6.531740,283.797940,-368.676210,797789.937500,
3.104000,0.812620,0.674190,5.014160,283.830140,-368.676390,797815.250000,1.000000
3.106000,0.546020,0.230710,4.737300,283.863370,-368.677460,797840.562500,
3.108000,0.342220,0.342220,6.285640,283.894990,-368.678440,797865.812500,
3.110000,0.612670,0.599850,6.388180,283.925420,-368.676910,797891.125000,
3.112000,0.838260,0.794680,5.403810,283.956150,-368.675900,797916.437500,1.000000
3.114000,0.681880,0.660100,4.347660,283.987760,-368.676640,797941.750000,
3.116000,0.370420,0.520390,4.819340,284.019710,-368.677340,797967.062500,
3.118000,0.285830,0.699830,6.726560,284.050810,-368.677760,797992.375000,
3.120000,0.672910,0.778020,6.972660,284.081850,-368.676670,798017.625000,1.000000
3.122000,0.956180,0.866460,6.152340,284.113250,-368.676240,798042.937500,
3.124000,0.799800,0.538330,4.850100,284.145840,-368.676390,798068.250000,
3.126000,0.426820,0.412720,5.906250,284.178410,-368.677610,798093.500000,
3.128000,0.389650,0.612670,7.259770,284.209690,-368.677950,798118.812500,1.000000
3.130000,0.724180,0.799800,6.849610,284.240630,-368.676300,798144.125000,
3.132000,0.838260,0.760070,5.291020,284.272220,-368.676090,798169.375000,
3.134000,0.608830,0.381960,4.347660,284.305270,-368.677000,798194.687500,
3.136000,0.348630,0.379390,5.937010,284.337250,-368.678310,798220.000000,1.000000
3.138000,0.528080,0.649840,6.624020,284.367610,-368.677340,798245.250000,
3.140000,0.799800,0.861330,5.998540,284.398160,-368.675810,798270.562500,
3.142000,0.743410,0.813900,4.583500,284.429690,-368.676420,798295.937500,
3.144000,0.446040,0.505000,4.173340,284.462070,-368.677190,798321.187500,1.000000
3.146000,0.231990,0.646000,6.101070,284.493470,-368.677860,798346.500000,
3.148000,0.587040,0.689580,7.013670,284.524810,-368.677000,798371.750000,
3.150000,0.899780,0.797240,6.500980,284.556210,-368.676360,798397.062500,
3.152000,0.861330,0.565250,4.901370,284.588680,-368.676390,798422.375000,1.000000
3.154000,0.507570,0.319150,5.844730,284.621460,-368.677250,798447.687500,
3.156000,0.328130,0.524230,6.900880,284.652860,-368.678070,798472.937500,
3.158000,0.683170,0.749820,6.849610,284.683590,-368.676640,798498.187500,
3.160000,0.835690,0.806210,5.670410,284.715000,-368.676030,798523.562500,1.000000
3.162000,0.694700,0.451170,4.122070,284.747650,-368.676700,798548.812500,
3.164000,0.392210,0.319150,5.813960,284.780030,-368.678040,798574.125000,
3.166000,0.462710,0.608830,6.685550,284.810640,-368.677830,798599.437500,
3.168000,0.752380,0.794680,6.347170,284.841030,-368.676060,798624.687500,1.000000
3.170000,0.797240,0.898500,4.562990,284.872040,-368.676270,798650.062500,
3.172000,0.530640,0.587040,3.865720,284.904330,-368.677090,798675.375000,
3.174000,0.252500,0.649840,5.783200,284.935880,-368.677890,798700.625000,
3.176000,0.478090,0.725460,6.849610,284.967100,-368.677310,798725.937500,1.000000
3.178000,0.845950,0.810060,7.352050,284.998500,-368.676420,798751.187500,
3.180000,0.917720,0.675480,4.983400,285.030610,-368.676450,798776.500000,
3.182000,0.584470,0.370420,5.424320,285.063540,-368.676940,798801.812500,
3.184000,0.324280,0.461430,6.377930,285.095370,-368.678160,798827.125000,1.000000
3.186000,0.578060,0.692140,6.972660,285.126250,-368.677120,798852.375000,
3.188000,0.831850,0.798520,6.224120,285.157530,-368.675960,798877.625000,
3.190000,0.749820,0.513980,4.470700,285.190060,-368.676540,798903.000000,
3.192000,0.429380,0.231990,5.639650,285.222840,-368.677760,798928.312500,1.000000
3.194000,0.387080,0.497310,6.511230,285.253750,-368.678100,798953.562500,
3.196000,0.731870,0.717770,6.624020,285.284210,-368.676300,798978.875000,
3.198000,0.817750,0.838260,4.573240,285.315000,-368.676090,799004.187500,
3.200000,0.598570,0.596010,3.670900,285.347140,-368.676820,799029.500000,1.000000
3.202000,0.289670,0.570370,5.670410,285.378970,-368.677730,799054.812500,
3.204000,0.388370,0.712650,7.085450,285.409940,-368.677610,799080.062500,
3.206000,0.804930,0.821590,7.393070,285.441130,-368.676420,799105.312500,
3.208000,0.949770,0.771610,5.557620,285.472840,-368.676330,799130.625000,1.000000
3.210000,0.694700,0.402470,4.798830,285.505800,-368.676760,799155.937500,
3.212000,0.365300,0.405030,6.357420,285.538060,-368.678040,799181.250000,
3.214000,0.511410,0.638310,6.921390,285.568940,-368.677490,799206.500000,
3.216000,0.808780,0.780580,6.562500,285.599880,-368.676090,799231.812500,1.000000
3.218000,0.799800,0.675480,4.860350,285.632020,-368.676360,799257.125000,
3.220000,0.539610,0.243530,5.126950,285.665100,-368.677490,799282.437500,
3.222000,0.367860,0.384520,6.183110,285.696530,-368.678310,799307.750000,
3.224000,0.643430,0.644710,6.347170,285.727020,-368.676760,799333.000000,1.000000
3.226000,0.838260,0.816470,5.332030,285.757810,-368.675990,799358.312500,
3.228000,0.672910,0.635740,3.875980,285.789610,-368.676700,799383.625000,
3.230000,0.357600,0.528080,4.973140,285.821660,-368.677490,799408.937500,
3.232000,0.333250,0.704960,6.788090,285.852660,-368.677800,799434.250000,1.000000
3.234000,0.713930,0.812620,7.259770,285.883640,-368.676640,799459.500000,
3.236000,0.953610,0.872860,5.865230,285.915070,-368.676240,799484.750000,
3.238000,0.778020,0.540890,4.829590,285.947630,-368.676480,799510.125000,
3.240000,0.401180,0.463990,6.049800,285.980010,-368.677700,799535.437500,1.000000
3.242000,0.414000,0.666500,6.880370,286.011080,-368.677800,799560.625000,
3.244000,0.740840,0.799800,6.849610,286.042140,-368.676180,799585.937500,
3.246000,0.835690,0.710080,5.321780,286.074040,-368.676090,799611.250000,
3.248000,0.596010,0.269170,4.634770,286.107360,-368.677150,799636.562500,1.000000
3.250000,0.353760,0.264040,6.008790,286.139560,-368.678440,799661.875000,
3.252000,0.552430,0.481930,6.624020,286.170260,-368.677190,799687.187500,
3.254000,0.822880,0.692140,5.854980,286.201050,-368.675870,799712.437500,
3.256000,0.711360,0.631900,4.316890,286.232640,-368.676570,799737.812500,1.000000
3.258000,0.429380,0.392210,4.665530,286.264860,-368.677310,799763.125000,
3.260000,0.256350,0.588320,6.377930,286.295990,-368.677890,799788.375000,
3.262000,0.631900,0.665220,7.403320,286.327000,-368.676910,799813.625000,
3.264000,0.938230,0.807500,6.193360,286.358060,-368.676270,799838.937500,1.000000
3.266000,0.835690,0.581910,4.891110,286.390230,-368.676300,799864.250000,
3.268000,0.483220,0.398620,5.824220,286.422610,-368.677310,799889.500000,
3.270000,0.347350,0.626770,7.157230,286.453640,-368.678040,799914.812500,
3.272000,0.708800,0.825440,6.982910,286.484340,-368.676480,799940.125000,1.000000
3.274000,0.858760,0.779300,5.526860,286.515930,-368.675960,799965.375000,
3.276000,0.675480,0.360170,4.296390,286.548980,-368.676790,799990.750000,
3.278000,0.397340,0.201230,5.383300,286.581670,-368.678160,800016.000000,
3.280000,0.501160,0.452450,6.777830,286.612520,-368.677700,800041.250000,1.000000
3.282000,0.779300,0.647280,6.008790,286.643070,-368.675960,800066.562500,
3.284000,0.786990,0.747250,4.809080,286.674320,-368.676330,800091.875000,
3.286000,0.517820,0.448610,4.040040,286.706670,-368.677190,800117.250000,
3.288000,0.262760,0.562680,5.885740,286.738010,-368.677950,800142.562500,1.000000
3.290000,0.530640,0.667790,6.982910,286.769100,-368.677220,800167.812500,
3.292000,0.879270,0.793400,6.726560,286.800200,-368.676360,800193.062500,
3.294000,0.917720,0.683170,5.096190,286.832120,-368.676390,800218.375000,
3.296000,0.574220,0.414000,5.414060,286.864750,-368.676940,800243.687500,1.000000
3.298000,0.326840,0.556270,6.890630,286.896180,-368.678070,800268.937500,
3.300000,0.598570,0.776730,6.921390,286.926910,-368.676940,800294.250000,
3.302000,0.829280,0.836980,5.947270,286.958310,-368.675990,800319.562500,
3.304000,0.740840,0.469120,4.450200,286.991090,-368.676640,800344.812500,1.000000
3.306000,0.417850,0.197390,5.393550,287.023990,-368.677890,800370.187500,
3.308000,0.407590,0.460140,7.023930,287.055020,-368.678100,800395.437500,
3.310000,0.751100,0.628050,6.377930,287.085690,-368.676240,800420.687500,
3.312000,0.821590,0.707520,4.829590,287.116820,-368.676210,800446.062500,1.000000
3.314000,0.572940,0.443480,3.752930,287.149200,-368.676940,800471.375000,
3.316000,0.278140,0.447330,5.496090,287.181000,-368.677830,800496.687500,
3.318000,0.407590,0.617800,7.280270,287.211910,-368.677520,800521.937500,
3.320000,0.839540,0.760070,6.993160,287.242920,-368.676360,800547.250000,1.000000
3.322000,0.961300,0.733150,5.772950,287.274440,-368.676300,800572.500000,
3.324000,0.657530,0.428100,4.932130,287.307070,-368.676760,800597.812500,
3.326000,0.358890,0.467830,6.357420,287.338960,-368.678040,800623.125000,
3.328000,0.534480,0.697270,6.634280,287.369690,-368.677340,800648.375000,1.000000
3.330000,0.826720,0.807500,6.388180,287.400790,-368.675990,800673.687500,
3.332000,0.774170,0.630620,4.634770,287.433170,-368.676480,800699.000000,
3.334000,0.505000,0.206360,5.362790,287.466310,-368.677610,800724.312500,
3.336000,0.378110,0.394780,6.634280,287.497680,-368.678310,800749.562500,1.000000
3.338000,0.674190,0.629330,6.357420,287.528260,-368.676640,800774.875000,
3.340000,0.826720,0.752380,5.116700,287.559170,-368.676060,800800.187500,
3.342000,0.657530,0.554990,3.547850,287.591190,-368.676730,800825.500000,
3.344000,0.323000,0.444760,5.137210,287.623260,-368.677490,800850.812500,1.000000
3.346000,0.328130,0.621640,6.972660,287.654240,-368.677730,800876.062500,
3.348000,0.728030,0.744690,7.464840,287.685270,-368.676480,800901.375000,
3.350000,0.942080,0.780580,5.916500,287.716740,-368.676210,800926.687500,
3.352000,0.756230,0.429380,4.747560,287.749450,-368.676510,800951.937500,1.000000
3.354000,0.380680,0.375550,6.019040,287.781830,-368.677800,800977.250000,
3.356000,0.430660,0.588320,6.624020,287.812840,-368.677760,801002.562500,
3.358000,0.760070,0.726750,6.726560,287.843870,-368.676210,801027.812500,
3.360000,0.825440,0.652400,5.239750,287.875820,-368.676240,801053.125000,1.000000
3.362000,0.572940,0.189700,4.829590,287.909180,-368.677340,801078.500000,
3.364000,0.343510,0.240970,6.429200,287.941040,-368.678530,801103.687500,
3.366000,0.585750,0.511410,6.275390,287.971500,-368.677060,801129.000000,
3.368000,0.845950,0.744690,5.793460,288.002110,-368.675840,801154.312500,1.000000
3.370000,0.693420,0.667790,3.978520,288.033540,-368.676610,801179.625000,
3.372000,0.408870,0.466550,4.696290,288.065550,-368.677310,801204.937500,
3.374000,0.255070,0.662660,6.829100,288.096590,-368.677830,801230.250000,
3.376000,0.653690,0.735720,7.341800,288.127500,-368.676790,801255.500000,1.000000
3.378000,0.961300,0.831850,6.254880,288.158810,-368.676240,801280.812500,
3.380000,0.816470,0.525510,4.645020,288.191310,-368.676300,801306.125000,
3.382000,0.455020,0.349910,5.957520,288.223910,-368.677430,801331.375000,
3.384000,0.361450,0.590880,6.849610,288.255130,-368.678040,801356.687500,1.000000
3.386000,0.716490,0.770320,6.777830,288.286040,-368.676360,801381.937500,
3.388000,0.848510,0.724180,5.629390,288.317750,-368.676030,801407.312500,
3.390000,0.646000,0.342220,4.450200,288.350890,-368.676880,801432.562500,
3.392000,0.374270,0.228150,5.701170,288.383360,-368.678310,801457.875000,1.000000
3.394000,0.513980,0.498600,6.634280,288.414060,-368.677610,801483.187500,
3.396000,0.794680,0.706240,5.937010,288.444640,-368.675840,801508.437500,
3.398000,0.769040,0.757510,4.532230,288.475980,-368.676360,801533.812500,
3.400000,0.485780,0.452450,4.255370,288.508240,-368.677190,801559.062500,1.000000
3.402000,0.237120,0.613950,6.049800,288.539430,-368.677950,801584.375000,
3.404000,0.561400,0.697270,7.157230,288.570470,-368.677120,801609.687500,
3.406000,0.892090,0.811340,6.829100,288.601590,-368.676360,801634.937500,
3.408000,0.899780,0.620360,4.583500,288.633760,-368.676420,801660.250000,1.000000
3.410000,0.547300,0.315310,5.608890,288.666600,-368.677060,801685.562500,
3.412000,0.324280,0.463990,6.829100,288.698180,-368.678130,801710.875000,
3.414000,0.634460,0.678040,7.177730,288.729000,-368.676850,801736.062500,
3.416000,0.822880,0.737000,5.875490,288.760500,-368.675990,801761.375000,1.000000
3.418000,0.725460,0.372990,4.378420,288.793270,-368.676670,801786.750000,
3.420000,0.401180,0.138430,5.496090,288.826200,-368.678040,801812.000000,
3.422000,0.430660,0.424260,6.777830,288.857090,-368.678100,801837.312500,
3.424000,0.758790,0.612670,6.234380,288.887600,-368.676210,801862.625000,1.000000
3.426000,0.812620,0.756230,5.085940,288.918490,-368.676240,801887.875000,
3.428000,0.551150,0.487060,4.070800,288.950710,-368.677030,801913.250000,
3.430000,0.248660,0.516540,5.690920,288.982240,-368.677890,801938.562500,
3.432000,0.428100,0.675480,7.321290,289.013060,-368.677430,801963.750000,1.000000
3.434000,0.849790,0.801090,6.849610,289.044070,-368.676360,801989.062500,
3.436000,0.948490,0.745970,5.444820,289.075710,-368.676390,802014.437500,
3.438000,0.624210,0.420410,5.188480,289.108460,-368.676850,802039.687500,
3.440000,0.329410,0.463990,6.777830,289.140380,-368.678130,802065.000000,1.000000
3.442000,0.546020,0.672910,7.126460,289.171300,-368.677340,802090.250000,
3.444000,0.839540,0.756230,6.213870,289.202640,-368.676060,802115.562500,
3.446000,0.766480,0.516540,4.655270,289.235170,-368.676610,802140.875000,
3.448000,0.467830,0.143550,5.219240,289.268310,-368.677700,802166.187500,1.000000
3.450000,0.370420,0.369140,6.695800,289.299530,-368.678250,802191.437500,
3.452000,0.689580,0.631900,6.593260,289.329990,-368.676510,802216.750000,
3.454000,0.810060,0.775450,5.147460,289.360750,-368.676090,802242.062500,
3.456000,0.630620,0.599850,3.609380,289.392670,-368.676790,802267.375000,1.000000
3.458000,0.293520,0.510130,5.239750,289.424590,-368.677610,802292.687500,
3.460000,0.347350,0.690860,6.747070,289.455540,-368.677730,802318.000000,
3.462000,0.758790,0.795960,7.321290,289.486660,-368.676420,802343.250000,
3.464000,0.935670,0.788270,5.885740,289.518250,-368.676240,802368.500000,1.000000
3.466000,0.726750,0.447330,4.870610,289.551060,-368.676670,802393.875000,
3.468000,0.357600,0.428100,6.234380,289.583370,-368.677950,802419.125000,
3.470000,0.457580,0.640870,6.808590,289.614380,-368.677700,802444.375000,
3.472000,0.781860,0.731870,6.500980,289.645570,-368.676210,802469.687500,1.000000
3.474000,0.817750,0.634460,4.860350,289.677760,-368.676360,802495.000000,
3.476000,0.551150,0.161500,5.188480,289.711090,-368.677460,802520.312500,
3.478000,0.342220,0.251220,6.552250,289.742860,-368.678440,802545.625000,
3.480000,0.613950,0.524230,6.613770,289.773280,-368.676910,802570.875000,1.000000
3.482000,0.840820,0.739560,5.455080,289.803960,-368.675900,802596.187500,
3.484000,0.681880,0.625490,3.896480,289.835480,-368.676670,802621.562500,
3.486000,0.371700,0.460140,4.645020,289.867520,-368.677370,802646.812500,
3.488000,0.285830,0.644710,6.767580,289.898590,-368.677860,802672.125000,1.000000
3.490000,0.683170,0.720340,7.516110,289.929660,-368.676760,802697.375000,
3.492000,0.965150,0.811340,6.398440,289.961030,-368.676240,802722.687500,
3.494000,0.803650,0.511410,4.757810,289.993560,-368.676390,802748.000000,
3.496000,0.429380,0.367860,5.988280,290.026090,-368.677610,802773.312500,1.000000
3.498000,0.387080,0.580630,6.808590,290.057340,-368.678010,802798.562500,
3.500000,0.729310,0.730590,6.736820,290.088410,-368.676360,802823.812500,
3.502000,0.842100,0.688290,5.680660,290.120090,-368.676090,802849.125000,
3.504000,0.617800,0.281980,4.675780,290.153290,-368.677030,802874.500000,1.000000
3.506000,0.355040,0.216610,6.008790,290.185490,-368.678380,802899.750000,
3.508000,0.531920,0.506290,6.357420,290.216000,-368.677370,802925.000000,
3.510000,0.804930,0.711360,5.875490,290.246550,-368.675810,802950.375000,
3.512000,0.743410,0.684450,4.316890,290.278020,-368.676450,802975.625000,1.000000
3.514000,0.448610,0.384520,4.265630,290.310360,-368.677250,803001.000000,
3.516000,0.231990,0.561400,6.418950,290.341610,-368.677890,803026.250000,
3.518000,0.589600,0.658810,7.136720,290.372680,-368.677030,803051.500000,
3.520000,0.904910,0.790830,6.480470,290.403870,-368.676390,803076.812500,1.000000
3.522000,0.871580,0.590880,4.347660,290.436130,-368.676420,803102.125000,
3.524000,0.515260,0.311460,5.649900,290.468960,-368.677220,803127.437500,
3.526000,0.331970,0.490910,6.849610,290.500490,-368.678130,803152.687500,
3.528000,0.678040,0.707520,7.157230,290.531310,-368.676700,803178.000000,1.000000
3.530000,0.834410,0.739560,5.906250,290.562870,-368.676060,803203.250000,
3.532000,0.697270,0.402470,4.409180,290.595580,-368.676730,803228.625000,
3.534000,0.397340,0.220460,5.649900,290.628170,-368.678100,803253.937500,
3.536000,0.471680,0.540890,6.254880,290.658780,-368.677920,803279.125000,1.000000
3.538000,0.761350,0.708800,6.398440,290.689180,-368.676060,803304.437500,
3.540000,0.806210,0.817750,4.737300,290.720280,-368.676270,803329.812500,
3.542000,0.530640,0.499880,4.265630,290.752590,-368.677120,803355.125000,
3.544000,0.244810,0.572940,5.854980,290.784120,-368.677950,803380.437500,1.000000
3.546000,0.466550,0.698550,7.187990,290.815250,-368.677340,803405.687500,
3.548000,0.853640,0.798520,6.859860,290.846530,-368.676480,803430.937500,
3.550000,0.938230,0.704960,4.942380,290.878510,-368.676510,803456.250000,
3.552000,0.601140,0.374270,5.250000,290.911500,-368.676940,803481.562500,1.000000
3.554000,0.326840,0.443480,6.747070,290.943450,-368.678160,803506.812500,
3.556000,0.574220,0.674190,7.321290,290.974400,-368.677190,803532.125000,
3.558000,0.839540,0.792110,6.306150,291.005710,-368.675990,803557.437500,
3.560000,0.756230,0.524230,4.409180,291.038210,-368.676610,803582.750000,1.000000
3.562000,0.433230,0.214050,5.485840,291.071140,-368.677800,803608.062500,
3.564000,0.389650,0.452450,6.275390,291.102170,-368.678160,803633.312500,
3.566000,0.731870,0.671630,6.459960,291.132720,-368.676390,803658.625000,
3.568000,0.822880,0.783140,5.055180,291.163540,-368.676150,803683.937500,1.000000
3.570000,0.607540,0.585750,3.845210,291.195650,-368.676850,803709.312500,
3.572000,0.289670,0.512700,5.393550,291.227540,-368.677730,803734.562500,
3.574000,0.383240,0.676760,6.870120,291.258540,-368.677670,803759.812500,
3.576000,0.808780,0.744690,7.280270,291.289860,-368.676450,803785.125000,1.000000
3.578000,0.954900,0.708800,5.383300,291.321620,-368.676360,803810.437500,
3.580000,0.701110,0.351200,5.096190,291.354550,-368.676790,803835.687500,
3.582000,0.366580,0.356320,6.490720,291.386810,-368.678040,803861.000000,
3.584000,0.508850,0.628050,7.003420,291.417600,-368.677550,803886.312500,1.000000
3.586000,0.808780,0.790830,6.347170,291.448490,-368.676090,803911.562500,
3.588000,0.802370,0.713930,4.645020,291.480470,-368.676390,803936.875000,
3.590000,0.535770,0.238400,4.962890,291.513610,-368.677550,803962.187500,
3.592000,0.365300,0.374270,6.357420,291.545170,-368.678440,803987.437500,1.000000
3.594000,0.648560,0.630620,6.685550,291.575710,-368.676820,804012.750000,
3.596000,0.849790,0.802370,5.321780,291.606540,-368.675990,804038.062500,
3.598000,0.679320,0.644710,4.029790,291.638310,-368.676760,804063.375000,
3.600000,0.358890,0.513980,4.747560,291.670410,-368.677490,804088.750000,1.000000
3.602000,0.320430,0.694700,6.562500,291.701450,-368.677860,804114.000000,
3.604000,0.707520,0.781860,7.454590,291.732540,-368.676670,804139.250000,
3.606000,0.967710,0.843380,6.172850,291.764040,-368.676300,804164.562500,
3.608000,0.793400,0.511410,5.137210,291.796660,-368.676510,804189.875000,1.000000
3.610000,0.410160,0.420410,5.967770,291.829100,-368.677730,804215.125000,
3.612000,0.421690,0.658810,6.972660,291.860140,-368.677890,804240.437500,
3.614000,0.747250,0.830570,6.552250,291.891020,-368.676240,804265.687500,
3.616000,0.838260,0.776730,5.239750,291.922760,-368.676120,804291.000000,1.000000
3.618000,0.599850,0.325560,4.839840,291.956090,-368.677190,804316.312500,
3.620000,0.355040,0.330690,6.336910,291.988190,-368.678500,804341.625000,
3.622000,0.560120,0.597290,6.849610,292.018770,-368.677280,804366.875000,
3.624000,0.833130,0.812620,5.701170,292.049530,-368.675810,804392.187500,1.000000
3.626000,0.721620,0.729310,4.132320,292.081240,-368.676540,804417.562500,
3.628000,0.435790,0.458860,4.245120,292.113650,-368.677340,804442.812500,
3.630000,0.255070,0.635740,6.562500,292.144990,-368.677950,804468.125000,
3.632000,0.631900,0.694700,7.516110,292.176210,-368.676970,804493.437500,1.000000
3.634000,0.943360,0.836980,6.726560,292.207430,-368.676330,804518.687500,
3.636000,0.843380,0.625490,4.747560,292.239590,-368.676360,804544.000000,
3.638000,0.489620,0.431950,5.557620,292.272060,-368.677340,804569.312500,
3.640000,0.349910,0.634460,6.931640,292.303280,-368.678070,804594.562500,1.000000
3.642000,0.711360,0.826720,6.624020,292.334010,-368.676510,804619.812500,
3.644000,0.856200,0.795960,5.824220,292.365570,-368.676030,804645.187500,
3.646000,0.678040,0.421690,4.665530,292.398530,-368.676790,804670.437500,
3.648000,0.399900,0.273010,5.783200,292.431060,-368.678160,804695.750000,1.000000
3.650000,0.502440,0.563960,6.439450,292.461820,-368.677760,804721.062500,
3.652000,0.784420,0.729310,5.885740,292.492460,-368.676030,804746.312500,
3.654000,0.793400,0.820310,4.686040,292.523800,-368.676390,804771.687500,
3.656000,0.516540,0.478090,4.070800,292.556270,-368.677250,804797.000000,1.000000
3.658000,0.264040,0.580630,6.357420,292.587860,-368.678040,804822.250000,
3.660000,0.530640,0.681880,7.331540,292.618990,-368.677280,804847.562500,
3.662000,0.880550,0.828000,6.870120,292.650090,-368.676390,804872.812500,
3.664000,0.921570,0.724180,4.778320,292.682010,-368.676360,804898.125000,1.000000
3.666000,0.575500,0.433230,5.239750,292.714690,-368.676940,804923.437500,
3.668000,0.329410,0.569090,6.788090,292.746190,-368.678160,804948.750000,
3.670000,0.604980,0.795960,7.105960,292.776890,-368.677030,804974.000000,
3.672000,0.838260,0.857480,6.459960,292.808260,-368.675990,804999.250000,1.000000
3.674000,0.749820,0.510130,4.470700,292.840910,-368.676640,805024.625000,
3.676000,0.422970,0.217900,5.414060,292.873930,-368.677890,805049.937500,
3.678000,0.405030,0.461430,6.521480,292.905030,-368.678160,805075.187500,
3.680000,0.753660,0.642150,6.131840,292.935730,-368.676300,805100.500000,1.000000
3.682000,0.831850,0.757510,5.229490,292.966740,-368.676240,805125.812500,
3.684000,0.579350,0.520390,3.845210,292.999050,-368.677000,805151.125000,
3.686000,0.279420,0.520390,5.772950,293.030760,-368.677860,805176.437500,
3.688000,0.408870,0.708800,6.941890,293.061680,-368.677610,805201.687500,1.000000
3.690000,0.847230,0.849790,7.167480,293.092650,-368.676390,805226.937500,
3.692000,0.972840,0.833130,5.178220,293.124150,-368.676330,805252.312500,
3.694000,0.665220,0.508850,5.055180,293.156830,-368.676790,805277.562500,
3.696000,0.355040,0.547300,6.521480,293.188720,-368.678040,805302.875000,1.000000
3.698000,0.531920,0.795960,7.105960,293.219510,-368.677370,805328.125000,
3.700000,0.834410,0.901060,6.336910,293.250610,-368.676060,805353.437500,
3.702000,0.785710,0.724180,4.439940,293.282990,-368.676480,805378.750000,
3.704000,0.519100,0.279420,5.219240,293.316190,-368.677610,805404.062500,1.000000
3.706000,0.380680,0.438350,6.275390,293.347780,-368.678380,805429.375000,
3.708000,0.676760,0.656250,6.685550,293.378540,-368.676730,805454.625000,
3.710000,0.836980,0.770320,5.291020,293.409610,-368.676090,805479.937500,
3.712000,0.662660,0.608830,4.050290,293.441590,-368.676790,805505.250000,1.000000
3.714000,0.328130,0.498600,5.014160,293.473630,-368.677580,805530.562500,
3.716000,0.330690,0.703670,6.593260,293.504550,-368.677800,805555.875000,
3.718000,0.731870,0.813900,7.505860,293.535550,-368.676510,805581.125000,
3.720000,0.954900,0.870300,5.783200,293.566960,-368.676210,805606.375000,1.000000
3.722000,0.767760,0.538330,5.106450,293.599550,-368.676510,805631.750000,
3.724000,0.384520,0.478090,6.193360,293.631870,-368.677800,805657.062500,
3.726000,0.428100,0.692140,6.993160,293.662930,-368.677800,805682.250000,
3.728000,0.765200,0.808780,6.583010,293.694060,-368.676270,805707.562500,1.000000
3.730000,0.839540,0.726750,4.850100,293.726010,-368.676270,805732.937500,
3.732000,0.583190,0.244810,4.839840,293.759460,-368.677340,805758.187500,
3.734000,0.349910,0.301210,6.213870,293.791410,-368.678560,805783.500000,
3.736000,0.584470,0.561400,6.952150,293.821900,-368.677150,805808.812500,1.000000
3.738000,0.848510,0.808780,5.854980,293.852480,-368.675870,805834.062500,
3.740000,0.699830,0.711360,4.070800,293.883970,-368.676610,805859.437500,
3.742000,0.412720,0.502440,4.645020,293.916080,-368.677340,805884.750000,
3.744000,0.256350,0.684450,6.213870,293.947170,-368.677890,805910.000000,1.000000
3.746000,0.653690,0.760070,7.249510,293.978150,-368.676850,805935.250000,
3.748000,0.967710,0.877990,6.449710,294.009370,-368.676240,805960.562500,
3.750000,0.822880,0.594730,5.003910,294.041780,-368.676300,805985.875000,
3.752000,0.467830,0.422970,5.783200,294.074310,-368.677460,806011.187500,1.000000
3.754000,0.365300,0.648560,6.859860,294.105560,-368.678040,806036.437500,
3.756000,0.715210,0.829280,6.562500,294.136470,-368.676420,806061.750000,
3.758000,0.848510,0.771610,5.301270,294.168210,-368.676090,806087.000000,
3.760000,0.647280,0.392210,4.706540,294.201320,-368.676910,806112.375000,1.000000
3.762000,0.379390,0.288390,5.721680,294.233760,-368.678340,806137.625000,
3.764000,0.524230,0.578060,6.931640,294.264430,-368.677610,806162.937500,
3.766000,0.798520,0.789550,5.926760,294.294860,-368.675930,806188.250000,
3.768000,0.774170,0.857480,4.470700,294.326110,-368.676360,806213.500000,1.000000
3.770000,0.488340,0.561400,3.968260,294.358250,-368.677220,806238.875000,
3.772000,0.235840,0.734440,5.834470,294.389400,-368.677950,806264.187500,
3.774000,0.551150,0.811340,7.649410,294.420410,-368.677150,806289.437500,
3.776000,0.889530,0.913880,6.531740,294.451630,-368.676420,806314.687500,1.000000
3.778000,0.906190,0.707520,4.952640,294.483920,-368.676420,806340.000000,
3.780000,0.560120,0.405030,5.219240,294.516850,-368.677090,806365.312500,
3.782000,0.329410,0.548580,6.726560,294.548550,-368.678160,806390.562500,
3.784000,0.625490,0.752380,6.952150,294.579530,-368.676910,806415.875000,1.000000
3.786000,0.825440,0.799800,6.049800,294.611210,-368.676090,806441.187500,
3.788000,0.729310,0.435790,4.788570,294.644040,-368.676760,806466.500000,
3.790000,0.406310,0.217900,5.557620,294.676910,-368.678100,806491.812500,
3.792000,0.430660,0.490910,6.747070,294.707820,-368.678160,806517.062500,1.000000
3.794000,0.761350,0.703670,6.101070,294.738280,-368.676210,806542.312500,
3.796000,0.815190,0.857480,4.860350,294.769010,-368.676210,806567.687500,
3.798000,0.553710,0.610110,3.988770,294.801060,-368.677000,806593.000000,
3.800000,0.249940,0.675480,5.926760,294.832400,-368.677890,806618.312500,1.000000
3.802000,0.415280,0.821590,7.587890,294.863220,-368.677460,806643.562500,
3.804000,0.844670,0.934390,6.818850,294.894290,-368.676450,806668.875000,
3.806000,0.952330,0.824160,5.229490,294.926120,-368.676450,806694.125000,
3.808000,0.634460,0.455020,4.819340,294.959170,-368.676910,806719.437500,1.000000
3.810000,0.335820,0.472960,6.654790,294.991360,-368.678160,806744.750000,
3.812000,0.544740,0.683170,7.044430,295.022460,-368.677340,806770.000000,
3.814000,0.834410,0.793400,6.726560,295.053740,-368.676090,806795.312500,
3.816000,0.761350,0.567810,4.552730,295.086360,-368.676640,806820.625000,1.000000
3.818000,0.470400,0.190980,5.137210,295.119450,-368.677760,806845.937500,
3.820000,0.374270,0.406310,6.388180,295.150730,-368.678310,806871.187500,
3.822000,0.693420,0.661380,6.131840,295.181210,-368.676540,806896.500000,
3.824000,0.815190,0.811340,5.332030,295.211910,-368.676090,806921.812500,1.000000
3.826000,0.635740,0.643430,3.999020,295.243740,-368.676760,806947.187500,
3.828000,0.296080,0.572940,5.414060,295.275540,-368.677610,806972.437500,
3.830000,0.337100,0.737000,6.788090,295.306490,-368.677730,806997.687500,
3.832000,0.745970,0.843380,7.095700,295.337550,-368.676510,807023.000000,1.000000
3.834000,0.930540,0.835690,5.649900,295.369110,-368.676330,807048.312500,
3.836000,0.730590,0.503720,4.778320,295.401820,-368.676730,807073.562500,
3.838000,0.362730,0.472960,6.500980,295.434080,-368.678010,807098.875000,
3.840000,0.455020,0.684450,7.218750,295.465090,-368.677730,807124.187500,1.000000
3.842000,0.774170,0.778020,6.665040,295.496280,-368.676270,807149.437500,
3.844000,0.816470,0.678040,4.798830,295.528410,-368.676360,807174.750000,
3.846000,0.553710,0.231990,4.665530,295.561650,-368.677460,807200.125000,
3.848000,0.334530,0.355040,6.388180,295.593260,-368.678470,807225.375000,1.000000
3.850000,0.603700,0.640870,6.644530,295.623600,-368.676940,807250.625000,
3.852000,0.840820,0.862610,5.854980,295.654240,-368.675930,807276.000000,
3.854000,0.687010,0.707520,4.091310,295.685880,-368.676670,807301.250000,
3.856000,0.378110,0.540890,4.737300,295.717990,-368.677400,807326.625000,1.000000
3.858000,0.285830,0.712650,6.500980,295.749110,-368.677890,807351.875000,
3.860000,0.676760,0.797240,7.054690,295.780210,-368.676790,807377.125000,
3.862000,0.961300,0.897220,6.388180,295.811580,-368.676270,807402.437500,
3.864000,0.799800,0.594730,4.921880,295.844090,-368.676420,807427.750000,1.000000
3.866000,0.428100,0.471680,6.203610,295.876530,-368.677640,807453.000000,
3.868000,0.379390,0.689580,6.859860,295.907710,-368.678040,807478.312500,
3.870000,0.720340,0.840820,6.644530,295.938690,-368.676360,807503.625000,
3.872000,0.840820,0.771610,5.147460,295.970430,-368.676090,807528.937500,1.000000
3.874000,0.619080,0.369140,4.552730,296.003570,-368.677030,807554.187500,
3.876000,0.353760,0.321720,5.865230,296.035770,-368.678380,807579.500000,
3.878000,0.529360,0.572940,6.757320,296.066440,-368.677460,807604.812500,
3.880000,0.801090,0.762630,6.080570,296.097080,-368.675900,807630.062500,1.000000
3.882000,0.748540,0.745970,4.122070,296.128660,-368.676480,807655.437500,
3.884000,0.453740,0.430660,4.111820,296.161040,-368.677280,807680.750000,
3.886000,0.234560,0.597290,5.885740,296.192380,-368.678010,807706.000000,
3.888000,0.589600,0.697270,7.362300,296.223450,-368.677090,807731.312500,1.000000
3.890000,0.902340,0.834410,6.665040,296.254580,-368.676420,807756.625000,
3.892000,0.874150,0.624210,4.973140,296.286870,-368.676480,807781.875000,
3.894000,0.520390,0.361450,5.731930,296.319610,-368.677310,807807.187500,
3.896000,0.329410,0.535770,6.767580,296.350980,-368.678190,807832.500000,1.000000
3.898000,0.676760,0.769040,7.034180,296.381680,-368.676760,807857.687500,
3.900000,0.834410,0.821590,5.629390,296.413090,-368.676030,807883.062500,
3.902000,0.703670,0.461430,4.562990,296.445710,-368.676730,807908.375000,
3.904000,0.399900,0.299930,5.916500,296.478150,-368.678100,807933.625000,1.000000
3.906000,0.469120,0.580630,6.767580,296.508850,-368.678010,807958.937500,
3.908000,0.762630,0.719060,6.254880,296.539460,-368.676150,807984.250000,
3.910000,0.807500,0.792110,4.552730,296.570680,-368.676330,808009.562500,
3.912000,0.534480,0.451170,3.916990,296.603180,-368.677190,808034.875000,1.000000
3.914000,0.248660,0.535770,5.742190,296.634770,-368.678040,808060.187500,
3.916000,0.470400,0.660100,7.362300,296.665860,-368.677460,808085.437500,
3.918000,0.857480,0.793400,7.198240,296.696990,-368.676510,808110.687500,
3.920000,0.939510,0.674190,5.147460,296.728910,-368.676510,808136.062500,1.000000
3.922000,0.602420,0.372990,5.455080,296.761720,-368.677000,808161.312500,
3.924000,0.321720,0.488340,6.306150,296.793330,-368.678220,808186.625000,
3.926000,0.570370,0.747250,7.023930,296.823910,-368.677220,808211.875000,
3.928000,0.838260,0.883120,6.183110,296.854980,-368.675990,808237.187500,1.000000
3.930000,0.757510,0.599850,4.819340,296.887420,-368.676610,808262.500000,
3.932000,0.439640,0.281980,5.280760,296.920290,-368.677800,808287.812500,
3.934000,0.394780,0.508850,6.449710,296.951390,-368.678220,808313.062500,
3.936000,0.729310,0.710080,6.275390,296.981990,-368.676480,808338.375000,1.000000
3.938000,0.822880,0.797240,4.737300,297.013030,-368.676240,808363.687500,
3.940000,0.610110,0.562680,3.783690,297.045290,-368.676910,808389.000000,
3.942000,0.285830,0.475520,5.465330,297.077360,-368.677800,808414.312500,
3.944000,0.387080,0.608830,7.341800,297.108520,-368.677760,808439.625000,1.000000
3.946000,0.807500,0.706240,7.270020,297.139770,-368.676510,808464.875000,
3.948000,0.949770,0.689580,5.496090,297.171420,-368.676360,808490.187500,
3.950000,0.699830,0.372990,4.819340,297.204130,-368.676790,808515.500000,
3.952000,0.358890,0.416560,6.111330,297.236110,-368.678040,808540.750000,1.000000
3.954000,0.505000,0.680600,7.085450,297.266780,-368.677580,808566.000000,
3.956000,0.807500,0.812620,6.572750,297.297640,-368.676180,808591.312500,
3.958000,0.810060,0.692140,4.952640,297.329710,-368.676450,808616.625000,
3.960000,0.544740,0.226870,4.952640,297.362850,-368.677520,808641.937500,1.000000
3.962000,0.365300,0.367860,6.193360,297.394410,-368.678440,808667.250000,
3.964000,0.644710,0.637020,6.593260,297.424840,-368.676880,808692.500000,
3.966000,0.848510,0.838260,5.188480,297.455570,-368.676060,808717.812500,
3.968000,0.679320,0.665220,4.357910,297.487240,-368.676790,808743.187500,1.000000
3.970000,0.357600,0.544740,4.932130,297.519290,-368.677550,808768.437500,
3.972000,0.323000,0.690860,6.921390,297.550420,-368.677950,808793.750000,
3.974000,0.712650,0.770320,6.993160,297.581540,-368.676700,808819.000000,
3.976000,0.972840,0.816470,6.131840,297.613070,-368.676240,808844.312500,1.000000
3.978000,0.793400,0.471680,4.880860,297.645810,-368.676450,808869.625000,
3.980000,0.408870,0.372990,6.193360,297.678310,-368.677730,808894.937500,
3.982000,0.412720,0.596010,7.331540,297.709440,-368.677920,808920.187500,
3.984000,0.749820,0.743410,6.583010,297.740510,-368.676300,808945.437500,1.000000
3.986000,0.852360,0.665220,5.167970,297.772340,-368.676210,808970.812500,
3.988000,0.608830,0.238400,4.368160,297.805600,-368.677190,808996.125000,
3.990000,0.357600,0.255070,5.978030,297.837590,-368.678470,809021.375000,
3.992000,0.557560,0.517820,6.777830,297.868100,-368.677310,809046.687500,1.000000
3.994000,0.830570,0.754940,6.101070,297.898650,-368.675900,809072.000000,
3.996000,0.733150,0.694700,4.286130,297.930150,-368.676570,809097.250000,
3.998000,0.438350,0.448610,4.132320,297.962310,-368.677340,809122.625000,
4.000000,0.246090,0.642150,6.306150,297.993440,-368.677980,809147.875000,1.000000
4.002000,0.624210,0.734440,7.003420,298.024350,-368.677000,809173.125000,
4.004000,0.936950,0.876710,6.439450,298.055390,-368.676330,809198.437500,
4.006000,0.852360,0.640870,5.157710,298.087590,-368.676360,809223.812500,
4.008000,0.497310,0.419130,5.854980,298.120150,-368.677340,809249.062500,1.000000
4.010000,0.352480,0.601140,6.962400,298.151490,-368.678100,809274.312500,
4.012000,0.715210,0.792110,6.695800,298.182370,-368.676540,809299.625000,
4.014000,0.860050,0.769040,5.588380,298.214050,-368.676060,809324.875000,
4.016000,0.683170,0.410160,4.327150,298.246980,-368.676790,809350.250000,1.000000
4.018000,0.403750,0.267880,5.875490,298.279600,-368.678160,809375.562500,
4.020000,0.506290,0.528080,6.921390,298.310490,-368.677860,809400.812500,
4.022000,0.785710,0.685730,6.336910,298.341160,-368.676090,809426.125000,
4.024000,0.804930,0.784420,4.593750,298.372440,-368.676390,809451.437500,1.000000
4.026000,0.528080,0.452450,3.834960,298.404820,-368.677220,809476.750000,
4.028000,0.262760,0.599850,6.029300,298.436160,-368.678040,809502.062500,
4.030000,0.515260,0.716490,7.198240,298.467100,-368.677280,809527.312500,
4.032000,0.877990,0.857480,7.208500,298.498140,-368.676420,809552.562500,1.000000
4.034000,0.929260,0.719060,5.188480,298.530060,-368.676420,809577.875000,
4.036000,0.584470,0.426820,5.506350,298.562740,-368.677030,809603.187500,
4.038000,0.338380,0.546020,6.572750,298.594270,-368.678160,809628.437500,
4.040000,0.604980,0.767760,6.818850,298.625060,-368.677060,809653.750000,1.000000
4.042000,0.838260,0.831850,6.234380,298.656490,-368.676030,809679.062500,
4.044000,0.747250,0.458860,4.470700,298.689270,-368.676670,809704.375000,
4.046000,0.422970,0.182010,5.629390,298.722320,-368.677950,809729.687500,
4.048000,0.408870,0.417850,6.654790,298.753450,-368.678220,809754.937500,1.000000
4.050000,0.758790,0.616520,6.326660,298.784120,-368.676360,809780.250000,
4.052000,0.836980,0.733150,4.645020,298.815060,-368.676240,809805.562500,
4.054000,0.587040,0.511410,3.701660,298.847320,-368.676970,809830.937500,
4.056000,0.281980,0.503720,5.670410,298.879000,-368.677890,809856.187500,1.000000
4.058000,0.398620,0.688290,7.300780,298.909880,-368.677610,809881.437500,
4.060000,0.838260,0.816470,7.239260,298.940890,-368.676390,809906.750000,
4.062000,0.967710,0.766480,5.311520,298.972440,-368.676330,809932.062500,
4.064000,0.670350,0.444760,5.085940,299.005190,-368.676820,809957.375000,1.000000
4.066000,0.365300,0.488340,6.121580,299.037080,-368.678100,809982.625000,
4.068000,0.544740,0.735720,7.013670,299.067810,-368.677430,810007.937500,
4.070000,0.834410,0.840820,6.449710,299.098850,-368.676090,810033.187500,
4.072000,0.785710,0.661380,4.932130,299.131260,-368.676510,810058.500000,1.000000
4.074000,0.520390,0.199950,5.219240,299.164460,-368.677640,810083.812500,
4.076000,0.384520,0.375550,6.377930,299.195950,-368.678410,810109.062500,
4.078000,0.674190,0.613950,6.634280,299.226560,-368.676760,810134.375000,
4.080000,0.839540,0.751100,5.014160,299.257480,-368.676090,810159.687500,1.000000
4.082000,0.669070,0.583190,3.906740,299.289340,-368.676790,810185.062500,
4.084000,0.335820,0.497310,5.229490,299.321320,-368.677580,810210.375000,
4.086000,0.334530,0.697270,7.075200,299.352230,-368.677800,810235.625000,
4.088000,0.731870,0.806210,7.393070,299.383240,-368.676540,810260.875000,1.000000
4.090000,0.949770,0.860050,5.793460,299.414640,-368.676240,810286.187500,
4.092000,0.763920,0.520390,4.696290,299.447300,-368.676540,810311.500000,
4.094000,0.388370,0.470400,6.039550,299.479610,-368.677830,810336.750000,
4.096000,0.434510,0.692140,6.941890,299.510650,-368.677800,810362.062500,1.000000
4.098000,0.766480,0.817750,6.911130,299.541720,-368.676270,810387.375000,
4.100000,0.836980,0.745970,5.137210,299.573670,-368.676240,810412.625000,
4.102000,0.583190,0.283260,4.973140,299.607060,-368.677340,810438.000000,
4.104000,0.346070,0.328130,5.793460,299.639040,-368.678560,810463.250000,1.000000
4.106000,0.580630,0.553710,6.634280,299.669710,-368.677190,810488.500000,
4.108000,0.852360,0.753660,5.670410,299.700590,-368.675930,810513.812500,
4.110000,0.704960,0.619080,4.265630,299.732360,-368.676640,810539.187500,
4.112000,0.417850,0.397340,4.655270,299.764650,-368.677370,810564.437500,1.000000
4.114000,0.256350,0.594730,6.429200,299.795810,-368.677950,810589.750000,
4.116000,0.654970,0.712650,7.372560,299.826660,-368.676880,810615.062500,
4.118000,0.962590,0.852360,5.854980,299.857790,-368.676240,810640.312500,
4.120000,0.820310,0.569090,4.942380,299.890140,-368.676330,810665.625000,1.000000
4.122000,0.463990,0.384520,5.824220,299.922670,-368.677490,810690.937500,
4.124000,0.365300,0.610110,7.146970,299.953920,-368.678070,810716.187500,
4.126000,0.720340,0.802370,6.849610,299.984830,-368.676420,810741.437500,
4.128000,0.851070,0.748540,5.414060,300.016510,-368.676090,810766.812500,1.000000
4.130000,0.649840,0.370420,4.419430,300.049650,-368.676910,810792.062500,
4.132000,0.380680,0.251220,5.362790,300.082150,-368.678380,810817.375000,
4.134000,0.517820,0.526790,6.818850,300.112880,-368.677700,810842.687500,
4.136000,0.797240,0.721620,6.254880,300.143460,-368.675990,810867.937500,1.000000
4.138000,0.776730,0.785710,4.747560,300.174800,-368.676390,810893.312500,
4.140000,0.492190,0.437070,4.070800,300.207090,-368.677220,810918.625000,
4.142000,0.243530,0.610110,5.834470,300.238400,-368.678040,810943.875000,
4.144000,0.554990,0.687010,7.321290,300.269470,-368.677190,810969.187500,1.000000
4.146000,0.892090,0.793400,6.295900,300.300750,-368.676420,810994.500000,
4.148000,0.895940,0.604980,5.188480,300.332980,-368.676420,811019.750000,
4.150000,0.553710,0.316590,5.742190,300.365840,-368.677090,811045.062500,
4.152000,0.330690,0.483220,6.921390,300.397430,-368.678190,811070.375000,1.000000
4.154000,0.628050,0.710080,6.982910,300.428250,-368.676940,811095.625000,
4.156000,0.833130,0.772890,5.875490,300.459720,-368.676090,811120.937500,
4.158000,0.735720,0.414000,4.480960,300.492460,-368.676760,811146.250000,
4.160000,0.401180,0.189700,5.424320,300.525300,-368.678070,811171.562500,1.000000
4.162000,0.420410,0.490910,7.034180,300.556060,-368.678160,811196.812500,
4.164000,0.758790,0.715210,6.500980,300.586490,-368.676210,811222.125000,
4.166000,0.820310,0.885680,4.850100,300.617190,-368.676240,811247.437500,
4.168000,0.556270,0.628050,3.629880,300.649290,-368.677060,811272.750000,1.000000
4.170000,0.253780,0.652400,5.742190,300.680790,-368.677980,811298.062500,
4.172000,0.426820,0.778020,7.270020,300.711850,-368.677520,811323.312500,
4.174000,0.851070,0.860050,7.054690,300.743130,-368.676420,811348.562500,
4.176000,0.951050,0.761350,5.465330,300.775090,-368.676360,811373.937500,1.000000
4.178000,0.630620,0.415280,5.075680,300.808140,-368.676880,811399.250000,
4.180000,0.335820,0.469120,6.562500,300.840210,-368.678190,811424.500000,
4.182000,0.548580,0.694700,6.613770,300.871250,-368.677400,811449.750000,
4.184000,0.842100,0.786990,6.511230,300.902590,-368.676090,811475.062500,1.000000
4.186000,0.766480,0.552430,4.696290,300.935240,-368.676610,811500.375000,
4.188000,0.475520,0.158940,5.496090,300.968440,-368.677760,811525.687500,
4.190000,0.376830,0.390930,6.603520,300.999690,-368.678310,811551.000000,
4.192000,0.690860,0.675480,6.572750,301.030090,-368.676540,811576.250000,1.000000
4.194000,0.819030,0.831850,5.055180,301.060760,-368.676060,811601.562500,
4.196000,0.640870,0.661380,3.660640,301.092620,-368.676790,811626.875000,
4.198000,0.297360,0.557560,5.362790,301.124510,-368.677640,811652.187500,
4.200000,0.347350,0.739560,7.085450,301.155460,-368.677760,811677.500000,1.000000
4.202000,0.756230,0.843380,7.444340,301.186520,-368.676480,811702.750000,
4.204000,0.934390,0.861330,5.885740,301.218050,-368.676240,811728.000000,
4.206000,0.734440,0.492190,4.696290,301.250890,-368.676640,811753.375000,
4.208000,0.364010,0.426820,6.316410,301.283390,-368.678010,811778.687500,1.000000
4.210000,0.453740,0.619080,6.911130,301.314580,-368.677760,811803.875000,
4.212000,0.781860,0.720340,6.808590,301.345890,-368.676270,811829.187500,
4.214000,0.821590,0.639590,5.147460,301.378020,-368.676360,811854.562500,
4.216000,0.554990,0.179440,5.014160,301.411320,-368.677430,811879.812500,1.000000
4.218000,0.340940,0.326840,6.285640,301.442960,-368.678560,811905.125000,
4.220000,0.617800,0.611390,6.449710,301.473240,-368.677030,811930.437500,
4.222000,0.853640,0.831850,5.690920,301.503910,-368.675900,811955.687500,
4.224000,0.687010,0.669070,3.968260,301.535460,-368.676670,811981.062500,1.000000
4.226000,0.383240,0.507570,4.880860,301.567600,-368.677400,812006.375000,
4.228000,0.273010,0.713930,6.747070,301.598570,-368.677920,812031.625000,
4.230000,0.679320,0.815190,7.393070,301.629550,-368.676760,812056.875000,
4.232000,0.974120,0.913880,5.937010,301.660860,-368.676240,812082.187500,1.000000
4.234000,0.808780,0.608830,4.932130,301.693360,-368.676390,812107.500000,
4.236000,0.435790,0.457580,5.916500,301.725890,-368.677640,812132.812500,
4.238000,0.384520,0.663940,6.890630,301.757140,-368.678100,812158.062500,
4.240000,0.730590,0.820310,6.880370,301.788240,-368.676360,812183.375000,1.000000
4.242000,0.844670,0.758790,5.465330,301.819950,-368.676090,812208.625000,
4.244000,0.620360,0.374270,4.480960,301.853150,-368.677000,812234.000000,
4.246000,0.355040,0.323000,5.670410,301.885310,-368.678410,812259.250000,
4.248000,0.534480,0.610110,6.552250,301.915860,-368.677490,812284.562500,1.000000
4.250000,0.811340,0.811340,6.080570,301.946440,-368.675840,812309.875000,
4.252000,0.757510,0.810060,4.450200,301.978000,-368.676390,812335.125000,
4.254000,0.457580,0.499880,4.378420,302.010310,-368.677250,812360.500000,
4.256000,0.230710,0.683170,6.142090,302.041690,-368.678040,812385.812500,1.000000
4.258000,0.588320,0.743410,7.311040,302.072910,-368.677150,812411.062500,
4.260000,0.912600,0.844670,6.316410,302.104280,-368.676420,812436.312500,
4.262000,0.884400,0.617800,4.809080,302.136690,-368.676480,812461.687500,
4.264000,0.528080,0.340940,5.854980,302.169590,-368.677250,812486.937500,1.000000
4.266000,0.328130,0.539610,7.126460,302.200990,-368.678160,812512.187500,
4.268000,0.674190,0.797240,7.239260,302.231570,-368.676760,812537.500000,
4.270000,0.834410,0.883120,5.875490,302.262820,-368.675990,812562.812500,
4.272000,0.707520,0.526790,4.142580,302.295380,-368.676730,812588.125000,1.000000
4.274000,0.394780,0.308900,5.496090,302.328030,-368.678130,812613.437500,
4.276000,0.470400,0.581910,6.665040,302.358830,-368.678040,812638.687500,
4.278000,0.772890,0.728030,6.449710,302.389470,-368.676120,812663.937500,
4.280000,0.816470,0.848510,4.962890,302.420590,-368.676240,812689.312500,1.000000
4.282000,0.534480,0.515260,3.875980,302.453060,-368.677090,812714.625000,
4.284000,0.243530,0.597290,5.762700,302.484680,-368.678040,812739.937500,
4.286000,0.458860,0.715210,6.941890,302.515840,-368.677490,812765.187500,
4.288000,0.861330,0.812620,6.798340,302.547150,-368.676510,812790.500000,1.000000
4.290000,0.945920,0.685730,5.219240,302.579220,-368.676510,812815.750000,
4.292000,0.607540,0.351200,5.557620,302.612180,-368.676970,812841.062500,
4.294000,0.320430,0.478090,6.962400,302.643860,-368.678220,812866.375000,
4.296000,0.570370,0.770320,6.870120,302.674440,-368.677220,812891.625000,1.000000
4.298000,0.844670,0.894650,6.070310,302.705440,-368.675960,812916.937500,
4.300000,0.760070,0.611390,4.491210,302.737880,-368.676610,812942.250000,
4.302000,0.440920,0.280700,5.044920,302.770780,-368.677830,812967.562500,
4.304000,0.392210,0.511410,6.829100,302.801850,-368.678280,812992.812500,1.000000
4.306000,0.731870,0.721620,6.583010,302.832460,-368.676450,813018.125000,
4.308000,0.830570,0.802370,5.055180,302.863460,-368.676180,813043.437500,
4.310000,0.615230,0.575500,3.455570,302.895750,-368.676880,813068.750000,
4.312000,0.287110,0.478090,5.116700,302.927800,-368.677800,813094.062500,1.000000
4.314000,0.380680,0.653690,7.218750,302.958920,-368.677800,813119.312500,
4.316000,0.804930,0.756230,7.095700,302.990140,-368.676510,813144.625000,
4.318000,0.958740,0.756230,5.926760,303.021760,-368.676360,813169.937500,
4.320000,0.710080,0.440920,5.024410,303.054470,-368.676790,813195.187500,1.000000
4.322000,0.361450,0.465270,6.408690,303.086490,-368.678100,813220.500000,
4.324000,0.502440,0.735720,6.870120,303.117190,-368.677640,813245.812500,
4.326000,0.808780,0.861330,6.306150,303.148040,-368.676180,813271.062500,
4.328000,0.811340,0.756230,4.973140,303.180110,-368.676390,813296.375000,1.000000
4.330000,0.544740,0.292240,5.301270,303.213200,-368.677520,813321.750000,
4.332000,0.366580,0.455020,6.480470,303.244690,-368.678470,813347.000000,
4.334000,0.652400,0.721620,6.706050,303.275090,-368.676910,813372.250000,
4.336000,0.861330,0.903630,5.301270,303.305940,-368.676030,813397.562500,1.000000
4.338000,0.681880,0.706240,3.670900,303.337740,-368.676820,813422.875000,
4.340000,0.360170,0.537050,4.839840,303.370060,-368.677550,813448.250000,
4.342000,0.320430,0.672910,7.116210,303.401340,-368.677980,813473.500000,
4.344000,0.711360,0.756230,7.403320,303.432590,-368.676760,813498.750000,1.000000
4.346000,0.981810,0.844670,6.193360,303.464050,-368.676300,813524.062500,
4.348000,0.806210,0.529360,4.809080,303.496610,-368.676510,813549.375000,
4.350000,0.415280,0.451170,6.070310,303.528960,-368.677730,813574.625000,
4.352000,0.414000,0.688290,6.788090,303.559970,-368.677950,813599.937500,1.000000
4.354000,0.749820,0.848510,6.736820,303.590910,-368.676330,813625.250000,
4.356000,0.848510,0.784420,5.393550,303.622620,-368.676150,813650.562500,
4.358000,0.608830,0.355040,4.665530,303.655880,-368.677150,813675.812500,
4.360000,0.362730,0.352480,5.988280,303.687990,-368.678500,813701.125000,1.000000
4.362000,0.561400,0.606260,6.470210,303.718600,-368.677370,813726.437500,
4.364000,0.836980,0.801090,5.896000,303.749360,-368.675930,813751.687500,
4.366000,0.738280,0.720340,4.152830,303.781070,-368.676610,813777.062500,
4.368000,0.442200,0.447330,4.460450,303.813390,-368.677400,813802.375000,1.000000
4.370000,0.244810,0.640870,6.480470,303.844640,-368.678040,813827.625000,
4.372000,0.630620,0.739560,7.454590,303.875580,-368.677030,813852.937500,
4.374000,0.949770,0.867740,6.429200,303.906740,-368.676330,813878.250000,
4.376000,0.860050,0.613950,4.634770,303.939000,-368.676360,813903.500000,1.000000
4.378000,0.499880,0.394780,5.916500,303.971590,-368.677340,813928.812500,
4.380000,0.346070,0.611390,6.982910,304.002780,-368.678100,813954.125000,
4.382000,0.712650,0.825440,6.993160,304.033540,-368.676610,813979.375000,
4.384000,0.857480,0.812620,5.988280,304.065090,-368.676060,814004.687500,1.000000
4.386000,0.685730,0.446040,4.306640,304.097960,-368.676790,814030.000000,
4.388000,0.406310,0.299930,5.680660,304.130550,-368.678220,814055.250000,
4.390000,0.512700,0.576780,6.583010,304.161380,-368.677920,814080.562500,
4.392000,0.795960,0.733150,6.326660,304.192020,-368.676120,814105.875000,1.000000
4.394000,0.808780,0.844670,4.798830,304.223240,-368.676360,814131.187500,
4.396000,0.522950,0.528080,4.275880,304.255550,-368.677220,814156.500000,
4.398000,0.257630,0.684450,5.978030,304.286830,-368.678040,814181.812500,
4.400000,0.502440,0.802370,7.249510,304.317750,-368.677340,814207.062500,1.000000
4.402000,0.885680,0.951050,6.839360,304.348750,-368.676450,814232.312500,
4.404000,0.943360,0.821590,4.860350,304.380650,-368.676450,814257.687500,
4.406000,0.598570,0.499880,5.537110,304.413420,-368.677000,814282.937500,
4.408000,0.338380,0.594730,6.747070,304.445160,-368.678160,814308.250000,1.000000
4.410000,0.602420,0.786990,7.218750,304.476140,-368.677090,814333.500000,
4.412000,0.847230,0.834410,6.101070,304.507780,-368.676090,814358.812500,
4.414000,0.752380,0.478090,4.460450,304.540680,-368.676700,814384.125000,
4.416000,0.424260,0.180730,5.188480,304.573760,-368.677920,814409.437500,1.000000
4.418000,0.406310,0.426820,6.439450,304.604980,-368.678250,814434.687500,
4.420000,0.761350,0.642150,6.747070,304.635590,-368.676390,814460.000000,
4.422000,0.844670,0.779300,4.788570,304.666410,-368.676240,814485.312500,
4.424000,0.592160,0.574220,3.937500,304.698550,-368.676970,814510.625000,1.000000
4.426000,0.283260,0.570370,5.342290,304.730100,-368.677890,814535.937500,
4.428000,0.401180,0.778020,7.177730,304.760890,-368.677640,814561.250000,
4.430000,0.847230,0.915160,6.941890,304.791720,-368.676420,814586.500000,
4.432000,0.981810,0.893370,5.578130,304.823210,-368.676300,814611.812500,1.000000
4.434000,0.680600,0.557560,5.301270,304.855830,-368.676790,814637.125000,
4.436000,0.364010,0.579350,6.541990,304.887850,-368.678100,814662.375000,
4.438000,0.538330,0.792110,7.136720,304.918760,-368.677490,814687.625000,
4.440000,0.835690,0.839540,6.162600,304.950130,-368.676150,814712.937500,1.000000
4.442000,0.792110,0.631900,4.696290,304.982790,-368.676510,814738.250000,
4.444000,0.525510,0.171750,5.096190,305.016140,-368.677640,814763.562500,
4.446000,0.381960,0.353760,6.572750,305.047730,-368.678440,814788.875000,
4.448000,0.678040,0.626770,7.034180,305.078220,-368.676790,814814.187500,1.000000
4.450000,0.854920,0.780580,5.332030,305.109160,-368.676060,814839.437500,
4.452000,0.674190,0.598570,3.793950,305.140960,-368.676790,814864.812500,
4.454000,0.334530,0.502440,4.798830,305.172970,-368.677580,814890.062500,
4.456000,0.328130,0.707520,6.839360,305.203800,-368.677860,814915.375000,1.000000
4.458000,0.733150,0.826720,7.331540,305.234710,-368.676540,814940.625000,
4.460000,0.966430,0.875430,6.203610,305.266080,-368.676210,814965.937500,
4.462000,0.781860,0.537050,5.044920,305.298650,-368.676510,814991.250000,
4.464000,0.396060,0.475520,6.090820,305.330930,-368.677800,815016.562500,1.000000
4.466000,0.431950,0.701110,6.798340,305.361910,-368.677890,815041.812500,
4.468000,0.766480,0.822880,6.377930,305.392970,-368.676330,815067.062500,
4.470000,0.839540,0.724180,5.137210,305.424900,-368.676300,815092.437500,
4.472000,0.585750,0.280700,4.911620,305.458190,-368.677340,815117.750000,1.000000
4.474000,0.353760,0.307620,6.285640,305.490200,-368.678560,815143.000000,
4.476000,0.584470,0.558840,6.808590,305.520750,-368.677190,815168.312500,
4.478000,0.849790,0.779300,5.475590,305.551420,-368.675840,815193.625000,
4.480000,0.703670,0.692140,3.999020,305.583010,-368.676610,815218.937500,1.000000
4.482000,0.416560,0.489620,4.224610,305.615080,-368.677340,815244.250000,
4.484000,0.255070,0.690860,6.624020,305.646150,-368.677950,815269.500000,
4.486000,0.654970,0.790830,7.516110,305.677060,-368.676910,815294.750000,
4.488000,0.970280,0.892090,6.562500,305.708310,-368.676300,815320.062500,1.000000
4.490000,0.829280,0.602420,4.727050,305.740780,-368.676360,815345.437500,
4.492000,0.470400,0.393490,5.772950,305.773440,-368.677490,815370.687500,
4.494000,0.364010,0.612670,6.818850,305.804750,-368.678100,815395.937500,
4.496000,0.720340,0.808780,6.552250,305.835660,-368.676510,815421.250000,1.000000
4.498000,0.860050,0.767760,6.008790,305.867310,-368.676090,815446.500000,
4.500000,0.654970,0.397340,4.521970,305.900240,-368.676910,815471.875000,
4.502000,0.383240,0.293520,5.926760,305.932590,-368.678310,815497.187500,
4.504000,0.521670,0.587040,6.593260,305.963170,-368.677700,815522.437500,1.000000
4.506000,0.807500,0.775450,5.824220,305.993650,-368.675960,815547.750000,
4.508000,0.788270,0.834410,4.665530,306.024960,-368.676360,815573.062500,
4.510000,0.498600,0.474240,4.081050,306.057340,-368.677220,815598.375000,
4.512000,0.246090,0.620360,6.244630,306.088780,-368.678040,815623.687500,1.000000
4.514000,0.546020,0.699830,7.352050,306.119900,-368.677250,815648.937500,
4.516000,0.897220,0.806210,6.736820,306.151210,-368.676450,815674.187500,
4.518000,0.913880,0.607540,4.747560,306.183500,-368.676480,815699.500000,
4.520000,0.569090,0.305050,5.383300,306.216460,-368.677120,815724.875000,1.000000
4.522000,0.334530,0.462710,7.054690,306.248080,-368.678220,815750.062500,
4.524000,0.625490,0.684450,7.126460,306.278900,-368.677030,815775.375000,
4.526000,0.833130,0.742130,6.254880,306.310360,-368.676090,815800.687500,
4.528000,0.731870,0.388370,4.357910,306.343050,-368.676790,815826.000000,1.000000
4.530000,0.403750,0.180730,5.424320,306.375700,-368.678040,815851.312500,
4.532000,0.420410,0.493470,6.644530,306.406340,-368.678160,815876.562500,
4.534000,0.763920,0.721620,6.244630,306.436610,-368.676240,815901.875000,
4.536000,0.825440,0.851070,4.911620,306.467290,-368.676240,815927.187500,1.000000
4.538000,0.560120,0.589600,3.824710,306.499450,-368.677060,815952.562500,
4.540000,0.255070,0.570370,5.896000,306.531040,-368.677980,815977.812500,
4.542000,0.420410,0.692140,6.962400,306.562160,-368.677580,816003.062500,
4.544000,0.857480,0.776730,6.911130,306.593410,-368.676480,816028.375000,1.000000
4.546000,0.961300,0.697270,5.393550,306.625240,-368.676420,816053.687500,
4.548000,0.639590,0.376830,5.137210,306.658110,-368.676910,816079.000000,
4.550000,0.335820,0.439640,6.767580,306.690120,-368.678190,816104.250000,
4.552000,0.546020,0.674190,7.085450,306.721040,-368.677400,816129.562500,1.000000
4.554000,0.840820,0.763920,6.449710,306.752230,-368.676150,816154.812500,
4.556000,0.765200,0.569090,4.491210,306.784730,-368.676640,816180.125000,
4.558000,0.480650,0.169190,5.352540,306.817720,-368.677760,816205.437500,
4.560000,0.376830,0.412720,6.398440,306.848880,-368.678310,816230.687500,1.000000
4.562000,0.692140,0.687010,6.818850,306.879210,-368.676610,816256.000000,
4.564000,0.824160,0.816470,5.455080,306.909970,-368.676090,816281.375000,
4.566000,0.643430,0.622920,3.650390,306.941830,-368.676820,816306.687500,
4.568000,0.299930,0.519100,5.403810,306.973790,-368.677700,816332.000000,1.000000
4.570000,0.338380,0.689580,6.849610,307.004760,-368.677830,816357.250000,
4.572000,0.748540,0.779300,7.352050,307.035890,-368.676540,816382.500000,
4.574000,0.940800,0.775450,5.865230,307.067540,-368.676330,816407.812500,
4.576000,0.744690,0.396060,5.178220,307.100430,-368.676700,816433.125000,1.000000
4.578000,0.366580,0.338380,6.470210,307.132870,-368.677980,816458.375000,
4.580000,0.446040,0.554990,6.818850,307.163970,-368.677800,816483.687500,
4.582000,0.774170,0.690860,6.777830,307.195040,-368.676300,816509.000000,
4.584000,0.820310,0.628050,4.655270,307.226960,-368.676360,816534.250000,1.000000
4.586000,0.554990,0.201230,4.932130,307.260070,-368.677460,816559.625000,
4.588000,0.338380,0.316590,6.347170,307.291600,-368.678590,816584.875000,
4.590000,0.608830,0.601140,6.859860,307.321840,-368.677120,816610.125000,
4.592000,0.845950,0.812620,5.701170,307.352480,-368.675960,816635.437500,1.000000
4.594000,0.688290,0.654970,3.845210,307.384060,-368.676730,816660.812500,
4.596000,0.387080,0.492190,4.439940,307.416140,-368.677490,816686.125000,
4.598000,0.275570,0.695980,6.418950,307.447170,-368.677950,816711.375000,
4.600000,0.675480,0.790830,7.177730,307.478180,-368.676850,816736.687500,1.000000
4.602000,0.970280,0.862610,6.316410,307.509550,-368.676330,816761.937500,
4.604000,0.804930,0.540890,5.137210,307.542140,-368.676480,816787.250000,
4.606000,0.434510,0.356320,5.967770,307.574800,-368.677610,816812.562500,
4.608000,0.374270,0.565250,6.767580,307.606140,-368.678070,816837.812500,1.000000
4.610000,0.724180,0.713930,6.624020,307.637210,-368.676420,816863.125000,
4.612000,0.843380,0.658810,5.352540,307.668950,-368.676150,816888.437500,
4.614000,0.622920,0.280700,4.737300,307.702030,-368.677060,816913.687500,
4.616000,0.356320,0.229430,5.978030,307.734190,-368.678410,816939.000000,1.000000
4.618000,0.526790,0.515260,6.900880,307.764740,-368.677550,816964.312500,
4.620000,0.806210,0.703670,5.906250,307.795290,-368.675960,816989.562500,
4.622000,0.758790,0.716490,4.204100,307.826780,-368.676510,817014.937500,
4.624000,0.458860,0.385800,4.142580,307.859040,-368.677340,817040.250000,1.000000
4.626000,0.237120,0.584470,6.254880,307.890320,-368.678100,817065.500000,
4.628000,0.588320,0.671630,7.618650,307.921330,-368.677190,817090.812500,
4.630000,0.906190,0.797240,6.777830,307.952510,-368.676450,817116.125000,
4.632000,0.883120,0.604980,4.860350,307.984650,-368.676480,817141.375000,1.000000
4.634000,0.526790,0.361450,5.516600,308.017270,-368.677250,817166.687500,
4.636000,0.320430,0.553710,6.788090,308.048550,-368.678160,817192.000000,
4.638000,0.660100,0.788270,7.013670,308.079190,-368.676850,817217.250000,
4.640000,0.831850,0.808780,5.947270,308.110690,-368.676120,817242.562500,1.000000
4.642000,0.711360,0.414000,4.798830,308.143460,-368.676790,817267.875000,
4.644000,0.397340,0.192260,5.434570,308.176240,-368.678160,817293.187500,
4.646000,0.462710,0.488340,6.726560,308.207060,-368.678070,817318.437500,
4.648000,0.762630,0.672910,6.029300,308.237610,-368.676210,817343.750000,1.000000
4.650000,0.808780,0.798520,4.511720,308.268620,-368.676330,817369.062500,
4.652000,0.535770,0.485780,4.111820,308.301030,-368.677190,817394.375000,
4.654000,0.244810,0.551150,6.121580,308.332580,-368.678100,817419.687500,
4.656000,0.461430,0.678040,7.239260,308.363680,-368.677550,817444.937500,1.000000
4.658000,0.863890,0.795960,7.013670,308.394840,-368.676540,817470.250000,
4.660000,0.940800,0.695980,4.932130,308.426760,-368.676510,817495.562500,
4.662000,0.604980,0.384520,5.178220,308.459560,-368.677000,817520.875000,
4.664000,0.314030,0.485780,6.500980,308.491240,-368.678220,817546.125000,1.000000
4.666000,0.561400,0.747250,7.280270,308.521910,-368.677340,817571.375000,
4.668000,0.840820,0.843380,6.583010,308.553040,-368.676120,817596.750000,
4.670000,0.756230,0.553710,4.460450,308.585570,-368.676700,817622.000000,
4.672000,0.443480,0.187130,5.362790,308.618590,-368.677890,817647.312500,1.000000
4.674000,0.392210,0.425540,6.316410,308.649750,-368.678310,817672.625000,
4.676000,0.725460,0.644710,6.357420,308.680360,-368.676510,817697.875000,
4.678000,0.821590,0.726750,5.116700,308.711300,-368.676210,817723.187500,
4.680000,0.610110,0.534480,3.824710,308.743470,-368.676910,817748.500000,1.000000
4.682000,0.280700,0.437070,5.506350,308.775480,-368.677860,817773.812500,
4.684000,0.371700,0.629330,7.054690,308.806520,-368.677830,817799.125000,
4.686000,0.794680,0.720340,7.013670,308.837710,-368.676540,817824.375000,
4.688000,0.954900,0.724180,5.680660,308.869290,-368.676360,817849.687500,1.000000
4.690000,0.715210,0.387080,5.034670,308.902010,-368.676790,817875.000000,
4.692000,0.361450,0.394780,6.459960,308.934110,-368.678100,817900.312500,
4.694000,0.492190,0.656250,7.064940,308.964840,-368.677670,817925.500000,
4.696000,0.798520,0.770320,6.634280,308.995790,-368.676270,817950.812500,1.000000
4.698000,0.808780,0.674190,4.614260,309.027800,-368.676480,817976.187500,
4.700000,0.542180,0.208920,4.880860,309.060910,-368.677580,818001.437500,
4.702000,0.365300,0.357600,6.490720,309.092380,-368.678560,818026.750000,
4.704000,0.649840,0.622920,6.593260,309.122770,-368.676970,818052.062500,1.000000
4.706000,0.856200,0.789550,5.567870,309.153690,-368.676060,818077.312500,
4.708000,0.680600,0.610110,3.824710,309.185360,-368.676820,818102.687500,
4.710000,0.358890,0.448610,4.819340,309.217650,-368.677580,818128.000000,
4.712000,0.312740,0.608830,6.726560,309.248780,-368.678010,818153.250000,1.000000
4.714000,0.708800,0.704960,7.013670,309.279940,-368.676790,818178.500000,
4.716000,0.980530,0.803650,6.234380,309.311280,-368.676300,818203.812500,
4.718000,0.802370,0.496030,4.973140,309.343780,-368.676510,818229.125000,
4.720000,0.414000,0.401180,6.265140,309.376190,-368.677730,818254.437500,1.000000
4.722000,0.403750,0.635740,6.747070,309.407230,-368.678010,818279.687500,
4.724000,0.742130,0.793400,6.634280,309.438200,-368.676360,818305.000000,
4.726000,0.845950,0.717770,5.291020,309.469940,-368.676240,818330.312500,
4.728000,0.606260,0.297360,4.439940,309.503230,-368.677250,818355.625000,1.000000
4.730000,0.358890,0.261470,6.090820,309.535430,-368.678560,818380.875000,
4.732000,0.562680,0.534480,6.921390,309.566040,-368.677430,818406.187500,
4.734000,0.833130,0.749820,6.008790,309.596680,-368.675960,818431.500000,
4.736000,0.735720,0.701110,3.968260,309.628300,-368.676570,818456.812500,1.000000
4.738000,0.438350,0.407590,4.347660,309.660610,-368.677400,818482.125000,
4.740000,0.240970,0.589600,6.244630,309.691930,-368.678070,818507.437500,
4.742000,0.617800,0.669070,7.311040,309.722960,-368.677090,818532.687500,
4.744000,0.939510,0.785710,6.788090,309.754240,-368.676390,818557.937500,1.000000
4.746000,0.865170,0.554990,4.911620,309.786530,-368.676420,818583.312500,
4.748000,0.503720,0.331970,6.049800,309.819150,-368.677400,818608.562500,
4.750000,0.347350,0.562680,6.788090,309.850400,-368.678160,818633.812500,
4.752000,0.706240,0.763920,6.890630,309.881160,-368.676670,818659.125000,1.000000
4.754000,0.853640,0.757510,5.721680,309.912810,-368.676120,818684.437500,
4.756000,0.685730,0.381960,4.573240,309.945680,-368.676880,818709.750000,
4.758000,0.406310,0.205080,5.916500,309.978360,-368.678280,818735.062500,
4.760000,0.510130,0.507570,6.859860,310.009190,-368.677950,818760.375000,1.000000
4.762000,0.789550,0.662660,6.306150,310.039790,-368.676120,818785.625000,
4.764000,0.807500,0.779300,4.296390,310.071010,-368.676360,818810.937500,
4.766000,0.524230,0.439640,4.070800,310.103390,-368.677250,818836.250000,
4.768000,0.256350,0.579350,6.029300,310.134770,-368.678130,818861.562500,1.000000
4.770000,0.501160,0.698550,7.382810,310.165770,-368.677400,818886.812500,
4.772000,0.885680,0.803650,7.023930,310.196960,-368.676510,818912.125000,
4.774000,0.943360,0.684450,5.096190,310.228910,-368.676480,818937.437500,
4.776000,0.594730,0.348630,5.147460,310.261780,-368.677060,818962.750000,1.000000
4.778000,0.335820,0.447330,6.480470,310.293520,-368.678220,818988.000000,
4.780000,0.596010,0.689580,6.993160,310.324400,-368.677150,819013.250000,
4.782000,0.843380,0.770320,6.265140,310.355770,-368.676090,819038.562500,
4.784000,0.756230,0.465270,4.675780,310.388460,-368.676730,819063.937500,1.000000
4.786000,0.429380,0.165340,5.403810,310.421480,-368.677980,819089.187500,
4.788000,0.420410,0.417850,6.572750,310.452610,-368.678310,819114.500000,
4.790000,0.761350,0.624210,6.224120,310.483280,-368.676420,819139.750000,
4.792000,0.843380,0.724180,4.737300,310.514190,-368.676300,819165.062500,1.000000
4.794000,0.592160,0.538330,3.916990,310.546390,-368.677000,819190.437500,
4.796000,0.280700,0.503720,5.752440,310.578060,-368.677890,819215.687500,
4.798000,0.398620,0.730590,7.495610,310.608860,-368.677700,819240.937500,
4.800000,0.839540,0.857480,7.054690,310.639770,-368.676450,819266.250000,1.000000
4.802000,0.980530,0.843380,5.434570,310.671230,-368.676360,819291.562500,
4.804000,0.688290,0.489620,4.911620,310.703980,-368.676850,819316.812500,
4.806000,0.367860,0.488340,6.347170,310.736110,-368.678160,819342.125000,
4.808000,0.539610,0.737000,7.311040,310.767000,-368.677490,819367.437500,1.000000
4.810000,0.830570,0.812620,6.593260,310.798310,-368.676150,819392.687500,
4.812000,0.793400,0.649840,4.870610,310.830780,-368.676540,819418.000000,
4.814000,0.531920,0.185850,4.911620,310.864200,-368.677670,819443.375000,
4.816000,0.390930,0.338380,6.531740,310.895870,-368.678530,819468.625000,1.000000
4.818000,0.683170,0.589600,6.429200,310.926540,-368.676880,819493.875000,
4.820000,0.858760,0.730590,5.332030,310.957610,-368.676090,819519.250000,
4.822000,0.675480,0.575500,4.234860,310.989410,-368.676820,819544.500000,
4.824000,0.338380,0.475520,4.962890,311.021480,-368.677610,819569.875000,1.000000
4.826000,0.321720,0.698550,6.941890,311.052220,-368.677920,819595.125000,
4.828000,0.731870,0.812620,6.900880,311.083160,-368.676640,819620.375000,
4.830000,0.968990,0.861330,6.080570,311.114560,-368.676300,819645.687500,
4.832000,0.790830,0.510130,4.901370,311.147130,-368.676610,819671.000000,1.000000
4.834000,0.405030,0.446040,6.295900,311.179500,-368.677860,819696.312500,
4.836000,0.430660,0.675480,7.023930,311.210510,-368.677890,819721.562500,
4.838000,0.765200,0.790830,6.603520,311.241640,-368.676330,819746.875000,
4.840000,0.844670,0.695980,5.096190,311.273620,-368.676300,819772.187500,1.000000
4.842000,0.592160,0.223020,4.265630,311.307070,-368.677370,819797.500000,
4.844000,0.362730,0.226870,6.367680,311.339260,-368.678620,819822.812500,
4.846000,0.589600,0.496030,6.613770,311.369840,-368.677310,819848.062500,
4.848000,0.856200,0.735720,6.060060,311.400510,-368.675930,819873.375000,1.000000
4.850000,0.715210,0.681880,4.070800,311.432010,-368.676640,819898.687500,
4.852000,0.428100,0.471680,4.419430,311.464050,-368.677430,819924.000000,
4.854000,0.255070,0.690860,6.367680,311.495090,-368.678010,819949.250000,
4.856000,0.648560,0.767760,6.982910,311.526060,-368.676940,819974.562500,1.000000
4.858000,0.966430,0.862610,6.531740,311.557310,-368.676330,819999.875000,
4.860000,0.833130,0.597290,5.014160,311.589720,-368.676360,820025.125000,
4.862000,0.479370,0.396060,6.121580,311.622310,-368.677490,820050.437500,
4.864000,0.369140,0.629330,6.900880,311.653630,-368.678160,820075.750000,1.000000
4.866000,0.725460,0.813900,6.747070,311.684510,-368.676570,820101.000000,
4.868000,0.862610,0.776730,5.619140,311.716160,-368.676150,820126.312500,
4.870000,0.657530,0.405030,4.316890,311.749180,-368.676940,820151.625000,
4.872000,0.392210,0.248660,5.865230,311.781710,-368.678340,820176.875000,1.000000
4.874000,0.519100,0.562680,6.952150,311.812410,-368.677760,820202.187500,
4.876000,0.806210,0.744690,6.357420,311.842900,-368.676030,820227.500000,
4.878000,0.788270,0.833130,4.368160,311.874180,-368.676390,820252.812500,
4.880000,0.505000,0.485780,4.009280,311.906490,-368.677250,820278.187500,1.000000
4.882000,0.252500,0.651120,6.131840,311.937840,-368.678100,820303.437500,
4.884000,0.546020,0.743410,7.034180,311.968930,-368.677280,820328.687500,
4.886000,0.899780,0.870300,6.859860,312.000150,-368.676450,820354.000000,
4.888000,0.915160,0.717770,5.003910,312.032260,-368.676480,820379.312500,1.000000
4.890000,0.572940,0.390930,5.485840,312.065220,-368.677190,820404.562500,
4.892000,0.338380,0.522950,6.665040,312.096980,-368.678250,820429.875000,
4.894000,0.621640,0.731870,6.911130,312.127960,-368.677060,820455.187500,
4.896000,0.836980,0.781860,6.070310,312.159550,-368.676120,820480.437500,1.000000
4.898000,0.735720,0.442200,4.378420,312.192290,-368.676790,820505.750000,
4.900000,0.408870,0.216610,5.649900,312.225070,-368.678040,820531.062500,
4.902000,0.422970,0.540890,6.624020,312.255740,-368.678160,820556.312500,
4.904000,0.763920,0.744690,6.449710,312.286190,-368.676300,820581.625000,1.000000
4.906000,0.829280,0.852360,4.696290,312.317020,-368.676300,820607.000000,
4.908000,0.563960,0.575500,3.640140,312.349270,-368.677060,820632.250000,
4.910000,0.257630,0.551150,5.865230,312.380950,-368.677950,820657.562500,
4.912000,0.415280,0.733150,7.023930,312.411960,-368.677580,820682.875000,1.000000
4.914000,0.853640,0.840820,7.249510,312.443080,-368.676420,820708.125000,
4.916000,0.963870,0.781860,5.198730,312.474850,-368.676420,820733.437500,
4.918000,0.644710,0.439640,5.301270,312.507810,-368.676910,820758.750000,
4.920000,0.343510,0.460140,6.336910,312.539950,-368.678280,820784.000000,1.000000
4.922000,0.547300,0.683170,7.116210,312.571010,-368.677490,820809.312500,
4.924000,0.838260,0.752380,6.511230,312.602390,-368.676180,820834.562500,
4.926000,0.767760,0.567810,4.839840,312.634860,-368.676640,820859.875000,
4.928000,0.488340,0.193540,5.465330,312.667820,-368.677760,820885.187500,1.000000
4.930000,0.378110,0.448610,6.449710,312.698910,-368.678340,820910.500000,
4.932000,0.689580,0.725460,6.624020,312.729220,-368.676640,820935.812500,
4.934000,0.821590,0.838260,4.962890,312.760010,-368.676120,820961.062500,
4.936000,0.642150,0.667790,3.999020,312.791810,-368.676820,820986.437500,1.000000
4.938000,0.301210,0.543460,5.301270,312.823820,-368.677670,821011.687500,
4.940000,0.334530,0.728030,7.126460,312.854800,-368.677860,821037.000000,
4.942000,0.749820,0.801090,7.536620,312.886050,-368.676570,821062.250000,
4.944000,0.935670,0.802370,5.547360,312.917690,-368.676330,821087.562500,1.000000
4.946000,0.744690,0.439640,4.921880,312.950560,-368.676760,821112.875000,
4.948000,0.369140,0.383240,6.131840,312.983060,-368.678040,821138.187500,
4.950000,0.444760,0.619080,7.034180,313.014160,-368.677830,821163.500000,
4.952000,0.774170,0.762630,6.972660,313.045230,-368.676300,821188.687500,1.000000
4.954000,0.821590,0.716490,4.942380,313.077090,-368.676360,821214.062500,
4.956000,0.558840,0.276860,4.614260,313.110140,-368.677490,821239.375000,
4.958000,0.337100,0.392210,6.142090,313.141690,-368.678590,821264.625000,
4.960000,0.608830,0.670350,6.634280,313.171970,-368.677120,821289.937500,1.000000
4.962000,0.849790,0.885680,5.496090,313.202640,-368.675960,821315.250000,
4.964000,0.688290,0.753660,4.296390,313.234130,-368.676730,821340.562500,
4.966000,0.388370,0.593440,4.665530,313.266200,-368.677490,821365.875000,
4.968000,0.266600,0.770320,6.593260,313.297300,-368.677980,821391.125000,1.000000
4.970000,0.671630,0.845950,6.911130,313.328430,-368.676910,821416.375000,
4.972000,0.970280,0.910030,6.254880,313.359890,-368.676330,821441.687500,
4.974000,0.807500,0.575500,4.973140,313.392610,-368.676480,821467.062500,
4.976000,0.439640,0.388370,6.049800,313.425420,-368.677640,821492.312500,1.000000
4.978000,0.372990,0.616520,7.434080,313.456700,-368.678130,821517.625000,
4.980000,0.721620,0.801090,6.767580,313.487700,-368.676480,821542.875000,
4.982000,0.843380,0.752380,5.403810,313.519410,-368.676150,821568.187500,
4.984000,0.622920,0.372990,4.419430,313.552430,-368.677030,821593.500000,1.000000
4.986000,0.358890,0.314030,5.690920,313.584560,-368.678410,821618.812500,
4.988000,0.529360,0.602420,6.972660,313.615110,-368.677580,821644.062500,
4.990000,0.801090,0.785710,6.193360,313.645660,-368.675960,821669.375000,
4.992000,0.758790,0.803650,4.501460,313.677120,-368.676480,821694.750000,1.000000
4.994000,0.463990,0.469120,4.070800,313.709410,-368.677340,821720.000000,
4.996000,0.237120,0.661380,6.080570,313.740750,-368.678130,821745.312500,
4.998000,0.583190,0.729310,7.116210,313.771820,-368.677220,821770.562500,
5.000000,0.901060,0.853640,6.552250,313.803040,-368.676510,821795.812500,1.000000
5.002000,0.880550,0.670350,5.250000,313.835170,-368.676510,821821.187500,
5.004000,0.530640,0.406310,5.731930,313.867890,-368.677310,821846.500000,
5.006000,0.325560,0.590880,7.054690,313.899260,-368.678250,821871.687500,
5.008000,0.656250,0.807500,6.777830,313.929960,-368.676910,821897.000000,1.000000
5.010000,0.828000,0.829280,5.783200,313.961490,-368.676150,821922.312500,
5.012000,0.704960,0.462710,4.286130,313.994200,-368.676790,821947.625000,
5.014000,0.392210,0.276860,5.578130,314.026860,-368.678130,821972.937500,
5.016000,0.452450,0.581910,6.870120,314.057650,-368.678070,821998.250000,1.000000
5.018000,0.756230,0.747250,6.326660,314.088290,-368.676210,822023.500000,
5.020000,0.806210,0.860050,4.501460,314.119320,-368.676360,822048.812500,
5.022000,0.537050,0.543460,3.732420,314.151790,-368.677220,822074.187500,
5.024000,0.243530,0.598570,5.731930,314.183350,-368.678160,822099.437500,1.000000
5.026000,0.453740,0.747250,7.126460,314.214450,-368.677610,822124.687500,
5.028000,0.854920,0.872860,7.075200,314.245540,-368.676540,822150.000000,
5.030000,0.934390,0.804930,5.424320,314.277310,-368.676510,822175.312500,
5.032000,0.604980,0.498600,5.291020,314.310030,-368.677000,822200.625000,1.000000
5.034000,0.316590,0.596010,6.439450,314.341670,-368.678280,822225.875000,
5.036000,0.558840,0.854920,6.849610,314.372340,-368.677340,822251.187500,
5.038000,0.834410,0.934390,6.439450,314.403500,-368.676150,822276.437500,
5.040000,0.747250,0.647280,4.624510,314.436130,-368.676700,822301.812500,1.000000
5.042000,0.439640,0.262760,5.526860,314.469240,-368.677890,822327.062500,
5.044000,0.384520,0.489620,6.644530,314.500520,-368.678340,822352.375000,
5.046000,0.713930,0.715210,6.511230,314.531220,-368.676540,822377.687500,
5.048000,0.813900,0.794680,4.932130,314.562290,-368.676240,822403.000000,1.000000
5.050000,0.615230,0.599850,3.506840,314.594510,-368.676970,822428.312500,
5.052000,0.281980,0.505000,5.475590,314.626590,-368.677860,822453.625000,
5.054000,0.369140,0.699830,7.064940,314.657650,-368.677890,822478.875000,
5.056000,0.789550,0.807500,7.536620,314.688780,-368.676570,822504.125000,1.000000
5.058000,0.943360,0.820310,5.711430,314.720250,-368.676390,822529.437500,
5.060000,0.715210,0.508850,5.003910,314.752840,-368.676790,822554.750000,
5.062000,0.356320,0.539610,6.377930,314.784760,-368.678070,822580.000000,
5.064000,0.481930,0.821590,6.736820,314.815340,-368.677700,822605.312500,1.000000
5.066000,0.792110,0.942080,6.603520,314.846190,-368.676270,822630.625000,
5.068000,0.804930,0.831850,4.829590,314.878200,-368.676480,822655.875000,
5.070000,0.542180,0.342220,5.178220,314.911440,-368.677580,822681.250000,
5.072000,0.360170,0.446040,6.213870,314.943240,-368.678590,822706.562500,1.000000
5.074000,0.646000,0.662660,6.593260,314.973940,-368.677060,822731.750000,
5.076000,0.854920,0.816470,5.260250,315.005040,-368.676090,822757.125000,
5.078000,0.676760,0.621640,3.793950,315.036960,-368.676880,822782.437500,
5.080000,0.360170,0.502440,5.065430,315.069180,-368.677610,822807.750000,1.000000
5.082000,0.306340,0.675480,6.562500,315.100310,-368.678040,822833.000000,
5.084000,0.706240,0.783140,7.475100,315.131350,-368.676820,822858.312500,
5.086000,0.976680,0.866460,6.029300,315.162720,-368.676300,822883.562500,
5.088000,0.802370,0.557560,4.983400,315.195160,-368.676510,822908.937500,1.000000
5.090000,0.416560,0.467830,5.906250,315.227480,-368.677730,822934.187500,
5.092000,0.405030,0.712650,6.706050,315.258450,-368.678040,822959.437500,
5.094000,0.740840,0.865170,6.870120,315.289340,-368.676420,822984.750000,
5.096000,0.843380,0.784420,5.270510,315.321110,-368.676240,823010.062500,1.000000
5.098000,0.606260,0.361450,4.573240,315.354280,-368.677220,823035.375000,
5.100000,0.356320,0.358890,5.926760,315.386350,-368.678560,823060.687500,
5.102000,0.551150,0.629330,6.706050,315.416870,-368.677490,823085.937500,
5.104000,0.819030,0.833130,5.988280,315.447420,-368.675960,823111.250000,1.000000
5.106000,0.735720,0.798520,4.255370,315.479060,-368.676610,823136.562500,
5.108000,0.439640,0.471680,4.624510,315.511380,-368.677430,823161.937500,
5.110000,0.246090,0.660100,6.275390,315.542760,-368.678100,823187.187500,
5.112000,0.620360,0.743410,7.177730,315.573820,-368.677120,823212.437500,1.000000
5.114000,0.930540,0.875430,6.480470,315.605010,-368.676420,823237.750000,
5.116000,0.853640,0.656250,4.911620,315.637240,-368.676450,823263.000000,
5.118000,0.496030,0.419130,5.844730,315.669860,-368.677340,823288.312500,
5.120000,0.342220,0.631900,7.126460,315.701140,-368.678160,823313.625000,1.000000
5.122000,0.701110,0.821590,7.208500,315.731960,-368.676760,823338.875000,
5.124000,0.849790,0.817750,5.567870,315.763610,-368.676180,823364.187500,
5.126000,0.683170,0.433230,4.224610,315.796450,-368.676880,823389.562500,
5.128000,0.398620,0.299930,5.547360,315.828950,-368.678280,823414.812500,1.000000
5.130000,0.497310,0.615230,6.859860,315.859650,-368.678010,823440.062500,
5.132000,0.780580,0.779300,6.388180,315.890140,-368.676210,823465.375000,
5.134000,0.801090,0.889530,4.716800,315.921230,-368.676450,823490.687500,
5.136000,0.524230,0.560120,3.947750,315.953610,-368.677280,823516.062500,1.000000
5.138000,0.256350,0.669070,5.690920,315.984990,-368.678130,823541.375000,
5.140000,0.497310,0.784420,7.064940,316.016050,-368.677400,823566.562500,
5.142000,0.875430,0.879270,6.716310,316.047270,-368.676510,823591.875000,
5.144000,0.933110,0.728030,5.362790,316.079350,-368.676510,823617.187500,1.000000
5.146000,0.589600,0.401180,5.537110,316.112340,-368.677060,823642.500000,
5.148000,0.328130,0.497310,6.747070,316.144130,-368.678280,823667.750000,
5.150000,0.592160,0.716490,6.849610,316.175110,-368.677250,823693.062500,
5.152000,0.840820,0.778020,6.080570,316.206600,-368.676150,823718.375000,1.000000
5.154000,0.749820,0.466550,4.450200,316.239320,-368.676790,823743.625000,
5.156000,0.424260,0.182010,5.321780,316.272220,-368.678010,823769.000000,
5.158000,0.410160,0.438350,7.167480,316.303220,-368.678310,823794.250000,
5.160000,0.752380,0.662660,6.459960,316.333770,-368.676420,823819.500000,1.000000
5.162000,0.835690,0.772890,4.973140,316.364560,-368.676240,823844.875000,
5.164000,0.594730,0.596010,3.711910,316.396510,-368.677000,823870.187500,
5.166000,0.287110,0.592160,5.342290,316.428040,-368.677890,823895.437500,
5.168000,0.401180,0.798520,7.331540,316.458740,-368.677730,823920.750000,1.000000
5.170000,0.836980,0.904910,7.116210,316.489690,-368.676510,823946.062500,
5.172000,0.962590,0.834410,5.885740,316.521330,-368.676420,823971.312500,
5.174000,0.681880,0.453740,5.075680,316.554260,-368.676880,823996.625000,
5.176000,0.367860,0.443480,6.367680,316.586520,-368.678160,824021.937500,1.000000
5.178000,0.538330,0.674190,6.839360,316.617520,-368.677610,824047.187500,
5.180000,0.824160,0.772890,6.285640,316.648740,-368.676270,824072.500000,
5.182000,0.789550,0.628050,4.973140,316.681090,-368.676610,824097.812500,
5.184000,0.534480,0.198670,5.198730,316.714260,-368.677700,824123.062500,1.000000
5.186000,0.385800,0.385800,6.685550,316.745700,-368.678530,824148.375000,
5.188000,0.675480,0.662660,6.531740,316.776090,-368.676910,824173.687500,
5.190000,0.854920,0.843380,5.024410,316.806920,-368.676060,824198.937500,
5.192000,0.667790,0.672910,3.855470,316.838560,-368.676820,824224.312500,1.000000
5.194000,0.343510,0.589600,4.870610,316.870480,-368.677610,824249.625000,
5.196000,0.326840,0.779300,6.941890,316.901340,-368.677920,824274.875000,
5.198000,0.729310,0.866460,7.280270,316.932400,-368.676700,824300.187500,
5.200000,0.970280,0.881840,6.193360,316.963990,-368.676360,824325.500000,1.000000
5.202000,0.784420,0.515260,4.604000,316.996770,-368.676640,824350.750000,
5.204000,0.403750,0.437070,6.142090,317.029240,-368.677890,824376.062500,
5.206000,0.429380,0.652400,6.736820,317.060390,-368.677920,824401.375000,
5.208000,0.758790,0.756230,6.685550,317.091610,-368.676390,824426.625000,1.000000
5.210000,0.838260,0.646000,5.414060,317.123660,-368.676330,824451.937500,
5.212000,0.594730,0.202510,4.809080,317.157010,-368.677370,824477.250000,
5.214000,0.361450,0.258910,6.193360,317.189000,-368.678620,824502.500000,
5.216000,0.583190,0.543460,6.521480,317.219390,-368.677310,824527.812500,1.000000
5.218000,0.845950,0.789550,5.803710,317.249940,-368.675930,824553.125000,
5.220000,0.704960,0.726750,3.999020,317.281400,-368.676640,824578.437500,
5.222000,0.424260,0.494750,4.542480,317.313390,-368.677490,824603.750000,
5.224000,0.261470,0.703670,6.706050,317.344450,-368.678040,824629.062500,1.000000
5.226000,0.656250,0.786990,7.229000,317.375430,-368.677030,824654.312500,
5.228000,0.967710,0.898500,6.500980,317.406620,-368.676360,824679.562500,
5.230000,0.828000,0.643430,4.819340,317.438960,-368.676450,824704.937500,
5.232000,0.472960,0.456300,5.639650,317.471440,-368.677520,824730.187500,1.000000
5.234000,0.357600,0.680600,7.003420,317.502720,-368.678190,824755.437500,
5.236000,0.713930,0.840820,6.993160,317.533660,-368.676640,824780.750000,
5.238000,0.862610,0.785710,5.762700,317.565460,-368.676210,824806.062500,
5.240000,0.669070,0.371700,4.378420,317.598600,-368.676940,824831.375000,1.000000
5.242000,0.394780,0.234560,5.906250,317.631200,-368.678310,824856.687500,
5.244000,0.522950,0.530640,6.449710,317.661990,-368.677760,824882.000000,
5.246000,0.802370,0.695980,6.152340,317.692600,-368.676090,824907.250000,
5.248000,0.783140,0.788270,4.491210,317.723910,-368.676420,824932.562500,1.000000
5.250000,0.505000,0.425540,4.378420,317.756290,-368.677310,824957.875000,
5.252000,0.265320,0.587040,5.937010,317.787630,-368.678160,824983.187500,
5.254000,0.553710,0.695980,7.167480,317.818630,-368.677340,825008.500000,
5.256000,0.901060,0.830570,6.675290,317.849700,-368.676510,825033.750000,1.000000
5.258000,0.917720,0.680600,4.655270,317.881710,-368.676510,825059.062500,
5.260000,0.570370,0.390930,5.680660,317.914460,-368.677190,825084.375000,
5.262000,0.334530,0.542180,6.716310,317.945980,-368.678280,825109.625000,
5.264000,0.619080,0.771610,7.372560,317.976750,-368.677090,825134.875000,1.000000
5.266000,0.839540,0.842100,6.019040,318.008090,-368.676150,825160.187500,
5.268000,0.740840,0.510130,4.357910,318.040710,-368.676790,825185.562500,
5.270000,0.416560,0.265320,5.362790,318.073430,-368.678070,825210.812500,
5.272000,0.425540,0.547300,6.439450,318.104280,-368.678220,825236.125000,1.000000
5.274000,0.766480,0.728030,6.624020,318.134890,-368.676330,825261.437500,
5.276000,0.826720,0.807500,4.788570,318.165860,-368.676300,825286.687500,
5.278000,0.565250,0.556270,3.916990,318.198210,-368.677060,825312.062500,
5.280000,0.262760,0.547300,5.619140,318.229920,-368.677980,825337.375000,1.000000
5.282000,0.419130,0.735720,6.911130,318.260930,-368.677640,825362.625000,
5.284000,0.856200,0.840820,7.044430,318.292110,-368.676510,825387.875000,
5.286000,0.963870,0.757510,5.475590,318.323910,-368.676480,825413.250000,
5.288000,0.656250,0.429380,5.506350,318.356810,-368.676970,825438.500000,1.000000
5.290000,0.351200,0.474240,6.603520,318.388820,-368.678250,825463.750000,
5.292000,0.548580,0.729310,7.064940,318.419620,-368.677490,825489.062500,
5.294000,0.836980,0.836980,6.275390,318.450710,-368.676120,825514.312500,
5.296000,0.765200,0.663940,4.604000,318.483030,-368.676640,825539.687500,1.000000
5.298000,0.498600,0.260190,5.332030,318.515960,-368.677760,825565.000000,
5.300000,0.392210,0.480650,6.736820,318.547180,-368.678440,825590.250000,
5.302000,0.695980,0.731870,6.931640,318.577640,-368.676700,825615.500000,
5.304000,0.828000,0.826720,4.952640,318.608610,-368.676120,825640.875000,1.000000
5.306000,0.647280,0.616520,3.773440,318.640560,-368.676880,825666.187500,
5.308000,0.306340,0.498600,4.952640,318.672760,-368.677730,825691.500000,
5.310000,0.333250,0.652400,6.808590,318.703890,-368.677920,825716.750000,
5.312000,0.744690,0.735720,7.393070,318.735140,-368.676640,825742.000000,1.000000
5.314000,0.940800,0.756230,6.203610,318.766750,-368.676360,825767.312500,
5.316000,0.756230,0.412720,4.993650,318.799500,-368.676730,825792.687500,
5.318000,0.379390,0.380680,6.080570,318.831820,-368.677980,825817.937500,
5.320000,0.438350,0.628050,6.829100,318.862730,-368.677860,825843.187500,1.000000
5.322000,0.769040,0.772890,6.418950,318.893710,-368.676360,825868.500000,
5.324000,0.820310,0.701110,4.921880,318.925540,-368.676390,825893.812500,
5.326000,0.563960,0.251220,5.198730,318.958680,-368.677490,825919.125000,
5.328000,0.349910,0.343510,6.377930,318.990360,-368.678590,825944.437500,1.000000
5.330000,0.613950,0.613950,6.747070,319.020690,-368.677190,825969.687500,
5.332000,0.852360,0.840820,5.403810,319.051330,-368.675960,825995.000000,
5.334000,0.688290,0.708800,3.968260,319.082820,-368.676730,826020.375000,
5.336000,0.392210,0.531920,4.460450,319.114900,-368.677490,826045.625000,1.000000
5.338000,0.265320,0.715210,6.839360,319.146000,-368.678040,826070.937500,
5.340000,0.670350,0.776730,7.403320,319.177150,-368.676910,826096.187500,
5.342000,0.971560,0.843380,6.521480,319.208590,-368.676360,826121.500000,
5.344000,0.813900,0.543460,4.911620,319.241210,-368.676510,826146.750000,1.000000
5.346000,0.449890,0.375550,5.690920,319.273830,-368.677640,826172.062500,
5.348000,0.374270,0.625490,7.034180,319.305050,-368.678100,826197.375000,
5.350000,0.715210,0.810060,6.818850,319.335970,-368.676450,826222.625000,
5.352000,0.842100,0.763920,5.721680,319.367680,-368.676150,826247.937500,1.000000
5.354000,0.630620,0.387080,4.665530,319.400670,-368.677060,826273.250000,
5.356000,0.367860,0.323000,5.988280,319.432890,-368.678440,826298.562500,
5.358000,0.538330,0.622920,6.603520,319.463470,-368.677640,826323.812500,
5.360000,0.806210,0.797240,5.824220,319.494110,-368.676030,826349.125000,1.000000
5.362000,0.758790,0.826720,4.460450,319.525600,-368.676510,826374.437500,
5.364000,0.467830,0.481930,4.193850,319.557950,-368.677370,826399.812500,
5.366000,0.240970,0.679320,6.377930,319.589260,-368.678160,826425.062500,
5.368000,0.578060,0.762630,7.167480,319.620420,-368.677280,826450.312500,1.000000
5.370000,0.903630,0.857480,6.716310,319.651760,-368.676510,826475.625000,
5.372000,0.893370,0.638310,4.675780,319.684110,-368.676540,826500.937500,
5.374000,0.538330,0.335820,5.557620,319.717070,-368.677310,826526.187500,
5.376000,0.329410,0.492190,6.972660,319.748690,-368.678250,826551.500000,1.000000
5.378000,0.651120,0.720340,7.023930,319.779510,-368.676940,826576.812500,
5.380000,0.828000,0.769040,6.101070,319.811040,-368.676120,826602.062500,
5.382000,0.713930,0.429380,4.245120,319.843630,-368.676790,826627.375000,
5.384000,0.401180,0.242250,5.567870,319.876250,-368.678160,826652.750000,1.000000
5.386000,0.456300,0.548580,6.531740,319.906980,-368.678160,826677.937500,
5.388000,0.762630,0.719060,6.357420,319.937560,-368.676300,826703.250000,
5.390000,0.808780,0.826720,4.778320,319.968600,-368.676390,826728.625000,
5.392000,0.539610,0.539610,4.142580,320.000980,-368.677220,826753.937500,1.000000
5.394000,0.244810,0.581910,5.865230,320.032560,-368.678100,826779.250000,
5.396000,0.446040,0.735720,7.003420,320.063630,-368.677610,826804.500000,
5.398000,0.854920,0.848510,7.034180,320.094790,-368.676570,826829.750000,
5.400000,0.940800,0.752380,5.096190,320.126680,-368.676570,826855.062500,1.000000
5.402000,0.617800,0.416560,5.383300,320.159580,-368.677060,826880.375000,
5.404000,0.325560,0.481930,6.747070,320.191470,-368.678310,826905.625000,
5.406000,0.561400,0.730590,7.259770,320.222290,-368.677370,826930.937500,
5.408000,0.831850,0.795960,6.449710,320.253570,-368.676120,826956.250000,1.000000
5.410000,0.744690,0.529360,4.368160,320.286190,-368.676670,826981.500000,
5.412000,0.447330,0.164060,5.239750,320.319270,-368.677890,827006.812500,
5.414000,0.390930,0.402470,6.439450,320.350490,-368.678380,827032.125000,
5.416000,0.716490,0.654970,6.665040,320.381070,-368.676640,827057.437500,1.000000
5.418000,0.816470,0.742130,5.188480,320.412050,-368.676270,827082.687500,
5.420000,0.619080,0.557560,3.804200,320.444120,-368.677030,827108.062500,
5.422000,0.285830,0.467830,5.496090,320.476140,-368.677890,827133.312500,
5.424000,0.364010,0.687010,6.644530,320.506990,-368.677890,827158.625000,1.000000
5.426000,0.776730,0.819030,7.126460,320.537960,-368.676610,827183.937500,
5.428000,0.935670,0.857480,5.772950,320.569370,-368.676390,827209.187500,
5.430000,0.713930,0.530640,5.106450,320.601960,-368.676850,827234.500000,
5.432000,0.360170,0.540890,6.367680,320.634000,-368.678160,827259.812500,1.000000
5.434000,0.485780,0.795960,6.993160,320.664760,-368.677760,827285.125000,
5.436000,0.793400,0.895940,6.398440,320.695860,-368.676330,827310.312500,
5.438000,0.812620,0.754940,4.511720,320.728060,-368.676480,827335.687500,
5.440000,0.542180,0.275570,4.993650,320.761410,-368.677580,827361.000000,1.000000
5.442000,0.349910,0.390930,6.398440,320.793240,-368.678590,827386.250000,
5.444000,0.633180,0.631900,6.931640,320.823880,-368.677090,827411.562500,
5.446000,0.852360,0.811340,5.414060,320.854920,-368.676120,827436.875000,
5.448000,0.680600,0.639590,3.763180,320.886780,-368.676910,827462.187500,1.000000
5.450000,0.365300,0.483220,4.727050,320.919070,-368.677640,827487.500000,
5.452000,0.308900,0.661380,6.326660,320.950290,-368.678040,827512.750000,
5.454000,0.702390,0.766480,7.372560,320.981380,-368.676820,827538.062500,
5.456000,0.976680,0.866460,6.470210,321.012730,-368.676330,827563.375000,1.000000
5.458000,0.803650,0.574220,5.270510,321.045140,-368.676540,827588.687500,
5.460000,0.419130,0.471680,5.906250,321.077480,-368.677760,827613.937500,
5.462000,0.403750,0.699830,6.921390,321.108550,-368.678100,827639.250000,
5.464000,0.739560,0.839540,6.634280,321.139530,-368.676450,827664.500000,1.000000
5.466000,0.842100,0.774170,5.229490,321.171260,-368.676240,827689.812500,
5.468000,0.608830,0.371700,4.942380,321.204380,-368.677190,827715.125000,
5.470000,0.366580,0.342220,6.183110,321.236510,-368.678560,827740.437500,
5.472000,0.556270,0.593440,6.972660,321.267210,-368.677520,827765.687500,1.000000
5.474000,0.821590,0.753660,5.752440,321.298030,-368.676030,827791.000000,
5.476000,0.743410,0.699830,4.163090,321.329800,-368.676640,827816.375000,
5.478000,0.440920,0.396060,4.265630,321.362210,-368.677460,827841.625000,
5.480000,0.239690,0.593440,6.213870,321.393550,-368.678130,827866.937500,1.000000
5.482000,0.613950,0.715210,7.823730,321.424530,-368.677120,827892.187500,
5.484000,0.929260,0.865170,6.521480,321.455570,-368.676420,827917.437500,
5.486000,0.867740,0.666500,4.891110,321.487700,-368.676510,827942.812500,
5.488000,0.508850,0.411440,5.567870,321.520320,-368.677400,827968.125000,1.000000
5.490000,0.343510,0.613950,6.890630,321.551640,-368.678220,827993.375000,
5.492000,0.701110,0.824160,7.013670,321.582430,-368.676790,828018.625000,
5.494000,0.849790,0.830570,5.875490,321.614010,-368.676150,828044.000000,
5.496000,0.692140,0.462710,4.614260,321.646820,-368.676880,828069.250000,1.000000
5.498000,0.406310,0.294800,5.496090,321.679410,-368.678310,828094.562500,
5.500000,0.498600,0.603700,6.798340,321.710170,-368.678070,828119.875000,
5.502000,0.783140,0.745970,5.803710,321.740810,-368.676240,828145.125000,
5.504000,0.803650,0.835690,4.634770,321.772030,-368.676450,828170.500000,1.000000
5.506000,0.525510,0.501160,4.245120,321.804470,-368.677280,828195.812500,
5.508000,0.256350,0.615230,5.988280,321.835910,-368.678130,828221.062500,
5.510000,0.494750,0.769040,7.311040,321.866850,-368.677460,828246.312500,
5.512000,0.874150,0.903630,6.818850,321.897920,-368.676510,828271.625000,1.000000
5.514000,0.935670,0.774170,5.044920,321.929840,-368.676510,828296.937500,
5.516000,0.589600,0.453740,5.137210,321.962710,-368.677060,828322.250000,
5.518000,0.329410,0.565250,6.818850,321.994480,-368.678280,828347.562500,
5.520000,0.590880,0.801090,7.259770,322.025360,-368.677280,828372.812500,1.000000
5.522000,0.842100,0.857480,6.388180,322.056850,-368.676150,828398.062500,
5.524000,0.747250,0.530640,4.593750,322.089660,-368.676790,828423.437500,
5.526000,0.429380,0.198670,5.147460,322.122830,-368.678010,828448.687500,
5.528000,0.411440,0.437070,6.921390,322.153990,-368.678310,828474.000000,1.000000
5.530000,0.754940,0.669070,6.285640,322.184660,-368.676510,828499.312500,
5.532000,0.842100,0.790830,5.208980,322.215520,-368.676330,828524.625000,
5.534000,0.599850,0.634460,3.937500,322.247410,-368.677060,828549.937500,
5.536000,0.284550,0.615230,5.721680,322.278930,-368.677920,828575.250000,1.000000
5.538000,0.394780,0.803650,7.013670,322.309660,-368.677760,828600.500000,
5.540000,0.831850,0.892090,7.013670,322.340730,-368.676540,828625.750000,
5.542000,0.967710,0.839540,5.711430,322.372380,-368.676390,828651.062500,
5.544000,0.690860,0.493470,4.850100,322.405180,-368.676880,828676.375000,1.000000
5.546000,0.371700,0.510130,6.706050,322.437350,-368.678190,828701.687500,
5.548000,0.533200,0.760070,6.870120,322.468290,-368.677670,828726.937500,
5.550000,0.824160,0.835690,6.552250,322.499570,-368.676300,828752.250000,
5.552000,0.795960,0.675480,4.429690,322.532010,-368.676640,828777.562500,1.000000
5.554000,0.534480,0.216610,5.250000,322.565340,-368.677730,828802.875000,
5.556000,0.379390,0.383240,6.449710,322.596950,-368.678590,828828.187500,
5.558000,0.667790,0.663940,6.644530,322.627410,-368.676910,828853.437500,
5.560000,0.857480,0.849790,5.496090,322.658260,-368.676090,828878.750000,1.000000
5.562000,0.675480,0.693420,3.681150,322.689850,-368.676880,828904.062500,
5.564000,0.347350,0.588320,5.065430,322.721770,-368.677670,828929.375000,
5.566000,0.334530,0.780580,6.377930,322.752660,-368.677980,828954.687500,
5.568000,0.730590,0.860050,7.311040,322.783660,-368.676760,828979.937500,1.000000
5.570000,0.974120,0.893370,6.131840,322.815190,-368.676360,829005.187500,
5.572000,0.785710,0.537050,5.116700,322.847840,-368.676640,829030.562500,
5.574000,0.407590,0.425540,6.224120,322.880370,-368.677890,829055.875000,
5.576000,0.430660,0.646000,6.829100,322.911560,-368.678040,829081.062500,1.000000
5.578000,0.762630,0.774170,6.675290,322.942720,-368.676480,829106.375000,
5.580000,0.843380,0.674190,4.901370,322.974700,-368.676360,829131.687500,
5.582000,0.593440,0.243530,4.706540,323.008000,-368.677400,829157.000000,
5.584000,0.361450,0.307620,6.306150,323.039950,-368.678620,829182.312500,1.000000
5.586000,0.578060,0.611390,6.982910,323.070280,-368.677340,829207.562500,
5.588000,0.849790,0.845950,5.896000,323.100740,-368.675960,829232.875000,
5.590000,0.720340,0.797240,4.060550,323.132170,-368.676700,829258.187500,
5.592000,0.433230,0.551150,4.142580,323.164180,-368.677490,829283.562500,1.000000
5.594000,0.253780,0.760070,6.316410,323.195220,-368.678070,829308.812500,
5.596000,0.643430,0.863890,7.208500,323.226140,-368.677030,829334.062500,
5.598000,0.958740,0.970280,6.798340,323.257350,-368.676390,829359.375000,
5.600000,0.835690,0.708800,5.055180,323.289640,-368.676510,829384.625000,1.000000
5.602000,0.488340,0.487060,5.978030,323.322390,-368.677550,829409.937500,
5.604000,0.369140,0.662660,6.613770,323.353880,-368.678220,829435.250000,
5.606000,0.721620,0.801090,6.788090,323.385040,-368.676730,829460.500000,
5.608000,0.860050,0.738280,5.280760,323.416990,-368.676240,829485.812500,1.000000
5.610000,0.666500,0.360170,4.768070,323.450070,-368.677030,829511.187500,
5.612000,0.398620,0.264040,5.854980,323.482480,-368.678380,829536.437500,
5.614000,0.513980,0.603700,6.880370,323.513060,-368.677830,829561.687500,
5.616000,0.802370,0.775450,5.988280,323.543490,-368.676090,829587.000000,1.000000
5.618000,0.793400,0.871580,4.163090,323.574680,-368.676420,829612.312500,
5.620000,0.512700,0.540890,4.152830,323.606960,-368.677340,829637.687500,
5.622000,0.265320,0.690860,5.649900,323.638240,-368.678160,829662.937500,
5.624000,0.542180,0.799800,7.505860,323.669250,-368.677370,829688.187500,1.000000
5.626000,0.894650,0.921570,6.921390,323.700440,-368.676540,829713.500000,
5.628000,0.917720,0.738280,4.983400,323.732600,-368.676540,829738.812500,
5.630000,0.575500,0.425540,5.393550,323.765500,-368.677190,829764.125000,
5.632000,0.340940,0.554990,6.326660,323.797210,-368.678310,829789.375000,1.000000
5.634000,0.619080,0.784420,7.290530,323.828060,-368.677190,829814.687500,
5.636000,0.836980,0.849790,6.070310,323.859470,-368.676210,829840.000000,
5.638000,0.740840,0.535770,4.737300,323.892090,-368.676820,829865.250000,
5.640000,0.419130,0.264040,5.475590,323.924870,-368.678100,829890.625000,1.000000
5.642000,0.421690,0.551150,6.665040,323.955690,-368.678280,829915.875000,
5.644000,0.763920,0.771610,6.254880,323.986180,-368.676360,829941.125000,
5.646000,0.828000,0.862610,4.521970,324.017060,-368.676330,829966.500000,
5.648000,0.570370,0.631900,4.224610,324.049290,-368.677120,829991.812500,1.000000
5.650000,0.273010,0.624210,5.783200,324.080960,-368.678010,830017.125000,
5.652000,0.424260,0.789550,7.341800,324.112030,-368.677700,830042.375000,
5.654000,0.858760,0.881840,7.105960,324.143220,-368.676610,830067.687500,
5.656000,0.966430,0.819030,5.362790,324.175050,-368.676510,830092.937500,1.000000
5.658000,0.656250,0.478090,4.962890,324.207890,-368.677000,830118.250000,
5.660000,0.352480,0.537050,6.521480,324.239870,-368.678280,830143.562500,
5.662000,0.547300,0.811340,7.423830,324.270660,-368.677550,830168.812500,
5.664000,0.839540,0.904910,6.634280,324.301760,-368.676240,830194.125000,1.000000
5.666000,0.770320,0.735720,4.614260,324.334010,-368.676670,830219.437500,
5.668000,0.506290,0.344790,5.188480,324.366910,-368.677760,830244.687500,
5.670000,0.388370,0.552430,6.306150,324.398130,-368.678440,830270.000000,
5.672000,0.687010,0.797240,6.593260,324.428590,-368.676760,830295.312500,1.000000
5.674000,0.828000,0.889530,5.147460,324.459690,-368.676150,830320.625000,
5.676000,0.648560,0.653690,3.978520,324.491760,-368.676910,830345.937500,
5.678000,0.317870,0.534480,5.147460,324.523960,-368.677760,830371.250000,
5.680000,0.344790,0.716490,6.726560,324.555110,-368.677920,830396.500000,1.000000
5.682000,0.752380,0.789550,7.105960,324.586430,-368.676730,830421.812500,
5.684000,0.945920,0.810060,5.937010,324.618040,-368.676420,830447.125000,
5.686000,0.753660,0.492190,5.065430,324.650790,-368.676790,830472.375000,
5.688000,0.376830,0.460140,6.336910,324.683010,-368.678010,830497.687500,1.000000
5.690000,0.433230,0.711360,7.126460,324.713900,-368.677890,830523.000000,
5.692000,0.770320,0.869020,6.736820,324.744810,-368.676390,830548.250000,
5.694000,0.829280,0.789550,4.747560,324.776610,-368.676390,830573.562500,
5.696000,0.567810,0.367860,4.716800,324.809540,-368.677490,830598.875000,1.000000
5.698000,0.348630,0.489620,6.480470,324.841130,-368.678620,830624.125000,
5.700000,0.608830,0.749820,6.695800,324.871460,-368.677220,830649.437500,
5.702000,0.848510,0.938230,5.813960,324.902130,-368.675990,830674.750000,
5.704000,0.688290,0.793400,4.101560,324.933900,-368.676790,830700.062500,1.000000
5.706000,0.401180,0.537050,4.491210,324.966280,-368.677610,830725.375000,
5.708000,0.269170,0.679320,6.562500,324.997710,-368.678130,830750.687500,
5.710000,0.675480,0.751100,7.208500,325.029050,-368.677000,830775.937500,
5.712000,0.977970,0.817750,6.665040,325.060580,-368.676390,830801.250000,1.000000
5.714000,0.811340,0.534480,5.126950,325.093110,-368.676510,830826.562500,
5.716000,0.449890,0.378110,6.162600,325.125700,-368.677640,830851.812500,
5.718000,0.371700,0.611390,6.952150,325.156860,-368.678160,830877.125000,
5.720000,0.715210,0.803650,6.706050,325.187650,-368.676510,830902.375000,1.000000
5.722000,0.845950,0.781860,5.383300,325.219210,-368.676180,830927.687500,
5.724000,0.635740,0.405030,4.398930,325.252010,-368.677060,830953.000000,
5.726000,0.372990,0.333250,6.142090,325.284120,-368.678440,830978.312500,
5.728000,0.533200,0.648560,6.716310,325.314640,-368.677700,831003.625000,1.000000
5.730000,0.804930,0.797240,6.244630,325.345210,-368.676090,831028.875000,
5.732000,0.765200,0.830570,4.029790,325.376590,-368.676540,831054.250000,
5.734000,0.470400,0.515260,4.060550,325.408910,-368.677430,831079.500000,
5.736000,0.242250,0.674190,5.967770,325.440250,-368.678220,831104.812500,1.000000
5.738000,0.578060,0.743410,7.044430,325.471340,-368.677370,831130.125000,
5.740000,0.906190,0.835690,7.075200,325.502720,-368.676540,831155.375000,
5.742000,0.899780,0.619080,4.850100,325.535060,-368.676570,831180.687500,
5.744000,0.543460,0.343510,5.752440,325.567810,-368.677310,831206.000000,1.000000
5.746000,0.325560,0.553710,6.511230,325.599180,-368.678250,831231.312500,
5.748000,0.646000,0.795960,6.911130,325.629880,-368.676970,831256.500000,
5.750000,0.825440,0.839540,5.752440,325.661220,-368.676180,831281.812500,
5.752000,0.716490,0.488340,4.583500,325.693940,-368.676850,831307.187500,1.000000
5.754000,0.405030,0.260190,5.916500,325.726620,-368.678250,831332.437500,
5.756000,0.453740,0.549870,6.706050,325.757450,-368.678220,831357.750000,
5.758000,0.765200,0.740840,6.306150,325.788120,-368.676300,831383.062500,
5.760000,0.811340,0.812620,4.347660,325.819210,-368.676420,831408.312500,1.000000
5.762000,0.542180,0.565250,3.927250,325.851410,-368.677280,831433.687500,
5.764000,0.242250,0.629330,5.742190,325.882870,-368.678160,831459.000000,
5.766000,0.444760,0.772890,7.434080,325.913880,-368.677670,831484.250000,
5.768000,0.863890,0.869020,7.444340,325.945010,-368.676640,831509.500000,1.000000
5.770000,0.952330,0.785710,5.332030,325.976840,-368.676510,831534.875000,
5.772000,0.621640,0.439640,5.157710,326.009700,-368.677030,831560.125000,
5.774000,0.319150,0.508850,6.224120,326.041560,-368.678310,831585.375000,
5.776000,0.551150,0.765200,7.198240,326.072390,-368.677460,831610.687500,1.000000
5.778000,0.834410,0.804930,6.388180,326.103760,-368.676210,831635.937500,
5.780000,0.753660,0.535770,4.747560,326.136410,-368.676790,831661.312500,
5.782000,0.458860,0.165340,5.588380,326.169590,-368.677920,831686.625000,
5.784000,0.396060,0.388370,6.377930,326.200870,-368.678440,831711.875000,1.000000
5.786000,0.712650,0.633180,6.459960,326.231410,-368.676670,831737.187500,
5.788000,0.816470,0.763920,4.655270,326.262390,-368.676300,831762.500000,
5.790000,0.622920,0.544740,3.824710,326.294400,-368.677060,831787.812500,
5.792000,0.287110,0.471680,5.496090,326.326290,-368.677890,831813.125000,1.000000
5.794000,0.352480,0.681880,7.085450,326.357210,-368.677890,831838.437500,
5.796000,0.775450,0.784420,7.413570,326.388240,-368.676640,831863.625000,
5.798000,0.939510,0.806210,5.444820,326.419590,-368.676390,831888.937500,
5.800000,0.728030,0.499880,4.798830,326.452120,-368.676790,831914.312500,1.000000
5.802000,0.362730,0.476810,6.070310,326.484190,-368.678130,831939.562500,
5.804000,0.476810,0.704960,7.157230,326.515010,-368.677860,831964.812500,
5.806000,0.784420,0.804930,6.675290,326.546170,-368.676360,831990.125000,
5.808000,0.810060,0.648560,4.860350,326.578370,-368.676510,832015.437500,1.000000
5.810000,0.544740,0.197390,4.983400,326.611630,-368.677610,832040.750000,
5.812000,0.355040,0.339660,6.008790,326.643340,-368.678620,832066.062500,
5.814000,0.640870,0.593440,6.736820,326.673890,-368.677150,832091.312500,
5.816000,0.854920,0.765200,5.178220,326.704770,-368.676120,832116.625000,1.000000
5.818000,0.681880,0.622920,4.368160,326.736570,-368.676880,832142.000000,
5.820000,0.370420,0.461430,4.768070,326.768710,-368.677610,832167.250000,
5.822000,0.292240,0.661380,6.470210,326.799710,-368.678040,832192.562500,
5.824000,0.689580,0.793400,7.434080,326.830660,-368.676880,832217.812500,1.000000
5.826000,0.980530,0.874150,5.896000,326.861940,-368.676360,832243.125000,
5.828000,0.810060,0.566530,5.219240,326.894290,-368.676570,832268.437500,
5.830000,0.422970,0.447330,5.988280,326.926700,-368.677760,832293.750000,
5.832000,0.402470,0.667790,7.034180,326.957860,-368.678100,832319.000000,1.000000
5.834000,0.733150,0.793400,6.870120,326.988860,-368.676510,832344.250000,
5.836000,0.839540,0.726750,5.178220,327.020690,-368.676240,832369.562500,
5.838000,0.613950,0.297360,4.511720,327.053920,-368.677220,832394.875000,
5.840000,0.362730,0.230710,5.926760,327.086210,-368.678590,832420.187500,1.000000
5.842000,0.549870,0.496030,7.095700,327.116940,-368.677580,832445.437500,
5.844000,0.819030,0.656250,5.978030,327.147670,-368.676060,832470.812500,
5.846000,0.747250,0.663940,4.152830,327.179170,-368.676640,832496.062500,
5.848000,0.443480,0.401180,4.265630,327.211330,-368.677460,832521.437500,1.000000
5.850000,0.243530,0.616520,6.029300,327.242430,-368.678130,832546.687500,
5.852000,0.608830,0.730590,7.393070,327.273220,-368.677190,832571.937500,
5.854000,0.921570,0.885680,6.541990,327.304260,-368.676450,832597.250000,
5.856000,0.874150,0.652400,5.044920,327.336400,-368.676510,832622.562500,1.000000
5.858000,0.511410,0.381960,5.793460,327.369050,-368.677430,832647.875000,
5.860000,0.342220,0.590880,6.818850,327.400420,-368.678250,832673.125000,
5.862000,0.694700,0.785710,6.818850,327.431300,-368.676850,832698.437500,
5.864000,0.840820,0.798520,5.506350,327.462830,-368.676210,832723.687500,1.000000
5.866000,0.692140,0.442200,4.624510,327.495640,-368.676910,832749.062500,
5.868000,0.411440,0.253780,5.670410,327.528290,-368.678310,832774.375000,
5.870000,0.499880,0.522950,7.013670,327.559110,-368.678100,832799.562500,
5.872000,0.778020,0.675480,6.213870,327.589870,-368.676240,832824.875000,1.000000
5.874000,0.802370,0.730590,4.686040,327.621150,-368.676420,832850.250000,
5.876000,0.525510,0.422970,3.752930,327.653500,-368.677280,832875.562500,
5.878000,0.251220,0.546020,5.854980,327.684910,-368.678100,832900.875000,
5.880000,0.489620,0.685730,7.280270,327.715850,-368.677490,832926.125000,1.000000
5.882000,0.869020,0.802370,7.044430,327.746890,-368.676570,832951.375000,
5.884000,0.936950,0.690860,5.414060,327.778840,-368.676540,832976.687500,
5.886000,0.603700,0.365300,5.188480,327.811650,-368.677120,833002.000000,
5.888000,0.330690,0.475520,6.654790,327.843290,-368.678340,833027.250000,1.000000
5.890000,0.584470,0.742130,7.075200,327.874080,-368.677340,833052.562500,
5.892000,0.842100,0.788270,6.193360,327.905460,-368.676180,833077.875000,
5.894000,0.747250,0.483220,4.880860,327.938080,-368.676820,833103.125000,
5.896000,0.435790,0.192260,5.588380,327.971040,-368.678010,833128.500000,1.000000
5.898000,0.416560,0.449890,6.870120,328.002040,-368.678310,833153.750000,
5.900000,0.744690,0.687010,6.326660,328.032470,-368.676510,833179.062500,
5.902000,0.829280,0.803650,4.911620,328.063390,-368.676270,833204.375000,
5.904000,0.599850,0.585750,3.609380,328.095400,-368.677060,833229.750000,1.000000
5.906000,0.288390,0.512700,5.475590,328.127140,-368.677950,833255.000000,
5.908000,0.393490,0.703670,7.270020,328.158110,-368.677800,833280.250000,
5.910000,0.833130,0.772890,7.434080,328.189300,-368.676610,833305.562500,
5.912000,0.968990,0.753660,5.660160,328.220890,-368.676420,833330.812500,1.000000
5.914000,0.698550,0.448610,4.880860,328.253540,-368.676910,833356.125000,
5.916000,0.375550,0.456300,6.213870,328.285710,-368.678220,833381.437500,
5.918000,0.533200,0.685730,6.818850,328.316590,-368.677760,833406.750000,
5.920000,0.816470,0.781860,6.613770,328.347840,-368.676330,833432.000000,1.000000
5.922000,0.795960,0.629330,4.778320,328.380160,-368.676610,833457.312500,
5.924000,0.542180,0.187130,5.291020,328.413270,-368.677730,833482.625000,
5.926000,0.384520,0.384520,6.388180,328.444760,-368.678530,833507.875000,
5.928000,0.674190,0.644710,6.480470,328.475190,-368.676910,833533.187500,1.000000
5.930000,0.861330,0.798520,5.137210,328.506010,-368.676090,833558.500000,
5.932000,0.674190,0.643430,4.019530,328.537690,-368.676910,833583.812500,
5.934000,0.352480,0.506290,5.085940,328.569730,-368.677700,833609.187500,
5.936000,0.328130,0.688290,6.788090,328.600590,-368.678010,833634.437500,1.000000
5.938000,0.722900,0.788270,7.464840,328.631710,-368.676760,833659.687500,
5.940000,0.972840,0.815190,5.926760,328.663180,-368.676360,833685.000000,
5.942000,0.793400,0.463990,4.819340,328.695800,-368.676640,833710.312500,
5.944000,0.411440,0.371700,6.039550,328.728360,-368.677890,833735.562500,1.000000
5.946000,0.434510,0.585750,6.972660,328.759520,-368.678070,833760.875000,
5.948000,0.761350,0.711360,7.064940,328.790620,-368.676510,833786.187500,
5.950000,0.843380,0.648560,5.229490,328.822510,-368.676330,833811.437500,
5.952000,0.602420,0.224300,4.716800,328.855710,-368.677340,833836.750000,1.000000
5.954000,0.370420,0.251220,5.978030,328.887630,-368.678620,833862.062500,
5.956000,0.576780,0.556270,6.675290,328.918060,-368.677370,833887.312500,
5.958000,0.844670,0.748540,5.824220,328.948670,-368.675960,833912.625000,
5.960000,0.719060,0.679320,4.265630,328.980160,-368.676700,833938.000000,1.000000
5.962000,0.431950,0.444760,4.686040,329.012240,-368.677490,833963.250000,
5.964000,0.258910,0.660100,6.224120,329.043240,-368.678100,833988.562500,
5.966000,0.643430,0.758790,7.249510,329.074100,-368.677060,834013.875000,
5.968000,0.961300,0.875430,6.224120,329.105290,-368.676390,834039.062500,1.000000
5.970000,0.845950,0.607540,4.870610,329.137540,-368.676510,834064.437500,
5.972000,0.497310,0.365300,5.947270,329.170200,-368.677550,834089.750000,
5.974000,0.364010,0.588320,7.075200,329.201630,-368.678220,834115.000000,
5.976000,0.717770,0.743410,6.972660,329.232600,-368.676700,834140.250000,1.000000
5.978000,0.862610,0.710080,5.403810,329.264310,-368.676240,834165.625000,
5.980000,0.674190,0.365300,4.398930,329.297210,-368.676970,834190.875000,
5.982000,0.408870,0.231990,5.332030,329.329680,-368.678310,834216.187500,
5.984000,0.521670,0.563960,6.849610,329.360260,-368.677890,834241.500000,1.000000
5.986000,0.801090,0.734440,6.306150,329.390870,-368.676120,834266.750000,
5.988000,0.793400,0.801090,4.604000,329.422120,-368.676510,834292.125000,
5.990000,0.516540,0.467830,3.937500,329.454440,-368.677340,834317.437500,
5.992000,0.266600,0.622920,5.762700,329.485840,-368.678160,834342.687500,1.000000
5.994000,0.538330,0.716490,7.054690,329.516940,-368.677370,834368.000000,
5.996000,0.890810,0.819030,6.716310,329.548190,-368.676510,834393.312500,
5.998000,0.922850,0.685730,5.219240,329.580200,-368.676510,834418.562500,
6.000000,0.587040,0.367860,5.557620,329.613070,-368.677190,834443.875000,1.000000
6.002000,0.346070,0.488340,6.726560,329.644740,-368.678310,834469.187500,
6.004000,0.615230,0.720340,7.116210,329.675690,-368.677190,834494.437500,
6.006000,0.844670,0.745970,5.957520,329.707210,-368.676180,834519.750000,
6.008000,0.743410,0.433230,4.450200,329.739840,-368.676820,834545.062500,1.000000
6.010000,0.419130,0.169190,5.639650,329.772670,-368.678070,834570.312500,
6.012000,0.424260,0.463990,6.736820,329.803500,-368.678220,834595.625000,
6.014000,0.763920,0.699830,6.480470,329.833860,-368.676360,834620.937500,
6.016000,0.834410,0.810060,4.747560,329.864780,-368.676330,834646.250000,1.000000
6.018000,0.580630,0.576780,3.660640,329.896910,-368.677120,834671.562500,
6.020000,0.283260,0.537050,5.496090,329.928680,-368.678010,834696.875000,
6.022000,0.416560,0.724180,7.259770,329.959750,-368.677700,834722.125000,
6.024000,0.857480,0.794680,7.259770,329.991000,-368.676570,834747.375000,1.000000
6.026000,0.963870,0.753660,5.537110,330.022740,-368.676480,834772.750000,
6.028000,0.662660,0.431950,5.085940,330.055570,-368.676940,834798.000000,
6.030000,0.366580,0.452450,6.408690,330.087680,-368.678250,834823.312500,
6.032000,0.556270,0.699830,7.116210,330.118560,-368.677610,834848.562500,1.000000
6.034000,0.836980,0.790830,6.142090,330.149780,-368.676240,834873.875000,
6.036000,0.771610,0.607540,4.839840,330.182130,-368.676640,834899.187500,
6.038000,0.513980,0.190980,5.219240,330.215150,-368.677760,834924.500000,
6.040000,0.388370,0.414000,6.716310,330.246460,-368.678440,834949.812500,1.000000
6.042000,0.688290,0.639590,6.254880,330.277010,-368.676790,834975.062500,
6.044000,0.838260,0.743410,5.126950,330.308010,-368.676180,835000.375000,
6.046000,0.662660,0.584470,3.845210,330.339870,-368.676940,835025.687500,
6.048000,0.329410,0.474240,4.962890,330.371920,-368.677760,835051.000000,1.000000
6.050000,0.337100,0.685730,6.921390,330.402860,-368.677920,835076.312500,
6.052000,0.739560,0.779300,7.567380,330.434050,-368.676670,835101.562500,
6.054000,0.942080,0.802370,6.070310,330.465640,-368.676420,835126.812500,
6.056000,0.760070,0.465270,4.675780,330.498290,-368.676760,835152.187500,1.000000
6.058000,0.387080,0.412720,6.244630,330.530760,-368.677950,835177.500000,
6.060000,0.444760,0.654970,6.870120,330.561740,-368.677920,835202.687500,
6.062000,0.772890,0.799800,6.767580,330.592710,-368.676420,835228.000000,
6.064000,0.829280,0.758790,5.147460,330.624480,-368.676360,835253.375000,1.000000
6.066000,0.574220,0.337100,4.850100,330.657470,-368.677490,835278.625000,
6.068000,0.351200,0.419130,6.480470,330.689150,-368.678650,835303.937500,
6.070000,0.599850,0.676760,6.439450,330.719640,-368.677220,835329.250000,
6.072000,0.848510,0.830570,5.865230,330.750520,-368.675960,835354.500000,1.000000
6.074000,0.694700,0.711360,3.958010,330.782200,-368.676790,835379.875000,
6.076000,0.412720,0.490910,4.819340,330.814580,-368.677550,835405.187500,
6.078000,0.271730,0.672910,6.593260,330.845860,-368.678100,835430.437500,
6.080000,0.669070,0.739560,7.393070,330.877140,-368.677000,835455.687500,1.000000
6.082000,0.971560,0.812620,6.531740,330.908660,-368.676390,835481.000000,
6.084000,0.811340,0.521670,4.634770,330.941250,-368.676510,835506.312500,
6.086000,0.461430,0.334530,6.039550,330.973940,-368.677640,835531.625000,
6.088000,0.371700,0.596010,6.952150,331.005190,-368.678130,835556.875000,1.000000
6.090000,0.720340,0.789550,6.962400,331.035980,-368.676540,835582.187500,
6.092000,0.847230,0.774170,5.506350,331.067470,-368.676210,835607.437500,
6.094000,0.639590,0.420410,4.511720,331.100310,-368.677060,835632.812500,
6.096000,0.378110,0.306340,5.649900,331.132570,-368.678440,835658.062500,1.000000
6.098000,0.528080,0.624210,6.500980,331.163090,-368.677700,835683.375000,
6.100000,0.803650,0.797240,6.121580,331.193730,-368.676060,835708.687500,
6.102000,0.769040,0.816470,4.337400,331.225160,-368.676510,835733.937500,
6.104000,0.483220,0.478090,4.357910,331.257540,-368.677430,835759.312500,1.000000
6.106000,0.251220,0.628050,5.896000,331.289060,-368.678190,835784.625000,
6.108000,0.574220,0.672910,7.270020,331.320400,-368.677340,835809.812500,
6.110000,0.895940,0.757510,6.603520,331.351840,-368.676540,835835.125000,
6.112000,0.897220,0.604980,4.757810,331.384060,-368.676510,835860.500000,1.000000
6.114000,0.551150,0.333250,5.834470,331.416840,-368.677280,835885.750000,
6.116000,0.329410,0.549870,6.818850,331.448180,-368.678280,835911.000000,
6.118000,0.642150,0.799800,7.352050,331.478880,-368.677030,835936.312500,
6.120000,0.825440,0.819030,5.742190,331.510310,-368.676210,835961.625000,1.000000
6.122000,0.719060,0.465270,4.327150,331.542970,-368.676910,835986.937500,
6.124000,0.406310,0.233280,5.588380,331.575840,-368.678190,836012.250000,
6.126000,0.447330,0.542180,6.634280,331.606570,-368.678160,836037.500000,
6.128000,0.757510,0.734440,6.624020,331.637150,-368.676270,836062.750000,1.000000
6.130000,0.807500,0.839540,4.839840,331.668210,-368.676390,836088.125000,
6.132000,0.547300,0.570370,3.906740,331.700440,-368.677280,836113.437500,
6.134000,0.251220,0.608830,5.680660,331.731960,-368.678160,836138.750000,
6.136000,0.446040,0.758790,7.085450,331.763060,-368.677670,836164.000000,1.000000
6.138000,0.862610,0.831850,7.167480,331.794310,-368.676640,836189.312500,
6.140000,0.944640,0.771610,5.373050,331.826110,-368.676510,836214.562500,
6.142000,0.620360,0.465270,5.424320,331.858890,-368.676970,836239.937500,
6.144000,0.321720,0.540890,6.521480,331.890690,-368.678310,836265.187500,1.000000
6.146000,0.544740,0.792110,6.849610,331.921540,-368.677490,836290.437500,
6.148000,0.829280,0.843380,6.039550,331.952910,-368.676240,836315.750000,
6.150000,0.748540,0.602420,4.429690,331.985470,-368.676790,836341.125000,
6.152000,0.463990,0.237120,5.557620,332.018550,-368.677920,836366.375000,1.000000
6.154000,0.393490,0.481930,6.624020,332.049840,-368.678380,836391.687500,
6.156000,0.704960,0.704960,6.644530,332.080440,-368.676640,836416.937500,
6.158000,0.806210,0.788270,4.870610,332.111570,-368.676270,836442.250000,
6.160000,0.620360,0.597290,3.742680,332.143710,-368.677060,836467.625000,1.000000
6.162000,0.288390,0.476810,4.757810,332.175810,-368.677890,836492.875000,
6.164000,0.355040,0.703670,7.146970,332.206730,-368.677890,836518.125000,
6.166000,0.771610,0.821590,7.382810,332.237760,-368.676640,836543.437500,
6.168000,0.936950,0.851070,6.131840,332.269130,-368.676420,836568.750000,1.000000
6.170000,0.725460,0.535770,4.860350,332.301610,-368.676820,836594.000000,
6.172000,0.358890,0.517820,6.193360,332.333740,-368.678040,836619.312500,
6.174000,0.462710,0.728030,6.859860,332.364620,-368.677860,836644.625000,
6.176000,0.772890,0.830570,6.172850,332.395780,-368.676390,836669.875000,1.000000
6.178000,0.808780,0.720340,5.003910,332.427890,-368.676480,836695.187500,
6.180000,0.542180,0.271730,5.075680,332.461090,-368.677610,836720.562500,
6.182000,0.347350,0.399900,6.603520,332.492860,-368.678650,836745.812500,
6.184000,0.631900,0.642150,6.583010,332.523440,-368.677190,836771.062500,1.000000
6.186000,0.844670,0.780580,5.332030,332.554530,-368.676120,836796.437500,
6.188000,0.675480,0.635740,3.875980,332.586360,-368.676910,836821.687500,
6.190000,0.370420,0.470400,4.655270,332.618590,-368.677640,836847.062500,
6.192000,0.290950,0.680600,6.572750,332.649570,-368.678040,836872.312500,1.000000
6.194000,0.687010,0.807500,7.598140,332.680510,-368.676880,836897.562500,
6.196000,0.974120,0.894650,6.511230,332.711790,-368.676360,836922.875000,
6.198000,0.803650,0.601140,4.839840,332.744110,-368.676540,836948.187500,
6.200000,0.425540,0.479370,5.875490,332.776430,-368.677730,836973.437500,1.000000
6.202000,0.388370,0.704960,6.911130,332.807560,-368.678070,836998.750000,
6.204000,0.719060,0.821590,6.583010,332.838560,-368.676510,837024.062500,
6.206000,0.825440,0.744690,5.455080,332.870420,-368.676300,837049.375000,
6.208000,0.610110,0.329410,4.624510,332.903630,-368.677220,837074.625000,1.000000
6.210000,0.364010,0.262760,6.080570,332.935910,-368.678590,837099.937500,
6.212000,0.548580,0.543460,6.541990,332.966640,-368.677580,837125.250000,
6.214000,0.808780,0.711360,5.803710,332.997440,-368.676060,837150.500000,
6.216000,0.738280,0.730590,4.214360,333.028870,-368.676610,837175.875000,1.000000
6.218000,0.438350,0.489620,4.091310,333.060910,-368.677460,837201.187500,
6.220000,0.231990,0.712650,6.357420,333.092010,-368.678130,837226.437500,
6.222000,0.597290,0.803650,7.229000,333.122890,-368.677220,837251.750000,
6.224000,0.912600,0.919010,6.675290,333.154050,-368.676510,837277.000000,1.000000
6.226000,0.875430,0.715210,4.809080,333.186190,-368.676540,837302.312500,
6.228000,0.516540,0.470400,5.526860,333.218780,-368.677370,837327.625000,
6.230000,0.331970,0.685730,6.870120,333.250060,-368.678190,837352.937500,
6.232000,0.676760,0.889530,6.941890,333.280880,-368.676880,837378.187500,1.000000
6.234000,0.828000,0.880550,5.906250,333.312470,-368.676270,837403.500000,
6.236000,0.687010,0.510130,4.357910,333.345340,-368.677000,837428.812500,
6.238000,0.407590,0.297360,5.803710,333.378140,-368.678310,837454.062500,
6.240000,0.494750,0.565250,6.572750,333.409090,-368.678070,837479.375000,1.000000
6.242000,0.770320,0.735720,6.152340,333.439850,-368.676240,837504.687500,
6.244000,0.795960,0.843380,4.860350,333.471040,-368.676450,837530.000000,
6.246000,0.521670,0.565250,4.029790,333.503230,-368.677280,837555.375000,
6.248000,0.246090,0.675480,5.947270,333.534640,-368.678100,837580.625000,1.000000
6.250000,0.475520,0.807500,7.177730,333.565670,-368.677550,837605.875000,
6.252000,0.861330,0.883120,6.921390,333.596920,-368.676640,837631.187500,
6.254000,0.933110,0.769040,5.075680,333.628880,-368.676570,837656.500000,
6.256000,0.597290,0.456300,5.403810,333.661710,-368.677060,837681.750000,1.000000
6.258000,0.325560,0.548580,6.859860,333.693480,-368.678310,837707.062500,
6.260000,0.566530,0.790830,7.198240,333.724370,-368.677370,837732.375000,
6.262000,0.826720,0.843380,6.326660,333.755770,-368.676210,837757.625000,
6.264000,0.745970,0.553710,4.368160,333.788360,-368.676880,837782.937500,1.000000
6.266000,0.434510,0.264040,5.403810,333.821230,-368.678040,837808.250000,
6.268000,0.415280,0.520390,6.531740,333.852260,-368.678340,837833.500000,
6.270000,0.740840,0.740840,6.572750,333.882750,-368.676510,837858.812500,
6.272000,0.824160,0.847230,5.065430,333.913670,-368.676300,837884.125000,1.000000
6.274000,0.596010,0.646000,3.691410,333.945680,-368.677060,837909.437500,
6.276000,0.289670,0.581910,5.311520,333.977390,-368.677920,837934.750000,
6.278000,0.387080,0.792110,6.839360,334.008270,-368.677800,837960.062500,
6.280000,0.812620,0.876710,7.249510,334.039430,-368.676640,837985.312500,1.000000
6.282000,0.949770,0.845950,5.547360,334.071040,-368.676450,838010.625000,
6.284000,0.697270,0.529360,5.096190,334.103730,-368.676910,838035.937500,
6.286000,0.369140,0.546020,6.480470,334.135890,-368.678190,838061.187500,
6.288000,0.522950,0.765200,6.849610,334.166840,-368.677800,838086.500000,1.000000
6.290000,0.803650,0.851070,6.244630,334.198120,-368.676390,838111.750000,
6.292000,0.790830,0.717770,4.768070,334.230380,-368.676640,838137.062500,
6.294000,0.539610,0.293520,5.106450,334.263430,-368.677760,838162.375000,
6.296000,0.379390,0.502440,6.644530,334.294830,-368.678590,838187.687500,1.000000
6.298000,0.666500,0.772890,6.777830,334.325160,-368.676970,838212.937500,
6.300000,0.856200,0.936950,5.321780,334.355900,-368.676090,838238.250000,
6.302000,0.666500,0.781860,3.701660,334.387540,-368.676910,838263.625000,
6.304000,0.353760,0.651120,4.768070,334.419590,-368.677670,838288.875000,1.000000
6.306000,0.324280,0.797240,6.654790,334.450620,-368.677980,838314.187500,
6.308000,0.715210,0.861330,7.557130,334.481900,-368.676790,838339.437500,
6.310000,0.971560,0.881840,6.398440,334.513580,-368.676420,838364.750000,
6.312000,0.793400,0.547300,5.014160,334.546300,-368.676700,838390.062500,1.000000
6.314000,0.417850,0.452450,6.039550,334.578860,-368.677890,838415.375000,
6.316000,0.424260,0.666500,6.777830,334.610140,-368.678070,838440.625000,
6.318000,0.743410,0.795960,6.572750,334.641240,-368.676510,838465.875000,
6.320000,0.831850,0.748540,5.260250,334.673070,-368.676360,838491.250000,1.000000
6.322000,0.597290,0.355040,5.024410,334.706090,-368.677370,838516.500000,
6.324000,0.376830,0.401180,6.172850,334.737850,-368.678620,838541.812500,
6.326000,0.578060,0.716490,6.706050,334.768190,-368.677430,838567.125000,
6.328000,0.836980,0.907470,5.537110,334.798710,-368.675960,838592.437500,1.000000
6.330000,0.713930,0.865170,3.988770,334.830080,-368.676670,838617.750000,
6.332000,0.429380,0.629330,4.306640,334.862060,-368.677490,838643.062500,
6.334000,0.253780,0.829280,6.572750,334.893190,-368.678100,838668.312500,
6.336000,0.631900,0.865170,7.311040,334.924290,-368.677120,838693.562500,1.000000
6.338000,0.948490,0.922850,6.767580,334.955810,-368.676480,838718.875000,
6.340000,0.852360,0.634460,4.655270,334.988430,-368.676570,838744.187500,
6.342000,0.497310,0.398620,5.516600,335.021240,-368.677550,838769.500000,
6.344000,0.357600,0.634460,7.003420,335.052610,-368.678220,838794.812500,1.000000
6.346000,0.710080,0.813900,6.706050,335.083590,-368.676760,838820.062500,
6.348000,0.853640,0.792110,5.926760,335.115260,-368.676270,838845.375000,
6.350000,0.674190,0.446040,4.645020,335.148070,-368.677000,838870.687500,
6.352000,0.416560,0.344790,5.690920,335.180390,-368.678310,838896.000000,1.000000
6.354000,0.528080,0.661380,6.624020,335.210940,-368.677890,838921.250000,
6.356000,0.794680,0.838260,5.813960,335.241490,-368.676150,838946.562500,
6.358000,0.786990,0.898500,4.593750,335.272740,-368.676480,838971.875000,
6.360000,0.519100,0.566530,4.091310,335.305020,-368.677340,838997.187500,1.000000
6.362000,0.269170,0.721620,6.142090,335.336360,-368.678160,839022.500000,
6.364000,0.528080,0.804930,7.239260,335.367520,-368.677490,839047.750000,
6.366000,0.885680,0.895940,6.890630,335.398740,-368.676610,839073.000000,
6.368000,0.926700,0.762630,4.932130,335.430790,-368.676610,839098.375000,1.000000
6.370000,0.593440,0.465270,5.280760,335.463560,-368.677220,839123.687500,
6.372000,0.348630,0.574220,6.675290,335.495240,-368.678340,839148.875000,
6.374000,0.601140,0.781860,7.229000,335.526250,-368.677220,839174.187500,
6.376000,0.830570,0.813900,6.357420,335.557770,-368.676180,839199.500000,1.000000
6.378000,0.742130,0.516540,4.460450,335.590360,-368.676880,839224.812500,
6.380000,0.428100,0.297360,5.373050,335.622990,-368.678040,839250.125000,
6.382000,0.437070,0.587040,6.716310,335.653840,-368.678190,839275.437500,
6.384000,0.769040,0.779300,6.049800,335.684330,-368.676390,839300.687500,1.000000
6.386000,0.830570,0.875430,4.839840,335.715300,-368.676390,839326.000000,
6.388000,0.575500,0.652400,3.804200,335.747440,-368.677190,839351.375000,
6.390000,0.283260,0.637020,5.670410,335.779110,-368.677980,839376.625000,
6.392000,0.412720,0.816470,7.095700,335.810120,-368.677730,839401.937500,1.000000
6.394000,0.849790,0.911320,7.034180,335.841340,-368.676640,839427.187500,
6.396000,0.971560,0.858760,5.311520,335.872990,-368.676510,839452.437500,
6.398000,0.678040,0.556270,5.003910,335.905700,-368.677000,839477.812500,
6.400000,0.372990,0.597290,6.593260,335.937710,-368.678280,839503.062500,1.000000
6.402000,0.547300,0.811340,6.829100,335.968630,-368.677610,839528.375000,
6.404000,0.826720,0.881840,6.634280,335.999940,-368.676240,839553.625000,
6.406000,0.770320,0.689580,4.501460,336.032380,-368.676570,839579.000000,
6.408000,0.522950,0.275570,5.147460,336.065400,-368.677760,839604.250000,1.000000
6.410000,0.402470,0.487060,6.285640,336.096800,-368.678440,839629.562500,
6.412000,0.690860,0.698550,6.459960,336.127440,-368.676790,839654.875000,
6.414000,0.834410,0.781860,5.373050,336.158630,-368.676180,839680.125000,
6.416000,0.654970,0.599850,3.732420,336.190610,-368.677000,839705.500000,1.000000
6.418000,0.333250,0.511410,5.085940,336.222720,-368.677760,839730.812500,
6.420000,0.339660,0.694700,6.716310,336.253690,-368.677950,839756.062500,
6.422000,0.738280,0.775450,7.229000,336.284880,-368.676730,839781.312500,
6.424000,0.947200,0.798520,6.121580,336.316440,-368.676450,839806.625000,1.000000
6.426000,0.769040,0.489620,5.003910,336.348910,-368.676760,839831.937500,
6.428000,0.396060,0.481930,6.531740,336.380950,-368.677920,839857.187500,
6.430000,0.437070,0.737000,6.900880,336.411740,-368.677890,839882.500000,
6.432000,0.762630,0.884400,6.521480,336.442570,-368.676390,839907.812500,1.000000
6.434000,0.820310,0.811340,4.973140,336.474270,-368.676360,839933.062500,
6.436000,0.576780,0.390930,4.891110,336.507260,-368.677460,839958.437500,
6.438000,0.364010,0.447330,6.316410,336.539000,-368.678650,839983.687500,
6.440000,0.604980,0.660100,6.808590,336.569760,-368.677310,840008.937500,1.000000
6.442000,0.848510,0.794680,5.916500,336.600740,-368.676060,840034.312500,
6.444000,0.693420,0.680600,3.660640,336.632540,-368.676820,840059.625000,
6.446000,0.415280,0.502440,4.552730,336.664730,-368.677610,840084.937500,
6.448000,0.267880,0.702390,6.275390,336.695980,-368.678100,840110.187500,1.000000
6.450000,0.657530,0.757510,7.434080,336.727110,-368.677030,840135.500000,
6.452000,0.965150,0.839540,6.798340,336.758510,-368.676390,840160.750000,
6.454000,0.821590,0.594730,5.014160,336.790860,-368.676540,840186.062500,
6.456000,0.470400,0.452450,5.824220,336.823210,-368.677610,840211.375000,1.000000
6.458000,0.375550,0.716490,6.736820,336.854250,-368.678130,840236.625000,
6.460000,0.715210,0.870300,6.500980,336.885070,-368.676540,840261.937500,
6.462000,0.839540,0.826720,5.455080,336.916690,-368.676240,840287.250000,
6.464000,0.644710,0.462710,4.665530,336.949550,-368.677060,840312.562500,1.000000
6.466000,0.392210,0.376830,6.029300,336.981780,-368.678410,840337.875000,
6.468000,0.531920,0.653690,6.695800,337.012420,-368.677760,840363.125000,
6.470000,0.799800,0.795960,5.844730,337.043210,-368.676120,840388.375000,
6.472000,0.766480,0.797240,4.378420,337.074770,-368.676570,840413.750000,1.000000
6.474000,0.490910,0.452450,3.947750,337.107240,-368.677460,840439.062500,
6.476000,0.255070,0.628050,6.070310,337.138640,-368.678220,840464.375000,
6.478000,0.565250,0.698550,7.505860,337.169860,-368.677370,840489.625000,
6.480000,0.892090,0.799800,6.972660,337.201140,-368.676510,840514.937500,1.000000
6.482000,0.898500,0.661380,4.778320,337.233220,-368.676540,840540.187500,
6.484000,0.563960,0.422970,5.496090,337.265810,-368.677310,840565.500000,
6.486000,0.343510,0.610110,6.583010,337.297090,-368.678310,840590.812500,
6.488000,0.635740,0.820310,7.003420,337.327880,-368.677060,840616.062500,1.000000
6.490000,0.820310,0.821590,6.213870,337.359380,-368.676240,840641.375000,
6.492000,0.716490,0.488340,4.511720,337.392000,-368.676910,840666.750000,
6.494000,0.414000,0.334530,5.701170,337.424530,-368.678160,840692.000000,
6.496000,0.448610,0.633180,6.511230,337.455230,-368.678190,840717.250000,1.000000
6.498000,0.761350,0.799800,6.244630,337.485840,-368.676360,840742.562500,
6.500000,0.807500,0.872860,4.562990,337.516940,-368.676510,840767.875000,
6.502000,0.553710,0.606260,4.081050,337.549260,-368.677310,840793.250000,
6.504000,0.253780,0.626770,5.813960,337.580840,-368.678100,840818.562500,1.000000
6.506000,0.428100,0.751100,7.331540,337.612090,-368.677640,840843.750000,
6.508000,0.840820,0.806210,6.890630,337.643520,-368.676610,840869.062500,
6.510000,0.942080,0.716490,5.229490,337.675420,-368.676540,840894.375000,
6.512000,0.631900,0.435790,5.003910,337.708160,-368.677030,840919.625000,1.000000
6.514000,0.340940,0.520390,6.511230,337.740020,-368.678310,840944.937500,
6.516000,0.554990,0.734440,7.105960,337.770900,-368.677520,840970.250000,
6.518000,0.822880,0.790830,6.459960,337.802280,-368.676240,840995.562500,
6.520000,0.744690,0.570370,4.562990,337.834720,-368.676790,841020.812500,1.000000
6.522000,0.472960,0.243530,5.055180,337.867550,-368.677920,841046.125000,
6.524000,0.396060,0.510130,6.408690,337.898680,-368.678410,841071.437500,
6.526000,0.697270,0.698550,6.326660,337.929290,-368.676670,841096.687500,
6.528000,0.802370,0.789550,5.106450,337.960330,-368.676330,841122.062500,1.000000
6.530000,0.626770,0.631900,3.896480,337.992220,-368.677120,841147.312500,
6.532000,0.301210,0.580630,5.219240,338.023990,-368.677890,841172.625000,
6.534000,0.352480,0.780580,6.972660,338.054840,-368.677860,841197.937500,
6.536000,0.753660,0.861330,7.136720,338.085940,-368.676640,841223.250000,1.000000
6.538000,0.915160,0.842100,5.844730,338.117490,-368.676480,841248.500000,
6.540000,0.721620,0.508850,4.798830,338.150120,-368.676850,841273.812500,
6.542000,0.367860,0.511410,6.500980,338.182310,-368.678040,841299.125000,
6.544000,0.461430,0.721620,6.941890,338.213290,-368.677890,841324.375000,1.000000
6.546000,0.766480,0.825440,6.439450,338.244510,-368.676450,841349.687500,
6.548000,0.801090,0.717770,4.932130,338.276640,-368.676510,841375.000000,
6.550000,0.548580,0.284550,4.727050,338.309810,-368.677610,841400.250000,
6.552000,0.356320,0.434510,6.295900,338.341400,-368.678680,841425.562500,1.000000
6.554000,0.628050,0.675480,6.675290,338.372010,-368.677190,841450.875000,
6.556000,0.838260,0.811340,5.680660,338.402980,-368.676090,841476.125000,
6.558000,0.672910,0.681880,3.999020,338.434660,-368.676910,841501.500000,
6.560000,0.380680,0.558840,4.778320,338.466710,-368.677640,841526.812500,1.000000
6.562000,0.294800,0.769040,6.593260,338.497620,-368.678040,841552.062500,
6.564000,0.676760,0.843380,7.187990,338.528690,-368.676850,841577.375000,
6.566000,0.957460,0.903630,6.285640,338.560060,-368.676390,841602.687500,
6.568000,0.798520,0.585750,5.044920,338.592560,-368.676640,841627.937500,1.000000
6.570000,0.435790,0.467830,6.131840,338.624910,-368.677760,841653.250000,
6.572000,0.393490,0.694700,6.767580,338.656160,-368.678040,841678.562500,
6.574000,0.713930,0.763920,6.593260,338.687350,-368.676510,841703.812500,
6.576000,0.821590,0.675480,5.188480,338.719330,-368.676360,841729.125000,1.000000
6.578000,0.610110,0.293520,4.409180,338.752470,-368.677280,841754.437500,
6.580000,0.372990,0.280700,6.039550,338.784520,-368.678500,841779.687500,
6.582000,0.544740,0.569090,6.767580,338.815090,-368.677580,841805.000000,
6.584000,0.794680,0.731870,5.988280,338.845860,-368.676060,841830.312500,1.000000
6.586000,0.737000,0.728030,4.224610,338.877290,-368.676640,841855.625000,
6.588000,0.451170,0.480650,3.886230,338.909330,-368.677490,841880.937500,
6.590000,0.242250,0.720340,5.978030,338.940340,-368.678160,841906.250000,
6.592000,0.598570,0.785710,7.249510,338.971310,-368.677220,841931.500000,1.000000
6.594000,0.890810,0.854920,6.859860,339.002590,-368.676480,841956.750000,
6.596000,0.862610,0.658810,4.850100,339.034760,-368.676610,841982.125000,
6.598000,0.525510,0.443480,5.701170,339.067260,-368.677460,842007.375000,
6.600000,0.344790,0.672910,6.654790,339.098450,-368.678220,842032.687500,1.000000
6.602000,0.670350,0.825440,6.808590,339.129430,-368.676880,842057.937500,
6.604000,0.813900,0.785710,5.762700,339.161130,-368.676300,842083.250000,
6.606000,0.688290,0.422970,4.573240,339.193970,-368.677060,842108.562500,
6.608000,0.414000,0.276860,6.060060,339.226560,-368.678310,842133.875000,1.000000
6.610000,0.493470,0.565250,6.634280,339.257350,-368.678040,842159.125000,
6.612000,0.756230,0.707520,6.142090,339.288090,-368.676270,842184.437500,
6.614000,0.785710,0.808780,4.409180,339.319310,-368.676510,842209.750000,
6.616000,0.529360,0.535770,3.937500,339.351500,-368.677340,842235.062500,1.000000
6.618000,0.258910,0.676760,5.885740,339.382720,-368.678100,842260.375000,
6.620000,0.470400,0.804930,7.444340,339.413760,-368.677580,842285.687500,
6.622000,0.838260,0.858760,7.341800,339.445100,-368.676640,842310.937500,
6.624000,0.912600,0.738280,5.034670,339.477050,-368.676640,842336.250000,1.000000
6.626000,0.602420,0.465270,5.147460,339.509740,-368.677120,842361.562500,
6.628000,0.338380,0.616520,6.336910,339.541320,-368.678310,842386.812500,
6.630000,0.563960,0.826720,6.900880,339.572240,-368.677400,842412.062500,
6.632000,0.812620,0.836980,6.459960,339.603760,-368.676240,842437.375000,1.000000
6.634000,0.726750,0.535770,4.768070,339.636540,-368.676910,842462.750000,
6.636000,0.443480,0.248660,5.362790,339.669460,-368.678100,842488.000000,
6.638000,0.424260,0.515260,6.347170,339.700560,-368.678310,842513.312500,
6.640000,0.729310,0.675480,6.295900,339.731290,-368.676510,842538.625000,1.000000
6.642000,0.799800,0.743410,4.645020,339.762450,-368.676360,842563.875000,
6.644000,0.594730,0.563960,3.865720,339.794560,-368.677190,842589.250000,
6.646000,0.299930,0.570370,5.475590,339.826110,-368.677920,842614.500000,
6.648000,0.381960,0.811340,7.198240,339.856810,-368.677760,842639.812500,1.000000
6.650000,0.790830,0.842100,7.177730,339.888060,-368.676640,842665.062500,
6.652000,0.926700,0.792110,5.485840,339.919860,-368.676570,842690.437500,
6.654000,0.699830,0.467830,4.686040,339.952580,-368.677000,842715.687500,
6.656000,0.378110,0.539610,6.142090,339.984560,-368.678160,842741.000000,1.000000
6.658000,0.496030,0.763920,7.054690,340.015440,-368.677760,842766.312500,
6.660000,0.770320,0.821590,6.613770,340.046840,-368.676450,842791.500000,
6.662000,0.778020,0.665220,4.891110,340.079160,-368.676670,842816.875000,
6.664000,0.540890,0.257630,4.809080,340.112210,-368.677760,842842.187500,1.000000
6.666000,0.376830,0.485780,6.008790,340.143520,-368.678590,842867.437500,
6.668000,0.642150,0.711360,6.603520,340.174100,-368.677030,842892.750000,
6.670000,0.820310,0.797240,5.332030,340.205170,-368.676150,842918.062500,
6.672000,0.651120,0.635740,4.132320,340.236970,-368.677030,842943.375000,1.000000
6.674000,0.372990,0.516540,4.460450,340.269010,-368.677760,842968.750000,
6.676000,0.294800,0.739560,6.367680,340.299960,-368.677950,842994.000000,
6.678000,0.660100,0.726750,7.075200,340.331390,-368.676850,843019.250000,
6.680000,0.911320,0.740840,5.998540,340.363130,-368.676610,843044.562500,1.000000
6.682000,0.774170,0.447330,4.747560,340.395690,-368.676880,843069.875000,
6.684000,0.420410,0.405030,5.506350,340.427890,-368.677830,843095.125000,
6.686000,0.365300,0.669070,6.624020,340.458920,-368.677950,843120.437500,
6.688000,0.681880,0.735720,6.377930,340.490080,-368.676670,843145.750000,1.000000
6.690000,0.785710,0.692140,5.055180,340.521880,-368.676640,843171.000000,
6.692000,0.584470,0.342220,3.947750,340.554690,-368.677430,843196.375000,
6.694000,0.346070,0.437070,5.434570,340.586240,-368.678340,843221.687500,
6.696000,0.488340,0.748540,6.357420,340.616550,-368.677430,843246.937500,1.000000
6.698000,0.756230,0.862610,5.721680,340.647370,-368.676240,843272.250000,
6.700000,0.683170,0.826720,4.173340,340.678800,-368.676940,843297.562500,
6.702000,0.426820,0.588320,3.209470,340.710940,-368.677580,843322.937500,
6.704000,0.214050,0.790830,5.332030,340.742100,-368.677890,843348.250000,1.000000
6.706000,0.494750,0.798520,6.695800,340.773590,-368.677190,843373.437500,
6.708000,0.813900,0.763920,6.244630,340.805510,-368.676760,843398.750000,
6.710000,0.792110,0.565250,4.788570,340.837920,-368.677000,843424.062500,
6.712000,0.485780,0.383240,4.757810,340.870510,-368.677490,843449.375000,1.000000
6.714000,0.273010,0.615230,6.039550,340.901890,-368.678040,843474.687500,
6.716000,0.537050,0.715210,6.172850,340.933170,-368.677090,843499.937500,
6.718000,0.740840,0.670350,5.291020,340.965000,-368.676640,843525.250000,
6.720000,0.617800,0.411440,3.814450,340.997560,-368.677340,843550.562500,1.000000
6.722000,0.357600,0.329410,4.491210,341.029660,-368.678070,843575.937500,
6.724000,0.333250,0.678040,6.080570,341.060060,-368.677800,843601.125000,
6.726000,0.634460,0.775450,5.906250,341.090880,-368.676510,843626.500000,
6.728000,0.689580,0.789550,4.347660,341.122250,-368.676850,843651.812500,1.000000
6.730000,0.457580,0.589600,3.045410,341.154170,-368.677610,843677.125000,
6.732000,0.211490,0.720340,4.204100,341.185460,-368.677760,843702.437500,
6.734000,0.296080,0.863890,6.090820,341.216460,-368.677400,843727.687500,
6.736000,0.666500,0.753660,6.644530,341.248440,-368.676910,843753.000000,1.000000
6.738000,0.789550,0.640870,5.044920,341.280730,-368.677120,843778.312500,
6.740000,0.520390,0.338380,3.814450,341.313540,-368.677310,843803.625000,
6.742000,0.237120,0.469120,5.373050,341.345250,-368.677860,843828.875000,
6.744000,0.342220,0.669070,5.875490,341.376370,-368.677400,843854.187500,1.000000
6.746000,0.646000,0.639590,5.496090,341.408110,-368.676670,843879.500000,
6.748000,0.629330,0.501160,4.204100,341.440190,-368.677250,843904.812500,
6.750000,0.358890,0.314030,3.978520,341.472440,-368.677890,843930.125000,
6.752000,0.226870,0.584470,5.414060,341.503230,-368.677890,843955.375000,1.000000
6.754000,0.470400,0.744690,5.537110,341.533870,-368.676880,843980.687500,
6.756000,0.637020,0.720340,4.327150,341.565340,-368.676790,844006.062500,
6.758000,0.471680,0.640870,3.024900,341.597050,-368.677610,844031.312500,
6.760000,0.217900,0.596010,3.558110,341.628600,-368.677760,844056.687500,1.000000
6.762000,0.148680,0.872860,5.629390,341.659390,-368.677580,844082.000000,
6.764000,0.494750,0.775450,6.449710,341.691160,-368.677060,844107.187500,
6.766000,0.698550,0.683170,5.106450,341.723240,-368.677280,844132.562500,
6.768000,0.547300,0.475520,3.158200,341.755680,-368.677460,844157.875000,1.000000
6.770000,0.247380,0.461430,4.378420,341.787660,-368.677640,844183.125000,
6.772000,0.179440,0.735720,5.465330,341.818510,-368.677640,844208.437500,
6.774000,0.497310,0.726750,5.701170,341.850040,-368.676940,844233.750000,
6.776000,0.607540,0.621640,4.398930,341.882080,-368.677220,844259.062500,1.000000
6.778000,0.381960,0.379390,3.301760,341.914460,-368.677860,844284.375000,
6.780000,0.167910,0.512700,4.316890,341.945800,-368.677950,844309.687500,
6.782000,0.297360,0.784420,5.075680,341.976440,-368.677250,844334.937500,
6.784000,0.540890,0.693420,4.665530,342.008090,-368.676760,844360.250000,1.000000
6.786000,0.470400,0.643430,3.527340,342.039920,-368.677670,844385.562500,
6.788000,0.246090,0.538330,2.922360,342.071810,-368.677890,844410.937500,
6.790000,0.084590,0.729310,4.583500,342.102940,-368.677700,844436.250000,
6.792000,0.292240,0.789550,6.019040,342.134340,-368.677220,844461.437500,1.000000
6.794000,0.598570,0.583190,5.506350,342.166780,-368.677190,844486.750000,
6.796000,0.548580,0.499880,3.650390,342.198910,-368.677580,844512.125000,
6.798000,0.273010,0.399900,3.691410,342.230870,-368.677550,844537.375000,
6.800000,0.111510,0.756230,5.167970,342.261510,-368.677700,844562.687500,1.000000
6.802000,0.334530,0.824160,5.762700,342.292510,-368.677190,844588.000000,
6.804000,0.544740,0.667790,4.460450,342.324580,-368.677220,844613.250000,
6.806000,0.397340,0.460140,2.983890,342.356900,-368.677890,844638.625000,
6.808000,0.164060,0.392210,3.783690,342.388760,-368.677950,844663.937500,1.000000
6.810000,0.143550,0.739560,4.932130,342.419310,-368.677610,844689.187500,
6.812000,0.419130,0.725460,4.993650,342.450710,-368.676910,844714.500000,
6.814000,0.475520,0.644710,3.763180,342.482670,-368.677520,844739.812500,
6.816000,0.229430,0.561400,2.953130,342.514470,-368.678040,844765.125000,1.000000
6.818000,0.071780,0.626770,3.291500,342.545900,-368.677800,844790.437500,
6.820000,0.137150,0.848510,5.414060,342.576930,-368.677520,844815.687500,
6.822000,0.463990,0.604980,5.813960,342.609380,-368.677120,844841.000000,
6.824000,0.537050,0.522950,4.019530,342.641630,-368.677550,844866.312500,1.000000
6.826000,0.273010,0.381960,3.445310,342.673710,-368.677640,844891.625000,
6.828000,0.094850,0.602420,4.573240,342.704770,-368.677730,844916.937500,
6.830000,0.180730,0.851070,5.414060,342.735440,-368.677340,844942.187500,
6.832000,0.475520,0.644710,4.645020,342.767460,-368.677120,844967.500000,1.000000
6.834000,0.419130,0.511410,3.055660,342.799620,-368.677860,844992.812500,
6.836000,0.174320,0.351200,3.199220,342.831630,-368.678040,845018.125000,
6.838000,0.098690,0.643430,4.337400,342.862370,-368.677760,845043.375000,
6.840000,0.301210,0.779300,5.373050,342.893310,-368.677060,845068.687500,1.000000
6.842000,0.424260,0.567810,3.824710,342.925420,-368.677430,845094.062500,
6.844000,0.279420,0.558840,2.901860,342.957210,-368.678160,845119.312500,
6.846000,0.078190,0.503720,2.789060,342.988860,-368.677890,845144.687500,
6.848000,0.046140,0.812620,4.562990,343.019650,-368.677730,845170.000000,1.000000
6.850000,0.333250,0.738280,5.793460,343.051390,-368.677310,845195.187500,
6.852000,0.496030,0.571660,4.347660,343.083770,-368.677640,845220.500000,
6.854000,0.315310,0.469120,3.353030,343.115780,-368.677830,845245.875000,
6.856000,0.099980,0.501160,3.896480,343.147340,-368.677760,845271.125000,1.000000
6.858000,0.087160,0.899780,5.188480,343.177730,-368.677670,845296.437500,
6.860000,0.369140,0.771610,4.973140,343.209410,-368.677060,845321.750000,
6.862000,0.434510,0.604980,3.353030,343.241670,-368.677760,845347.000000,
6.864000,0.192260,0.478090,3.106930,343.273740,-368.678160,845372.375000,1.000000
6.866000,0.064090,0.604980,4.183590,343.304930,-368.677980,845397.687500,
6.868000,0.184570,0.904910,5.147460,343.335480,-368.677430,845422.875000,
6.870000,0.401180,0.694700,4.101560,343.367610,-368.677190,845448.250000,
6.872000,0.287110,0.565250,2.942870,343.399810,-368.678220,845473.562500,1.000000
6.874000,0.096130,0.524230,2.604490,343.431520,-368.678130,845498.875000,
6.876000,0.016660,0.725460,4.286130,343.462620,-368.677860,845524.187500,
6.878000,0.210210,0.866460,5.783200,343.493800,-368.677430,845549.437500,
6.880000,0.451170,0.603700,4.932130,343.526310,-368.677430,845574.687500,1.000000
6.882000,0.328130,0.520390,3.168460,343.558410,-368.678040,845600.062500,
6.884000,0.119200,0.419130,3.229980,343.590360,-368.677800,845625.375000,
6.886000,0.044860,0.762630,4.501460,343.621060,-368.677830,845650.625000,
6.888000,0.252500,0.833130,5.250000,343.652190,-368.677340,845675.937500,1.000000
6.890000,0.410160,0.584470,3.999020,343.684660,-368.677580,845701.250000,
6.892000,0.226870,0.463990,2.983890,343.716770,-368.678310,845726.562500,
6.894000,0.060240,0.453740,3.588870,343.748440,-368.678040,845751.875000,
6.896000,0.094850,0.788270,4.634770,343.778960,-368.677760,845777.125000,1.000000
6.898000,0.324280,0.742130,3.999020,343.810420,-368.677310,845802.437500,
6.900000,0.342220,0.622920,3.240230,343.842530,-368.677950,845827.750000,
6.902000,0.097410,0.585750,2.666020,343.874050,-368.678310,845853.062500,
6.904000,0.012820,0.658810,3.537600,343.905270,-368.677920,845878.375000,1.000000
6.906000,0.096130,0.920290,5.383300,343.936160,-368.677700,845903.625000,
6.908000,0.371700,0.689580,4.778320,343.968320,-368.677400,845928.937500,
6.910000,0.381960,0.531920,3.301760,344.000730,-368.677890,845954.250000,
6.912000,0.117920,0.394780,2.942870,344.032840,-368.677950,845979.562500,1.000000
6.914000,0.038450,0.585750,4.111820,344.064090,-368.677860,846004.812500,
6.916000,0.151250,0.835690,5.137210,344.094850,-368.677400,846030.125000,
6.918000,0.388370,0.629330,4.163090,344.127010,-368.677400,846055.437500,
6.920000,0.273010,0.462710,2.942870,344.159330,-368.678250,846080.687500,1.000000
6.922000,0.061520,0.397340,2.676270,344.191070,-368.678280,846106.062500,
6.924000,0.048710,0.694700,4.357910,344.221860,-368.677890,846131.375000,
6.926000,0.242250,0.845950,4.501460,344.252660,-368.677400,846156.625000,
6.928000,0.329410,0.666500,3.711910,344.284640,-368.677860,846181.937500,1.000000
6.930000,0.147400,0.671630,2.789060,344.316220,-368.678310,846207.250000,
6.932000,0.007690,0.654970,2.748050,344.347600,-368.678010,846232.562500,
6.934000,0.017940,0.947200,4.542480,344.378300,-368.677860,846257.812500,
6.936000,0.287110,0.872860,5.055180,344.409970,-368.677490,846283.125000,1.000000
6.938000,0.367860,0.635740,3.927250,344.442500,-368.677950,846308.375000,
6.940000,0.156370,0.447330,2.963380,344.474950,-368.678040,846333.750000,
6.942000,0.020510,0.460140,3.988770,344.506810,-368.677950,846359.062500,
6.944000,0.064090,0.754940,4.962890,344.537690,-368.677760,846384.312500,1.000000
6.946000,0.321720,0.662660,4.214360,344.569580,-368.677430,846409.562500,
6.948000,0.310180,0.453740,2.983890,344.602140,-368.678160,846434.937500,
6.950000,0.069210,0.353760,2.409670,344.634120,-368.678310,846460.187500,
6.952000,-0.003850,0.530640,4.060550,344.665160,-368.678070,846485.500000,1.000000
6.954000,0.144840,0.819030,4.788570,344.695800,-368.677550,846510.812500,
6.956000,0.326840,0.702390,3.793950,344.727450,-368.677610,846536.062500,
6.958000,0.169190,0.626770,2.666020,344.759190,-368.678440,846561.437500,
6.960000,0.014100,0.642150,2.276370,344.790440,-368.678070,846586.750000,1.000000
6.962000,-0.011540,0.836980,3.845210,344.821380,-368.677950,846612.000000,
6.964000,0.170470,0.929260,4.973140,344.852540,-368.677640,846637.312500,
6.966000,0.366580,0.742130,4.142580,344.884700,-368.677800,846662.625000,
6.968000,0.180730,0.569090,3.014650,344.916960,-368.678250,846687.875000,1.000000
6.970000,0.021790,0.469120,3.353030,344.949070,-368.678040,846713.250000,
6.972000,0.012820,0.684450,4.429690,344.980350,-368.677950,846738.500000,
6.974000,0.228150,0.676760,4.419430,345.011990,-368.677550,846763.750000,
6.976000,0.326840,0.515260,3.045410,345.044370,-368.678010,846789.125000,1.000000
6.978000,0.101260,0.384520,2.399410,345.076540,-368.678440,846814.437500,
6.980000,-0.012820,0.446040,3.537600,345.107910,-368.678100,846839.687500,
6.982000,0.037170,0.728030,4.460450,345.138580,-368.677830,846865.000000,
6.984000,0.271730,0.722900,3.978520,345.169980,-368.677610,846890.312500,1.000000
6.986000,0.247380,0.663940,2.778810,345.201660,-368.678280,846915.562500,
6.988000,0.005130,0.602420,2.204590,345.233090,-368.678250,846940.937500,
6.990000,-0.047420,0.721620,3.322270,345.264250,-368.677950,846966.250000,
6.992000,0.078190,0.845950,4.839840,345.295530,-368.677830,846991.500000,1.000000
6.994000,0.319150,0.711360,4.439940,345.327510,-368.677760,847016.812500,
6.996000,0.255070,0.584470,3.014650,345.359740,-368.678160,847042.125000,
6.998000,0.021790,0.425540,2.768550,345.391850,-368.678070,847067.375000,
7.000000,-0.023070,0.625490,3.845210,345.423130,-368.678040,847092.687500,1.000000
7.002000,0.142270,0.720340,4.706540,345.454440,-368.677610,847118.000000,
7.004000,0.329410,0.565250,3.640140,345.486510,-368.677830,847143.250000,
7.006000,0.151250,0.421690,2.737790,345.518740,-368.678440,847168.625000,
7.008000,-0.025630,0.385800,3.117190,345.550320,-368.678190,847193.937500,1.000000
7.010000,-0.006410,0.653690,4.081050,345.581090,-368.677890,847219.187500,
7.012000,0.194820,0.726750,3.752930,345.612180,-368.677610,847244.500000,
7.014000,0.239690,0.695980,2.758300,345.643740,-368.678220,847269.812500,
7.016000,0.048710,0.667790,2.532710,345.675170,-368.678440,847295.125000,1.000000
7.018000,-0.047420,0.633180,2.881350,345.706670,-368.678040,847320.437500,
7.020000,-0.005130,0.789550,4.604000,345.737920,-368.677980,847345.687500,
7.022000,0.247380,0.660100,4.450200,345.769990,-368.677830,847370.937500,
7.024000,0.264040,0.630620,2.871090,345.801940,-368.678310,847396.312500,1.000000
7.026000,0.051270,0.481930,2.522460,345.834080,-368.678100,847421.562500,
7.028000,-0.038450,0.567810,3.158200,345.865480,-368.678070,847446.875000,
7.030000,0.028200,0.739560,4.604000,345.896670,-368.677890,847472.187500,
7.032000,0.280700,0.626770,4.009280,345.928650,-368.677760,847497.500000,1.000000
7.034000,0.210210,0.528080,2.942870,345.960600,-368.678440,847522.750000,
7.036000,-0.014100,0.453740,2.409670,345.992310,-368.678280,847548.125000,
7.038000,-0.052550,0.638310,3.414550,346.023250,-368.678010,847573.375000,
7.040000,0.097410,0.713930,3.886230,346.054440,-368.677760,847598.625000,1.000000
7.042000,0.262760,0.637020,3.014650,346.086210,-368.678070,847624.000000,
7.044000,0.087160,0.622920,2.666020,346.117770,-368.678560,847649.250000,
7.046000,-0.066650,0.546020,2.348140,346.149440,-368.678160,847674.625000,
7.048000,-0.047420,0.681880,3.896480,346.180850,-368.678100,847699.937500,1.000000
7.050000,0.152530,0.593440,4.501460,346.212860,-368.677890,847725.187500,
7.052000,0.303770,0.549870,3.117190,346.244840,-368.678160,847750.437500,
7.054000,0.092290,0.485780,2.686520,346.276700,-368.678440,847775.812500,
7.056000,-0.044860,0.462710,2.963380,346.308470,-368.678070,847801.062500,1.000000
7.058000,-0.024350,0.631900,4.511720,346.339540,-368.678040,847826.375000,
7.060000,0.206360,0.567810,4.040040,346.371370,-368.677830,847851.625000,
7.062000,0.265320,0.539610,2.830080,346.403230,-368.678340,847876.937500,
7.064000,0.029480,0.481930,2.276370,346.434660,-368.678470,847902.250000,1.000000
7.066000,-0.066650,0.598570,3.117190,346.465640,-368.678070,847927.562500,
7.068000,0.017940,0.771610,4.265630,346.496550,-368.677890,847952.875000,
7.070000,0.216610,0.622920,3.486330,346.528380,-368.678100,847978.125000,
7.072000,0.152530,0.676760,2.645510,346.559840,-368.678560,848003.500000,1.000000
7.074000,-0.042300,0.571660,2.061040,346.591430,-368.678280,848028.750000,
7.076000,-0.074340,0.676760,3.250490,346.622860,-368.678070,848054.062500,
7.078000,0.055110,0.644710,4.214360,346.654790,-368.678040,848079.375000,
7.080000,0.271730,0.517820,3.619630,346.687100,-368.678160,848104.625000,1.000000
7.082000,0.157650,0.510130,3.035160,346.718900,-368.678310,848129.937500,
7.084000,-0.035890,0.448610,2.748050,346.750670,-368.678250,848155.250000,
7.086000,-0.058960,0.647280,3.937500,346.781890,-368.678040,848180.500000,
7.088000,0.114070,0.583190,3.896480,346.813600,-368.677860,848205.812500,1.000000
7.090000,0.275570,0.499880,2.860840,346.845610,-368.678250,848231.125000,
7.092000,0.080750,0.522950,2.317380,346.877110,-368.678500,848256.437500,
7.094000,-0.067930,0.531920,2.850590,346.908230,-368.678250,848281.750000,
7.096000,-0.026920,0.752380,4.152830,346.939060,-368.677920,848307.062500,1.000000
7.098000,0.162780,0.619080,3.465820,346.970890,-368.677980,848332.312500,
7.100000,0.189700,0.630620,2.696780,347.002440,-368.678650,848357.625000,
7.102000,-0.001280,0.680600,1.855960,347.033690,-368.678380,848382.937500,
7.104000,-0.078190,0.661380,2.614750,347.065160,-368.678160,848408.250000,1.000000
7.106000,-0.024350,0.694700,4.388670,347.096860,-368.678070,848433.500000,
7.108000,0.221740,0.455020,3.824710,347.129490,-368.678250,848458.812500,
7.110000,0.193540,0.472960,2.901860,347.161530,-368.678530,848484.125000,
7.112000,-0.005130,0.417850,2.389160,347.193240,-368.678160,848509.437500,1.000000
7.114000,-0.078190,0.584470,3.496580,347.224460,-368.678220,848534.750000,
7.116000,0.008970,0.643430,3.988770,347.255890,-368.677860,848560.000000,
7.118000,0.249940,0.455020,3.414550,347.288150,-368.678220,848585.312500,
7.120000,0.124330,0.479370,2.625000,347.319760,-368.678680,848610.625000,1.000000
7.122000,-0.043580,0.497310,2.666020,347.351010,-368.678310,848635.875000,
7.124000,-0.070500,0.676760,3.763180,347.381840,-368.678100,848661.187500,
7.126000,0.071780,0.657530,3.424800,347.413420,-368.677950,848686.500000,
7.128000,0.205080,0.581910,2.901860,347.445280,-368.678530,848711.812500,1.000000
7.130000,0.039730,0.687010,2.255860,347.476320,-368.678710,848737.125000,
7.132000,-0.085880,0.721620,2.512210,347.507600,-368.678220,848762.437500,
7.134000,-0.056400,0.760070,4.050290,347.539060,-368.678220,848787.687500,
7.136000,0.119200,0.554990,4.152830,347.571530,-368.678130,848813.000000,1.000000
7.138000,0.224300,0.466550,2.778810,347.603790,-368.678620,848838.312500,
7.140000,0.025630,0.484500,2.276370,347.635500,-368.678500,848863.562500,
7.142000,-0.080750,0.567810,3.004390,347.666810,-368.678190,848888.875000,
7.144000,-0.039730,0.666500,3.968260,347.698150,-368.678130,848914.187500,1.000000
7.146000,0.169190,0.471680,3.629880,347.730530,-368.678130,848939.500000,
7.148000,0.194820,0.389650,2.840330,347.762660,-368.678740,848964.750000,
7.150000,-0.025630,0.435790,2.378910,347.794010,-368.678590,848990.125000,
7.152000,-0.069210,0.616520,3.055660,347.824890,-368.678130,849015.375000,1.000000
7.154000,0.000000,0.656250,3.476070,347.856170,-368.678010,849040.687500,
7.156000,0.161500,0.492190,2.850590,347.888340,-368.678410,849066.000000,
7.158000,0.078190,0.557560,2.430180,347.919770,-368.678830,849091.250000,
7.160000,-0.049990,0.602420,2.286620,347.950840,-368.678410,849116.625000,1.000000
7.162000,-0.083310,0.765200,3.455570,347.981990,-368.678190,849141.875000,
7.164000,0.026920,0.619080,4.111820,348.014010,-368.678160,849167.125000,
7.166000,0.196110,0.502440,2.850590,348.046260,-368.678440,849192.437500,
7.168000,0.051270,0.503720,2.194340,348.077880,-368.678620,849217.812500,1.000000
7.170000,-0.067930,0.603700,2.625000,348.109040,-368.678380,849243.062500,
7.172000,-0.075620,0.751100,3.752930,348.140050,-368.678100,849268.375000,
7.174000,0.065370,0.546020,3.824710,348.172270,-368.678040,849293.687500,
7.176000,0.174320,0.402470,2.625000,348.204650,-368.678620,849318.937500,1.000000
7.178000,0.002560,0.429380,2.276370,348.236240,-368.678710,849344.250000,
7.180000,-0.091000,0.621640,2.717290,348.267030,-368.678310,849369.562500,
7.182000,-0.046140,0.754940,3.383790,348.298070,-368.678040,849394.812500,
7.184000,0.091000,0.537050,3.281250,348.330290,-368.678310,849420.125000,1.000000
7.186000,0.083310,0.547300,2.553220,348.362060,-368.678860,849445.500000,
7.188000,-0.074340,0.587040,2.163570,348.393370,-368.678560,849470.750000,
7.190000,-0.087160,0.766480,2.830080,348.424290,-368.678250,849496.062500,
7.192000,-0.041020,0.738280,3.763180,348.456020,-368.678100,849521.375000,1.000000
7.194000,0.119200,0.512700,3.209470,348.488490,-368.678440,849546.625000,
7.196000,0.061520,0.502440,2.583980,348.520450,-368.678620,849571.937500,
7.198000,-0.092290,0.530640,2.389160,348.551820,-368.678440,849597.250000,
7.200000,-0.106380,0.767760,3.722170,348.582640,-368.678250,849622.500000,1.000000
7.202000,-0.021790,0.669070,3.660640,348.614440,-368.677950,849647.812500,
7.204000,0.133300,0.419130,2.604490,348.647060,-368.678470,849673.125000,
7.206000,0.011540,0.380680,1.958500,348.678990,-368.678800,849698.437500,
7.208000,-0.096130,0.475520,2.450680,348.710210,-368.678500,849723.750000,1.000000
7.210000,-0.080750,0.725460,3.640140,348.740940,-368.678130,849749.062500,
7.212000,0.003850,0.549870,3.363280,348.773010,-368.678160,849774.312500,
7.214000,0.060240,0.463990,2.563480,348.805110,-368.678830,849799.625000,
7.216000,-0.056400,0.499880,1.968750,348.836520,-368.678710,849824.937500,1.000000
7.218000,-0.115360,0.633180,1.979000,348.867580,-368.678410,849850.250000,
7.220000,-0.085880,0.766480,3.660640,348.898710,-368.678280,849875.500000,
7.222000,0.042300,0.531920,3.271000,348.931060,-368.678310,849900.812500,
7.224000,0.048710,0.447330,2.727540,348.963130,-368.678800,849926.125000,1.000000
7.226000,-0.091000,0.442200,2.348140,348.994810,-368.678620,849951.437500,
7.228000,-0.123050,0.670350,2.901860,349.025600,-368.678380,849976.750000,
7.230000,-0.071780,0.769040,3.629880,349.056610,-368.678100,850002.000000,
7.232000,0.066650,0.529360,2.645510,349.089020,-368.678340,850027.312500,1.000000
7.234000,0.024350,0.433230,2.368650,349.121150,-368.678920,850052.625000,
7.236000,-0.117920,0.439640,2.368650,349.152620,-368.678680,850077.875000,
7.238000,-0.110230,0.712650,3.322270,349.183290,-368.678280,850103.187500,
7.240000,-0.041020,0.706240,3.147950,349.214780,-368.678100,850128.500000,1.000000
7.242000,0.021790,0.496030,2.532710,349.247100,-368.678650,850153.750000,
7.244000,-0.083310,0.521670,2.245610,349.278750,-368.678860,850179.125000,
7.246000,-0.128170,0.593440,1.835450,349.310030,-368.678440,850204.437500,
7.248000,-0.105100,0.816470,3.732420,349.340910,-368.678340,850229.687500,1.000000
7.250000,-0.035890,0.694700,3.547850,349.372860,-368.678280,850255.000000,
7.252000,0.019230,0.531920,2.707030,349.405240,-368.678590,850280.312500,
7.254000,-0.111510,0.456300,2.112300,349.437190,-368.678710,850305.562500,
7.256000,-0.148680,0.588320,2.481450,349.468540,-368.678530,850330.875000,1.000000
7.258000,-0.112790,0.775450,3.640140,349.499540,-368.678160,850356.187500,
7.260000,-0.012820,0.580630,3.168460,349.531710,-368.678280,850381.437500,
7.262000,-0.002560,0.429380,2.891600,349.564180,-368.678800,850406.750000,
7.264000,-0.147400,0.401180,2.266110,349.595950,-368.678800,850432.125000,1.000000
7.266000,-0.148680,0.584470,2.973630,349.626860,-368.678440,850457.375000,
7.268000,-0.108950,0.763920,2.860840,349.657780,-368.678160,850482.687500,
7.270000,-0.020510,0.574220,2.717290,349.689850,-368.678470,850508.000000,
7.272000,-0.071780,0.538330,2.286620,349.721650,-368.678860,850533.250000,1.000000
7.274000,-0.183290,0.507570,2.122560,349.753230,-368.678590,850558.625000,
7.276000,-0.147400,0.710080,3.271000,349.784240,-368.678410,850583.875000,
7.278000,-0.101260,0.717770,3.394040,349.815700,-368.678220,850609.125000,
7.280000,-0.011540,0.598570,2.748050,349.847840,-368.678590,850634.437500,1.000000
7.282000,-0.097410,0.489620,2.071290,349.879940,-368.678620,850659.812500,
7.284000,-0.192260,0.490910,1.999510,349.911560,-368.678530,850685.062500,
7.286000,-0.153810,0.739560,3.527340,349.942540,-368.678340,850710.375000,
7.288000,-0.067930,0.693420,3.240230,349.974270,-368.678100,850735.687500,1.000000
7.290000,-0.011540,0.485780,2.573730,350.006680,-368.678680,850760.937500,
7.292000,-0.155090,0.429380,2.081540,350.038640,-368.678770,850786.250000,
7.294000,-0.193540,0.512700,2.553220,350.070010,-368.678560,850811.562500,
7.296000,-0.142270,0.738280,2.860840,350.100830,-368.678280,850836.812500,1.000000
7.298000,-0.064090,0.660100,2.799320,350.132540,-368.678440,850862.125000,
7.300000,-0.101260,0.604980,2.522460,350.164370,-368.678830,850887.437500,
7.302000,-0.197390,0.531920,2.009770,350.196040,-368.678650,850912.750000,
7.304000,-0.185850,0.649840,2.583980,350.227290,-368.678500,850938.062500,1.000000
7.306000,-0.157650,0.719060,3.291500,350.258670,-368.678410,850963.375000,
7.308000,-0.048710,0.581910,3.168460,350.290770,-368.678470,850988.625000,
7.310000,-0.123050,0.503720,2.317380,350.322880,-368.678830,851013.937500,
7.312000,-0.211490,0.428100,2.173830,350.354890,-368.678590,851039.250000,1.000000
7.314000,-0.194820,0.603700,3.096680,350.385990,-368.678500,851064.500000,
7.316000,-0.142270,0.695980,3.445310,350.417360,-368.678280,851089.812500,
7.318000,-0.039730,0.540890,2.501950,350.449580,-368.678590,851115.125000,
7.320000,-0.156370,0.446040,1.958500,350.481630,-368.678960,851140.375000,1.000000
7.322000,-0.231990,0.446040,2.419920,350.513210,-368.678620,851165.687500,
7.324000,-0.192260,0.694700,3.096680,350.544070,-368.678410,851191.000000,
7.326000,-0.125610,0.688290,3.045410,350.575470,-368.678470,851216.312500,
7.328000,-0.088440,0.688290,2.450680,350.607090,-368.678830,851241.625000,1.000000
7.330000,-0.217900,0.678040,1.999510,350.638490,-368.678740,851266.937500,
7.332000,-0.233280,0.703670,1.876460,350.669860,-368.678560,851292.187500,
7.334000,-0.203800,0.798520,3.106930,350.701200,-368.678560,851317.500000,
7.336000,-0.106380,0.687010,3.178710,350.733220,-368.678530,851342.812500,1.000000
7.338000,-0.096130,0.628050,2.419920,350.765260,-368.678710,851368.062500,
7.340000,-0.220460,0.520390,2.430180,350.797390,-368.678800,851393.375000,
7.342000,-0.221740,0.590880,2.727540,350.829100,-368.678560,851418.687500,
7.344000,-0.182010,0.654970,3.137700,350.860570,-368.678410,851443.937500,1.000000
7.346000,-0.075620,0.554990,2.625000,350.892760,-368.678590,851469.250000,
7.348000,-0.123050,0.492190,1.876460,350.924870,-368.678860,851494.625000,
7.350000,-0.240970,0.428100,2.266110,350.956630,-368.678770,851519.875000,
7.352000,-0.214050,0.615230,3.260740,350.987730,-368.678440,851545.187500,1.000000
7.354000,-0.174320,0.690860,2.922360,351.019010,-368.678340,851570.500000,
7.356000,-0.096130,0.635740,2.430180,351.050660,-368.678800,851595.750000,
7.358000,-0.189700,0.721620,1.999510,351.081940,-368.678800,851621.062500,
7.360000,-0.243530,0.643430,1.855960,351.113460,-368.678590,851646.375000,1.000000
7.362000,-0.221740,0.751100,2.768550,351.144840,-368.678500,851671.625000,
7.364000,-0.155090,0.666500,3.373540,351.176700,-368.678500,851696.937500,
7.366000,-0.091000,0.626770,2.553220,351.208740,-368.678740,851722.250000,
7.368000,-0.193540,0.544740,2.214840,351.240630,-368.678650,851747.562500,1.000000
7.370000,-0.242250,0.553710,2.091800,351.272370,-368.678710,851772.875000,
7.372000,-0.207640,0.639590,3.045410,351.303920,-368.678380,851798.187500,
7.374000,-0.108950,0.492190,2.860840,351.336060,-368.678500,851823.437500,
7.376000,-0.103820,0.438350,2.348140,351.368160,-368.678890,851848.750000,1.000000
7.378000,-0.224300,0.465270,2.604490,351.399780,-368.678740,851874.062500,
7.380000,-0.238400,0.566530,2.604490,351.430880,-368.678590,851899.312500,
7.382000,-0.196110,0.717770,2.922360,351.461910,-368.678410,851924.625000,
7.384000,-0.115360,0.620360,2.276370,351.493680,-368.678680,851949.937500,1.000000
7.386000,-0.166630,0.675480,2.040530,351.525020,-368.678990,851975.250000,
7.388000,-0.244810,0.635740,2.153320,351.556550,-368.678620,852000.562500,
7.390000,-0.220460,0.710080,2.881350,351.587920,-368.678590,852025.875000,
7.392000,-0.210210,0.679320,3.137700,351.619690,-368.678470,852051.125000,1.000000
7.394000,-0.098690,0.615230,2.512210,351.651670,-368.678770,852076.437500,
7.396000,-0.187130,0.615230,1.999510,351.683470,-368.678860,852101.750000,
7.398000,-0.240970,0.598570,1.722660,351.715090,-368.678590,852127.000000,
7.400000,-0.225590,0.717770,2.912110,351.746370,-368.678620,852152.312500,1.000000
7.402000,-0.175600,0.639590,3.086430,351.778350,-368.678380,852177.625000,
7.404000,-0.087160,0.490910,2.491700,351.810580,-368.678890,852202.875000,
7.406000,-0.216610,0.544740,2.163570,351.842160,-368.678920,852228.187500,
7.408000,-0.238400,0.634460,1.999510,351.873410,-368.678590,852253.500000,1.000000
7.410000,-0.224300,0.760070,2.604490,351.904420,-368.678530,852278.812500,
7.412000,-0.160220,0.656250,2.430180,351.936310,-368.678710,852304.062500,
7.414000,-0.144840,0.665220,2.245610,351.968020,-368.678990,852329.437500,
7.416000,-0.233280,0.660100,1.989260,351.999540,-368.678830,852354.687500,1.000000
7.418000,-0.243530,0.739560,2.296880,352.031040,-368.678650,852380.000000,
7.420000,-0.219180,0.704960,3.024900,352.062840,-368.678680,852405.312500,
7.422000,-0.134580,0.570370,2.419920,352.095150,-368.678710,852430.562500,
7.424000,-0.167910,0.529360,2.245610,352.127230,-368.678990,852455.875000,1.000000
7.426000,-0.243530,0.507570,1.825200,352.159090,-368.678860,852481.187500,
7.428000,-0.238400,0.619080,2.901860,352.190400,-368.678620,852506.500000,
7.430000,-0.203800,0.656250,2.983890,352.221860,-368.678530,852531.750000,
7.432000,-0.116640,0.558840,2.440430,352.253850,-368.678770,852557.062500,1.000000
7.434000,-0.184570,0.566530,1.896970,352.285340,-368.679080,852582.375000,
7.436000,-0.257630,0.621640,1.968750,352.316470,-368.678770,852607.687500,
7.438000,-0.221740,0.806210,2.901860,352.347320,-368.678470,852633.000000,
7.440000,-0.188420,0.711360,2.563480,352.378940,-368.678650,852658.250000,1.000000
7.442000,-0.162780,0.671630,2.625000,352.410800,-368.678990,852683.562500,
7.444000,-0.240970,0.690860,1.794430,352.442320,-368.678890,852708.875000,
7.446000,-0.230710,0.724180,1.917480,352.473850,-368.678710,852734.187500,
7.448000,-0.239690,0.785710,2.922360,352.505460,-368.678680,852759.437500,1.000000
7.450000,-0.182010,0.633180,2.625000,352.537750,-368.678740,852784.750000,
7.452000,-0.166630,0.549870,2.419920,352.570040,-368.678830,852810.062500,
7.454000,-0.262760,0.494750,2.173830,352.601990,-368.678920,852835.375000,
7.456000,-0.246090,0.622920,2.471190,352.633420,-368.678710,852860.687500,1.000000
7.458000,-0.233280,0.706240,2.717290,352.664670,-368.678440,852885.937500,
7.460000,-0.162780,0.594730,2.337890,352.696620,-368.678710,852911.250000,
7.462000,-0.192260,0.556270,1.927730,352.728420,-368.678990,852936.562500,
7.464000,-0.262760,0.575500,1.917480,352.759740,-368.678890,852961.812500,1.000000
7.466000,-0.240970,0.743410,2.819820,352.790590,-368.678620,852987.125000,
7.468000,-0.237120,0.769040,2.604490,352.821900,-368.678560,853012.437500,
7.470000,-0.173030,0.639590,2.225100,352.853820,-368.678960,853037.750000,
7.472000,-0.234560,0.660100,1.814940,352.885440,-368.678960,853063.000000,1.000000
7.474000,-0.274290,0.608830,1.753420,352.917110,-368.678800,853088.375000,
7.476000,-0.243530,0.715210,2.512210,352.948550,-368.678740,853113.625000,
7.478000,-0.228150,0.640870,2.748050,352.980470,-368.678680,853138.875000,
7.480000,-0.182010,0.574220,2.307130,353.012540,-368.678920,853164.250000,1.000000
7.482000,-0.255070,0.547300,2.071290,353.044400,-368.678770,853189.500000,
7.484000,-0.284550,0.628050,1.989260,353.075710,-368.678830,853214.812500,
7.486000,-0.248660,0.775450,2.778810,353.106840,-368.678620,853240.125000,
7.488000,-0.197390,0.697270,2.481450,353.138580,-368.678590,853265.437500,1.000000
7.490000,-0.193540,0.590880,2.050780,353.170530,-368.678990,853290.687500,
7.492000,-0.279420,0.596010,2.266110,353.202090,-368.678860,853316.000000,
7.494000,-0.274290,0.695980,2.399410,353.233220,-368.678740,853341.312500,
7.496000,-0.244810,0.829280,2.542970,353.264310,-368.678620,853366.562500,1.000000
7.498000,-0.214050,0.737000,2.327640,353.296050,-368.678860,853391.875000,
7.500000,-0.249940,0.733150,1.979000,353.327700,-368.679080,853417.187500,
7.502000,-0.287110,0.667790,2.102050,353.359440,-368.678800,853442.500000,
7.504000,-0.265320,0.717770,2.440430,353.391020,-368.678830,853467.812500,1.000000
7.506000,-0.264040,0.685730,2.912110,353.422880,-368.678740,853493.125000,
7.508000,-0.196110,0.629330,2.409670,353.454860,-368.678860,853518.375000,
7.510000,-0.267880,0.601140,1.979000,353.486720,-368.678990,853543.687500,
7.512000,-0.296080,0.607540,1.640630,353.518400,-368.678830,853569.000000,1.000000
7.514000,-0.274290,0.726750,2.563480,353.549560,-368.678770,853594.250000,
7.516000,-0.243530,0.719060,2.696780,353.581150,-368.678650,853619.562500,
7.518000,-0.193540,0.607540,2.307130,353.613190,-368.678960,853644.875000,
7.520000,-0.280700,0.589600,2.184080,353.644900,-368.679050,853670.187500,1.000000
7.522000,-0.293520,0.635740,2.102050,353.676270,-368.678770,853695.500000,
7.524000,-0.276860,0.767760,2.194340,353.707400,-368.678710,853720.750000,
7.526000,-0.233280,0.702390,2.307130,353.739140,-368.678860,853746.062500,
7.528000,-0.231990,0.687010,1.958500,353.770870,-368.679080,853771.375000,1.000000
7.530000,-0.305050,0.638310,2.061040,353.802550,-368.678920,853796.687500,
7.532000,-0.297360,0.697270,2.266110,353.834050,-368.678800,853821.937500,
7.534000,-0.281980,0.728030,2.789060,353.865540,-368.678830,853847.250000,
7.536000,-0.224300,0.666500,2.173830,353.897430,-368.678860,853872.562500,1.000000
7.538000,-0.253780,0.620360,1.835450,353.929260,-368.678920,853897.812500,
7.540000,-0.308900,0.587040,1.784180,353.960970,-368.678960,853923.187500,
7.542000,-0.296080,0.697270,2.296880,353.992220,-368.678800,853948.437500,
7.544000,-0.271730,0.726750,2.737790,354.023590,-368.678680,853973.750000,1.000000
7.546000,-0.208920,0.638310,2.173830,354.055540,-368.678890,853999.062500,
7.548000,-0.271730,0.637020,2.009770,354.087280,-368.679050,854024.375000,
7.550000,-0.316590,0.635740,1.804690,354.118740,-368.678890,854049.625000,
7.552000,-0.287110,0.775450,2.430180,354.149900,-368.678710,854074.937500,1.000000
7.554000,-0.273010,0.737000,2.358400,354.181550,-368.678830,854100.250000,
7.556000,-0.240970,0.695980,2.235350,354.213380,-368.679080,854125.500000,
7.558000,-0.299930,0.712650,2.061040,354.244930,-368.678960,854150.812500,
7.560000,-0.310180,0.737000,1.794430,354.276370,-368.678860,854176.125000,1.000000
7.562000,-0.303770,0.828000,2.573730,354.307710,-368.678830,854201.375000,
7.564000,-0.261470,0.769040,2.399410,354.339420,-368.678860,854226.687500,
7.566000,-0.244810,0.745970,2.061040,354.371190,-368.678960,854252.000000,
7.568000,-0.307620,0.693420,2.214840,354.402920,-368.678890,854277.312500,1.000000
7.570000,-0.310180,0.735720,2.132810,354.434390,-368.678890,854302.625000,
7.572000,-0.294800,0.776730,2.491700,354.465910,-368.678710,854327.937500,
7.574000,-0.233280,0.644710,2.091800,354.498020,-368.678860,854353.187500,
7.576000,-0.253780,0.581910,1.773930,354.530060,-368.679110,854378.500000,1.000000
7.578000,-0.308900,0.575500,1.886720,354.561860,-368.678960,854403.812500,
7.580000,-0.302490,0.657530,2.512210,354.593230,-368.678830,854429.062500,
7.582000,-0.289670,0.701110,2.573730,354.624660,-368.678830,854454.375000,
7.584000,-0.244810,0.654970,2.143070,354.656460,-368.679080,854479.687500,1.000000
7.586000,-0.297360,0.694700,1.804690,354.687960,-368.679050,854504.937500,
7.588000,-0.320430,0.683170,1.599610,354.719420,-368.678890,854530.312500,
7.590000,-0.301210,0.801090,2.173830,354.750610,-368.678890,854555.625000,
7.592000,-0.297360,0.785710,2.460940,354.782140,-368.678860,854580.812500,1.000000
7.594000,-0.253780,0.762630,2.255860,354.813720,-368.678990,854606.187500,
7.596000,-0.316590,0.742130,1.999510,354.845400,-368.678990,854631.500000,
7.598000,-0.321720,0.754940,1.896970,354.876950,-368.678890,854656.750000,
7.600000,-0.312740,0.813900,2.368650,354.908260,-368.678860,854682.062500,1.000000
7.602000,-0.281980,0.757510,1.876460,354.940120,-368.678830,854707.375000,
7.604000,-0.261470,0.620360,2.112300,354.972350,-368.679140,854732.625000,
7.606000,-0.326840,0.567810,2.020020,355.004270,-368.679110,854757.937500,
7.608000,-0.320430,0.635740,2.358400,355.035830,-368.678890,854783.250000,1.000000
7.610000,-0.315310,0.737000,2.286620,355.067140,-368.678860,854808.500000,
7.612000,-0.285830,0.685730,2.143070,355.098880,-368.679050,854833.812500,
7.614000,-0.301210,0.711360,1.896970,355.130460,-368.679140,854859.187500,
7.616000,-0.333250,0.669070,1.722660,355.162140,-368.678960,854884.437500,1.000000
7.618000,-0.324280,0.756230,2.214840,355.193480,-368.678960,854909.750000,
7.620000,-0.320430,0.780580,2.522460,355.224910,-368.678960,854935.062500,
7.622000,-0.279420,0.747250,2.194340,355.256620,-368.678990,854960.312500,
7.624000,-0.316590,0.689580,1.866210,355.288390,-368.679110,854985.625000,1.000000
7.626000,-0.338380,0.683170,1.630370,355.320130,-368.679080,855010.937500,
7.628000,-0.320430,0.747250,2.399410,355.351560,-368.678920,855036.187500,
7.630000,-0.306340,0.738280,2.317380,355.383090,-368.678860,855061.500000,
7.632000,-0.283260,0.681880,2.173830,355.414980,-368.679080,855086.812500,1.000000
7.634000,-0.324280,0.648560,1.989260,355.446780,-368.679140,855112.062500,
7.636000,-0.335820,0.628050,2.204590,355.478330,-368.679020,855137.437500,
7.638000,-0.320430,0.737000,1.866210,355.509640,-368.678860,855162.750000,
7.640000,-0.305050,0.699830,2.091800,355.541290,-368.678990,855188.000000,1.000000
7.642000,-0.308900,0.707520,2.122560,355.572880,-368.679140,855213.312500,
7.644000,-0.351200,0.698550,1.845700,355.604430,-368.678990,855238.625000,
7.646000,-0.324280,0.726750,2.173830,355.635930,-368.678960,855263.875000,
7.648000,-0.337100,0.774170,2.184080,355.667300,-368.678960,855289.187500,1.000000
7.650000,-0.306340,0.763920,2.163570,355.698910,-368.679020,855314.500000,
7.652000,-0.323000,0.740840,1.794430,355.730650,-368.679020,855339.750000,
7.654000,-0.358890,0.669070,1.650880,355.762450,-368.679050,855365.062500,
7.656000,-0.334530,0.725460,2.091800,355.794040,-368.679050,855390.375000,1.000000
7.658000,-0.330690,0.744690,2.184080,355.825650,-368.678860,855415.625000,
7.660000,-0.298650,0.695980,2.153320,355.857390,-368.679080,855441.000000,
7.662000,-0.343510,0.710080,1.681640,355.889040,-368.679140,855466.312500,
7.664000,-0.358890,0.692140,1.948240,355.920650,-368.679020,855491.562500,1.000000
7.666000,-0.335820,0.753660,2.184080,355.951930,-368.678990,855516.875000,
7.668000,-0.335820,0.772890,2.091800,355.983430,-368.678960,855542.187500,
7.670000,-0.317870,0.754940,2.102050,356.015050,-368.679110,855567.437500,
7.672000,-0.357600,0.740840,1.886720,356.046600,-368.679050,855592.750000,1.000000
7.674000,-0.365300,0.710080,1.855960,356.078310,-368.679020,855618.062500,
7.676000,-0.339660,0.717770,2.194340,356.109990,-368.679020,855643.312500,
7.678000,-0.334530,0.658810,2.245610,356.141820,-368.678990,855668.625000,
7.680000,-0.335820,0.658810,1.948240,356.173650,-368.679140,855693.937500,1.000000
7.682000,-0.362730,0.619080,1.845700,356.205540,-368.678990,855719.250000,
7.684000,-0.364010,0.616520,2.009770,356.237120,-368.679050,855744.562500,
7.686000,-0.343510,0.671630,2.245610,356.268680,-368.678990,855769.875000,
7.688000,-0.314030,0.624210,2.020020,356.300540,-368.678990,855795.125000,1.000000
7.690000,-0.330690,0.593440,1.640630,356.332180,-368.679230,855820.437500,
7.692000,-0.369140,0.630620,2.020020,356.363590,-368.679050,855845.750000,
7.694000,-0.349910,0.711360,2.235350,356.394870,-368.678990,855871.000000,
7.696000,-0.344790,0.744690,2.399410,356.426090,-368.679080,855896.312500,1.000000
7.698000,-0.328130,0.753660,2.020020,356.457550,-368.679140,855921.625000,
7.700000,-0.362730,0.793400,1.763670,356.488890,-368.679140,855946.875000,
7.702000,-0.367860,0.738280,1.681640,356.520420,-368.679020,855972.187500,
7.704000,-0.357600,0.740840,1.866210,356.552090,-368.679110,855997.500000,1.000000
7.706000,-0.344790,0.660100,2.245610,356.584050,-368.679080,856022.812500,
7.708000,-0.323000,0.624210,2.020020,356.615940,-368.679080,856048.062500,
7.710000,-0.371700,0.625490,1.948240,356.647740,-368.679170,856073.437500,
7.712000,-0.361450,0.642150,1.825200,356.679440,-368.679050,856098.687500,1.000000
7.714000,-0.356320,0.643430,1.989260,356.711030,-368.679050,856124.000000,
7.716000,-0.335820,0.621640,1.825200,356.742800,-368.679050,856149.312500,
7.718000,-0.319150,0.602420,1.558590,356.774630,-368.679170,856174.562500,
7.720000,-0.360170,0.617800,2.020020,356.806030,-368.679170,856199.875000,1.000000
7.722000,-0.357600,0.717770,2.081540,356.837190,-368.678990,856225.187500,
7.724000,-0.356320,0.788270,2.235350,356.868440,-368.678990,856250.500000,
7.726000,-0.328130,0.729310,2.030270,356.899960,-368.679230,856275.750000,
7.728000,-0.342220,0.758790,1.630370,356.931490,-368.679170,856301.062500,1.000000
7.730000,-0.372990,0.724180,1.784180,356.963130,-368.679110,856326.375000,
7.732000,-0.357600,0.752380,1.876460,356.994600,-368.679080,856351.687500,
7.734000,-0.356320,0.742130,2.337890,357.026310,-368.679140,856377.000000,
7.736000,-0.323000,0.689580,2.061040,357.058230,-368.679170,856402.250000,1.000000
7.738000,-0.351200,0.611390,1.835450,357.090180,-368.679140,856427.562500,
7.740000,-0.378110,0.599850,1.712400,357.122040,-368.679200,856452.875000,
7.742000,-0.353760,0.643430,1.845700,357.153690,-368.679020,856478.187500,
7.744000,-0.346070,0.597290,2.153320,357.185460,-368.679020,856503.437500,1.000000
7.746000,-0.330690,0.569090,1.896970,357.217290,-368.679200,856528.750000,
7.748000,-0.365300,0.599850,2.163570,357.248960,-368.679140,856554.062500,
7.750000,-0.369140,0.625490,2.071290,357.280210,-368.679140,856579.312500,
7.752000,-0.355040,0.761350,1.845700,357.311310,-368.678990,856604.625000,1.000000
7.754000,-0.355040,0.733150,1.886720,357.342800,-368.679080,856629.937500,
7.756000,-0.340940,0.685730,1.814940,357.374420,-368.679260,856655.250000,
7.758000,-0.369140,0.678040,2.020020,357.406040,-368.679110,856680.562500,
7.760000,-0.360170,0.725460,2.081540,357.437530,-368.679110,856705.812500,1.000000
7.762000,-0.365300,0.771610,2.143070,357.468870,-368.679050,856731.125000,
7.764000,-0.344790,0.757510,1.773930,357.500520,-368.679170,856756.437500,
7.766000,-0.351200,0.707520,1.712400,357.532440,-368.679170,856781.750000,
7.768000,-0.369140,0.619080,1.415040,357.564300,-368.679140,856807.000000,1.000000
7.770000,-0.361450,0.656250,1.855960,357.595980,-368.679170,856832.312500,
7.772000,-0.355040,0.667790,2.153320,357.627690,-368.678990,856857.625000,
7.774000,-0.330690,0.593440,2.061040,357.659550,-368.679170,856882.875000,
7.776000,-0.364010,0.590880,1.773930,357.691310,-368.679230,856908.187500,1.000000
7.778000,-0.361450,0.597290,1.620120,357.722990,-368.679110,856933.500000,
7.780000,-0.360170,0.637020,1.855960,357.754360,-368.679140,856958.750000,
7.782000,-0.353760,0.680600,1.722660,357.785830,-368.679110,856984.125000,
7.784000,-0.340940,0.666500,2.061040,357.817440,-368.679170,857009.437500,1.000000
7.786000,-0.370420,0.640870,1.907230,357.849060,-368.679200,857034.687500,
7.788000,-0.372990,0.640870,1.835450,357.880740,-368.679140,857060.000000,
7.790000,-0.358890,0.676760,2.020020,357.912260,-368.679140,857085.312500,
7.792000,-0.361450,0.681880,1.671390,357.943790,-368.679080,857110.562500,1.000000
7.794000,-0.360170,0.685730,1.732910,357.975430,-368.679200,857135.875000,
7.796000,-0.383240,0.644710,1.620120,358.007230,-368.679140,857161.187500,
7.798000,-0.371700,0.635740,1.886720,358.038820,-368.679140,857186.437500,
7.800000,-0.365300,0.707520,1.979000,358.070190,-368.679140,857211.750000,1.000000
7.802000,-0.357600,0.722900,1.702150,358.101750,-368.679080,857237.062500,
7.804000,-0.369140,0.663940,1.732910,358.133420,-368.679260,857262.312500,
7.806000,-0.394780,0.625490,1.548340,358.165160,-368.679170,857287.687500,
7.808000,-0.366580,0.635740,2.307130,358.196870,-368.679110,857313.000000,1.000000
7.810000,-0.374270,0.652400,1.958500,358.228360,-368.679170,857338.250000,
7.812000,-0.372990,0.701110,1.927730,358.259890,-368.679200,857363.562500,
7.814000,-0.380680,0.703670,1.650880,358.291530,-368.679170,857388.875000,
7.816000,-0.383240,0.633180,1.732910,358.323360,-368.679170,857414.125000,1.000000
7.818000,-0.384520,0.646000,1.732910,358.355100,-368.679200,857439.437500,
7.820000,-0.375550,0.646000,1.825200,358.386780,-368.679200,857464.750000,
7.822000,-0.367860,0.671630,2.173830,358.418300,-368.679140,857490.000000,
7.824000,-0.392210,0.681880,1.825200,358.449890,-368.679230,857515.312500,1.000000
7.826000,-0.381960,0.676760,1.753420,358.481570,-368.679140,857540.625000,
7.828000,-0.380680,0.671630,1.712400,358.513090,-368.679140,857565.875000,
7.830000,-0.369140,0.694700,1.620120,358.544590,-368.679170,857591.250000,
7.832000,-0.371700,0.698550,1.589360,358.576170,-368.679170,857616.562500,1.000000
7.834000,-0.383240,0.672910,1.712400,358.607760,-368.679230,857641.812500,
7.836000,-0.380680,0.656250,2.225100,358.639400,-368.679140,857667.125000,
7.838000,-0.378110,0.639590,1.907230,358.671170,-368.679140,857692.437500,
7.840000,-0.364010,0.594730,1.948240,358.702940,-368.679260,857717.687500,1.000000
7.842000,-0.384520,0.631900,1.404790,358.734560,-368.679170,857743.000000,
7.844000,-0.394780,0.601140,1.599610,358.766300,-368.679170,857768.312500,
7.846000,-0.381960,0.590880,1.917480,358.798000,-368.679140,857793.562500,
7.848000,-0.385800,0.578060,1.814940,358.829770,-368.679200,857818.875000,1.000000
7.850000,-0.372990,0.594730,1.958500,358.861390,-368.679230,857844.187500,
7.852000,-0.390930,0.625490,1.784180,358.892850,-368.679140,857869.437500,
7.854000,-0.407590,0.651120,1.671390,358.924320,-368.679260,857894.812500,
7.856000,-0.385800,0.662660,1.712400,358.955870,-368.679140,857920.125000,1.000000
7.858000,-0.385800,0.630620,1.763670,358.987460,-368.679170,857945.375000,
7.860000,-0.384520,0.631900,1.825200,359.019010,-368.679260,857970.687500,
7.862000,-0.403750,0.678040,1.907230,359.050420,-368.679170,857996.000000,
7.864000,-0.401180,0.697270,2.112300,359.081790,-368.679200,858021.250000,1.000000
7.866000,-0.387080,0.720340,1.773930,359.113250,-368.679140,858046.562500,
7.868000,-0.398620,0.678040,2.040530,359.144990,-368.679200,858071.875000,
7.870000,-0.387080,0.654970,1.763670,359.176640,-368.679290,858097.125000,
7.872000,-0.406310,0.663940,1.804690,359.208310,-368.679170,858122.437500,1.000000
7.874000,-0.403750,0.660100,2.132810,359.239990,-368.679200,858147.750000,
7.876000,-0.399900,0.648560,2.040530,359.271700,-368.679200,858173.000000,
7.878000,-0.396060,0.642150,1.661130,359.303440,-368.679230,858198.312500,
7.880000,-0.397340,0.652400,1.579100,359.335110,-368.679260,858223.625000,1.000000
7.882000,-0.402470,0.657530,1.517580,359.366700,-368.679170,858248.937500,
7.884000,-0.405030,0.702390,1.609860,359.398160,-368.679260,858274.250000,
7.886000,-0.392210,0.716490,1.907230,359.429750,-368.679170,858299.562500,
7.888000,-0.387080,0.676760,1.927730,359.461490,-368.679260,858324.812500,1.000000
7.890000,-0.398620,0.676760,1.835450,359.493160,-368.679260,858350.125000,
7.892000,-0.399900,0.697270,1.702150,359.524750,-368.679170,858375.437500,
7.894000,-0.399900,0.728030,1.661130,359.556210,-368.679230,858400.687500,
7.896000,-0.396060,0.731870,1.814940,359.587860,-368.679230,858426.000000,1.000000
7.898000,-0.396060,0.687010,1.702150,359.619690,-368.679260,858451.312500,
7.900000,-0.405030,0.648560,1.989260,359.651490,-368.679260,858476.625000,
7.902000,-0.406310,0.637020,1.855960,359.683290,-368.679200,858501.875000,
7.904000,-0.401180,0.656250,1.958500,359.714940,-368.679260,858527.187500,1.000000
7.906000,-0.401180,0.654970,1.507320,359.746550,-368.679200,858552.500000,
7.908000,-0.403750,0.637020,1.558590,359.778290,-368.679260,858577.750000,
7.910000,-0.410160,0.616520,1.476560,359.810030,-368.679260,858603.125000,
7.912000,-0.406310,0.652400,1.763670,359.841520,-368.679230,858628.375000,1.000000
7.914000,-0.405030,0.708800,1.917480,359.872920,-368.679230,858653.687500,
7.916000,-0.402470,0.717770,1.630370,359.904480,-368.679200,858679.000000,
7.918000,-0.408870,0.669070,1.917480,359.936190,-368.679260,858704.312500,
7.920000,-0.416560,0.654970,1.425290,359.967960,-368.679260,858729.562500,1.000000
7.922000,-0.405030,0.667790,1.989260,359.999600,-368.679230,858754.875000,
7.924000,-0.410160,0.689580,1.948240,360.031160,-368.679260,858780.187500,
7.926000,-0.411440,0.694700,1.989260,360.062810,-368.679260,858805.437500,
7.928000,-0.415280,0.665220,1.907230,360.094540,-368.679260,858830.750000,1.000000
7.930000,-0.417850,0.635740,1.661130,360.126280,-368.679260,858856.062500,
7.932000,-0.416560,0.658810,1.763670,360.157900,-368.679260,858881.312500,
7.934000,-0.419130,0.692140,1.579100,360.189360,-368.679230,858906.625000,
7.936000,-0.416560,0.702390,1.917480,360.220860,-368.679230,858931.937500,1.000000
7.938000,-0.421690,0.657530,1.876460,360.252560,-368.679260,858957.187500,
7.940000,-0.419130,0.607540,1.814940,360.284420,-368.679260,858982.562500,
7.942000,-0.419130,0.596010,1.763670,360.316130,-368.679260,859007.812500,
7.944000,-0.420410,0.637020,1.363770,360.347690,-368.679260,859033.062500,1.000000
7.946000,-0.422970,0.660100,1.435550,360.379240,-368.679260,859058.375000,
7.948000,-0.422970,0.639590,1.599610,360.410950,-368.679260,859083.687500,
7.950000,-0.420410,0.624210,2.132810,360.442690,-368.679260,859108.937500,
7.952000,-0.417850,0.634460,2.102050,360.474300,-368.679260,859134.250000,1.000000
7.954000,-0.422970,0.666500,1.866210,360.505800,-368.679260,859159.625000,
7.956000,-0.428100,0.711360,1.579100,360.537260,-368.679260,859184.937500,
7.958000,-0.426820,0.701110,1.425290,360.568880,-368.679260,859210.250000,
7.960000,-0.422970,0.699830,1.712400,360.600460,-368.679260,859235.562500,1.000000
7.962000,-0.426820,0.726750,1.640630,360.631960,-368.679260,859260.812500,
7.964000,-0.426820,0.783140,1.814940,360.663240,-368.679260,859286.125000,
7.966000,-0.431950,0.797240,1.814940,360.694730,-368.679260,859311.437500,
7.968000,-0.431950,0.742130,1.538090,360.726500,-368.679260,859336.687500,1.000000
7.970000,-0.429380,0.681880,1.538090,360.758420,-368.679260,859362.000000,
7.972000,-0.429380,0.662660,1.343260,360.790220,-368.679260,859387.312500,
7.974000,-0.429380,0.681880,1.589360,360.821930,-368.679260,859412.562500,
7.976000,-0.434510,0.697270,1.835450,360.853610,-368.679260,859437.875000,1.000000
7.978000,-0.431950,0.680600,2.050780,360.885380,-368.679260,859463.187500,
7.980000,-0.430660,0.644710,1.814940,360.917240,-368.679260,859488.437500,
7.982000,-0.433230,0.628050,1.825200,360.949040,-368.679290,859513.750000,
7.984000,-0.434510,0.656250,1.743160,360.980680,-368.679260,859539.062500,1.000000
7.986000,-0.437070,0.704960,1.558590,361.012150,-368.679260,859564.312500,
7.988000,-0.433230,0.725460,2.122560,361.043640,-368.679260,859589.625000,
7.990000,-0.433230,0.724180,1.784180,361.075200,-368.679290,859614.937500,
7.992000,-0.435790,0.721620,1.722660,361.106810,-368.679290,859640.187500,1.000000
7.994000,-0.437070,0.735720,1.415040,361.138340,-368.679290,859665.500000,
7.996000,-0.439640,0.749820,1.527830,361.169890,-368.679260,859690.812500,
7.998000,-0.439640,0.745970,1.650880,361.201540,-368.679290,859716.125000,
8.000000,-0.434510,0.703670,1.671390,361.233340,-368.679290,859741.375000,1.000000
8.002000,-0.435790,0.654970,2.009770,361.265200,-368.679290,859766.812500,
8.004000,-0.438350,0.622920,1.630370,361.297090,-368.679290,859792.062500,
8.006000,-0.439640,0.617800,1.866210,361.328890,-368.679290,859817.375000,
8.008000,-0.437070,0.611390,1.548340,361.360630,-368.679290,859842.687500,1.000000
8.010000,-0.435790,0.592160,1.732910,361.392400,-368.679290,859867.937500,
8.012000,-0.438350,0.610110,1.794430,361.424040,-368.679290,859893.250000,
8.014000,-0.439640,0.656250,1.794430,361.455470,-368.679290,859918.562500,
8.016000,-0.439640,0.711360,1.999510,361.486790,-368.679290,859943.812500,1.000000
8.018000,-0.439640,0.729310,1.640630,361.518190,-368.679290,859969.125000,
8.020000,-0.438350,0.706240,1.527830,361.549800,-368.679290,859994.437500,
8.022000,-0.440920,0.690860,1.374020,361.581420,-368.679290,860019.687500,
8.024000,-0.439640,0.703670,1.466310,361.613040,-368.679290,860045.000000,1.000000
8.026000,-0.439640,0.731870,1.722660,361.644560,-368.679290,860070.312500,
8.028000,-0.439640,0.749820,1.732910,361.676090,-368.679290,860095.562500,
8.030000,-0.438350,0.734440,1.630370,361.707760,-368.679320,860120.875000,
8.032000,-0.439640,0.706240,1.712400,361.739500,-368.679320,860146.187500,1.000000
8.034000,-0.440920,0.693420,1.599610,361.771210,-368.679320,860171.500000,
8.036000,-0.440920,0.706240,1.773930,361.802830,-368.679290,860196.750000,
8.038000,-0.440920,0.731870,1.907230,361.834410,-368.679290,860222.062500,
8.040000,-0.442200,0.725460,1.999510,361.866030,-368.679290,860247.375000,1.000000
8.042000,-0.442200,0.699830,1.804690,361.897770,-368.679320,860272.625000,
8.044000,-0.442200,0.694700,1.773930,361.929440,-368.679320,860297.937500,
8.046000,-0.442200,0.710080,1.609860,361.961090,-368.679320,860323.250000,
8.048000,-0.442200,0.725460,1.907230,361.992680,-368.679320,860348.500000,1.000000
8.050000,-0.443480,0.711360,1.650880,362.024410,-368.679320,860373.812500,
8.052000,-0.442200,0.680600,1.794430,362.056210,-368.679350,860399.125000,
8.054000,-0.442200,0.654970,1.681640,362.088010,-368.679350,860424.375000,
8.056000,-0.442200,0.656250,1.732910,362.119720,-368.679350,860449.687500,1.000000
8.058000,-0.443480,0.671630,1.404790,362.151340,-368.679320,860475.000000,
8.060000,-0.442200,0.675480,1.363770,362.182950,-368.679320,860500.375000,
8.062000,-0.442200,0.674190,1.917480,362.214600,-368.679350,860525.687500,
8.064000,-0.442200,0.711360,1.917480,362.246030,-368.679350,860550.875000,1.000000
8.066000,-0.440920,0.770320,2.020020,362.277310,-368.679350,860576.250000,
8.068000,-0.440920,0.788270,1.866210,362.308690,-368.679320,860601.437500,
8.070000,-0.442200,0.767760,1.609860,362.340270,-368.679320,860626.812500,
8.072000,-0.440920,0.715210,1.517580,362.372040,-368.679350,860652.125000,1.000000
8.074000,-0.439640,0.694700,1.609860,362.403780,-368.679350,860677.437500,
8.076000,-0.438350,0.706240,1.722660,362.435460,-368.679350,860702.750000,
8.078000,-0.440920,0.729310,1.773930,362.467100,-368.679350,860728.000000,
8.080000,-0.440920,0.717770,1.855960,362.498810,-368.679350,860753.312500,1.000000
8.082000,-0.438350,0.674190,1.620120,362.530730,-368.679350,860778.625000,
8.084000,-0.438350,0.633180,1.507320,362.562590,-368.679380,860803.875000,
8.086000,-0.439640,0.629330,1.415040,362.594360,-368.679380,860829.187500,
8.088000,-0.440920,0.670350,1.302250,362.625920,-368.679350,860854.500000,1.000000
8.090000,-0.440920,0.717770,1.927730,362.657380,-368.679350,860879.750000,
8.092000,-0.438350,0.729310,2.081540,362.688870,-368.679380,860905.062500,
8.094000,-0.438350,0.713930,2.030270,362.720430,-368.679380,860930.375000,
8.096000,-0.437070,0.725460,1.804690,362.751920,-368.679380,860955.625000,1.000000
8.098000,-0.438350,0.751100,1.630370,362.783360,-368.679380,860980.937500,
8.100000,-0.438350,0.751100,1.620120,362.814880,-368.679350,861006.250000,
8.102000,-0.438350,0.721620,1.702150,362.846560,-368.679380,861031.500000,
8.104000,-0.435790,0.678040,1.948240,362.878360,-368.679380,861056.812500,1.000000
8.106000,-0.435790,0.651120,1.773930,362.910160,-368.679410,861082.125000,
8.108000,-0.435790,0.640870,1.753420,362.941930,-368.679380,861107.375000,
8.110000,-0.437070,0.634460,1.517580,362.973660,-368.679380,861132.687500,
8.112000,-0.435790,0.628050,1.415040,363.005400,-368.679380,861158.000000,1.000000
8.114000,-0.434510,0.633180,1.691890,363.037080,-368.679380,861183.312500,
8.116000,-0.437070,0.669070,1.784180,363.068570,-368.679410,861208.562500,
8.118000,-0.437070,0.725460,2.040530,363.099910,-368.679380,861233.875000,
8.120000,-0.437070,0.758790,1.876460,363.131290,-368.679380,861259.187500,1.000000
8.122000,-0.434510,0.766480,1.937990,363.162690,-368.679380,861284.437500,
8.124000,-0.435790,0.758790,1.497070,363.194240,-368.679380,861309.750000,
8.126000,-0.435790,0.766480,1.722660,363.225770,-368.679410,861335.062500,
8.128000,-0.434510,0.783140,1.835450,363.257260,-368.679410,861360.312500,1.000000
8.130000,-0.434510,0.798520,2.009770,363.288820,-368.679380,861385.750000,
8.132000,-0.434510,0.781860,1.722660,363.320500,-368.679410,861410.937500,
8.134000,-0.433230,0.731870,1.527830,363.352390,-368.679410,861436.312500,
8.136000,-0.434510,0.675480,1.476560,363.384310,-368.679410,861461.625000,1.000000
8.138000,-0.434510,0.649840,1.220210,363.416170,-368.679410,861486.875000,
8.140000,-0.434510,0.670350,1.568850,363.447850,-368.679410,861512.187500,
8.142000,-0.433230,0.692140,1.722660,363.479460,-368.679380,861537.500000,
8.144000,-0.433230,0.701110,1.773930,363.511080,-368.679410,861562.750000,1.000000
8.146000,-0.435790,0.697270,1.620120,363.542660,-368.679410,861588.062500,
8.148000,-0.433230,0.717770,1.558590,363.574190,-368.679410,861613.375000,
8.150000,-0.431950,0.739560,1.609860,363.605680,-368.679410,861638.625000,
8.152000,-0.431950,0.747250,1.712400,363.637210,-368.679410,861663.937500,1.000000
8.154000,-0.431950,0.734440,1.835450,363.668850,-368.679410,861689.250000,
8.156000,-0.431950,0.712650,1.784180,363.700560,-368.679410,861714.562500,
8.158000,-0.430660,0.703670,1.784180,363.732240,-368.679410,861739.812500,
8.160000,-0.431950,0.702390,1.732910,363.763890,-368.679410,861765.125000,1.000000
8.162000,-0.430660,0.701110,1.599610,363.795560,-368.679410,861790.437500,
8.164000,-0.429380,0.701110,1.661130,363.827210,-368.679410,861815.687500,
8.166000,-0.429380,0.693420,1.507320,363.858860,-368.679410,861841.000000,
8.168000,-0.430660,0.693420,1.814940,363.890440,-368.679410,861866.312500,1.000000
8.170000,-0.429380,0.704960,1.681640,363.922030,-368.679410,861891.562500,
8.172000,-0.430660,0.715210,1.486820,363.953520,-368.679410,861916.875000,
8.174000,-0.430660,0.713930,1.466310,363.985080,-368.679410,861942.187500,
8.176000,-0.430660,0.708800,1.609860,364.016660,-368.679410,861967.437500,1.000000
8.178000,-0.426820,0.706240,2.030270,364.048250,-368.679410,861992.750000,
8.180000,-0.425540,0.712650,1.937990,364.079860,-368.679410,862018.062500,
8.182000,-0.428100,0.731870,1.999510,364.111450,-368.679410,862043.312500,
8.184000,-0.426820,0.730590,1.517580,364.143070,-368.679410,862068.625000,1.000000
8.186000,-0.425540,0.707520,1.671390,364.174770,-368.679410,862093.937500,
8.188000,-0.424260,0.689580,1.497070,364.206510,-368.679410,862119.250000,
8.190000,-0.425540,0.708800,1.804690,364.238130,-368.679410,862144.625000,
8.192000,-0.425540,0.749820,1.784180,364.269560,-368.679410,862169.937500,1.000000
8.194000,-0.426820,0.775450,1.855960,364.301030,-368.679410,862195.187500,
8.196000,-0.428100,0.780580,1.558590,364.332580,-368.679410,862220.500000,
8.198000,-0.425540,0.776730,1.374020,364.364110,-368.679410,862245.812500,
8.200000,-0.425540,0.778020,1.486820,364.395630,-368.679410,862271.062500,1.000000
8.202000,-0.424260,0.776730,1.250980,364.427190,-368.679410,862296.375000,
8.204000,-0.425540,0.753660,1.855960,364.458890,-368.679410,862321.687500,
8.206000,-0.424260,0.719060,2.102050,364.490690,-368.679410,862346.937500,
8.208000,-0.421690,0.681880,1.979000,364.522550,-368.679440,862372.250000,1.000000
8.210000,-0.422970,0.661380,1.732910,364.554380,-368.679440,862397.562500,
8.212000,-0.422970,0.656250,1.476560,364.586180,-368.679410,862422.812500,
8.214000,-0.422970,0.658810,1.681640,364.617890,-368.679410,862448.125000,
8.216000,-0.420410,0.663940,1.712400,364.649540,-368.679410,862473.437500,1.000000
8.218000,-0.420410,0.663940,1.948240,364.681210,-368.679440,862498.687500,
8.220000,-0.420410,0.676760,1.712400,364.712740,-368.679440,862524.000000,
8.222000,-0.421690,0.710080,1.712400,364.744200,-368.679410,862549.312500,
8.224000,-0.422970,0.752380,1.630370,364.775510,-368.679410,862574.562500,1.000000
8.226000,-0.421690,0.780580,1.486820,364.806820,-368.679410,862599.875000,
8.228000,-0.419130,0.790830,1.753420,364.838200,-368.679410,862625.187500,
8.230000,-0.419130,0.797240,1.599610,364.869660,-368.679440,862650.500000,
8.232000,-0.420410,0.793400,2.040530,364.901180,-368.679440,862675.750000,1.000000
8.234000,-0.420410,0.785710,1.958500,364.932770,-368.679440,862701.062500,
8.236000,-0.419130,0.739560,1.773930,364.964600,-368.679410,862726.375000,
8.238000,-0.417850,0.676760,1.773930,364.996550,-368.679440,862751.625000,
8.240000,-0.417850,0.642150,1.702150,365.028440,-368.679440,862776.937500,1.000000
8.242000,-0.419130,0.648560,2.020020,365.060210,-368.679440,862802.250000,
8.244000,-0.417850,0.665220,1.886720,365.091860,-368.679440,862827.500000,
8.246000,-0.419130,0.670350,1.927730,365.123500,-368.679440,862852.812500,
8.248000,-0.416560,0.674190,1.579100,365.155120,-368.679440,862878.125000,1.000000
8.250000,-0.416560,0.684450,1.538090,365.186680,-368.679440,862903.375000,
8.252000,-0.417850,0.703670,1.404790,365.218140,-368.679440,862928.687500,
8.254000,-0.417850,0.730590,1.589360,365.249540,-368.679440,862954.000000,
8.256000,-0.417850,0.740840,1.743160,365.281040,-368.679440,862979.375000,1.000000
8.258000,-0.416560,0.734440,1.753420,365.312560,-368.679440,863004.687500,
8.260000,-0.416560,0.716490,1.784180,365.344210,-368.679440,863029.937500,
8.262000,-0.416560,0.711360,1.497070,365.375790,-368.679440,863055.250000,
8.264000,-0.416560,0.717770,1.702150,365.407380,-368.679440,863080.562500,1.000000
8.266000,-0.414000,0.719060,1.804690,365.438960,-368.679440,863105.812500,
8.268000,-0.417850,0.693420,1.753420,365.470640,-368.679440,863131.125000,
8.270000,-0.415280,0.653690,1.917480,365.502410,-368.679440,863156.437500,
8.272000,-0.414000,0.630620,1.958500,365.534210,-368.679440,863181.750000,1.000000
8.274000,-0.414000,0.640870,1.835450,365.565830,-368.679440,863207.000000,
8.276000,-0.416560,0.680600,1.425290,365.597290,-368.679440,863232.312500,
8.278000,-0.415280,0.708800,1.579100,365.628720,-368.679440,863257.625000,
8.280000,-0.414000,0.717770,1.507320,365.660220,-368.679440,863282.875000,1.000000
8.282000,-0.415280,0.711360,1.722660,365.691800,-368.679470,863308.187500,
8.284000,-0.412720,0.715210,1.804690,365.723360,-368.679440,863333.500000,
8.286000,-0.412720,0.722900,1.527830,365.754910,-368.679440,863358.750000,
8.288000,-0.412720,0.724180,1.855960,365.786500,-368.679440,863384.062500,1.000000
8.290000,-0.412720,0.715210,1.466310,365.818180,-368.679440,863409.375000,
8.292000,-0.410160,0.716490,1.896970,365.849760,-368.679470,863434.625000,
8.294000,-0.408870,0.722900,1.845700,365.881380,-368.679470,863459.937500,
8.296000,-0.412720,0.731870,2.030270,365.912930,-368.679470,863485.250000,1.000000
8.298000,-0.412720,0.737000,1.691890,365.944490,-368.679440,863510.500000,
8.300000,-0.411440,0.725460,1.681640,365.976100,-368.679440,863535.812500,
8.302000,-0.411440,0.702390,1.999510,366.007810,-368.679440,863561.125000,
8.304000,-0.411440,0.676760,1.497070,366.039490,-368.679470,863586.437500,1.000000
8.306000,-0.410160,0.679320,1.794430,366.071110,-368.679470,863611.687500,
8.308000,-0.410160,0.674190,1.691890,366.102720,-368.679440,863637.000000,
8.310000,-0.410160,0.656250,1.743160,366.134460,-368.679470,863662.312500,
8.312000,-0.410160,0.625490,1.507320,366.166230,-368.679470,863687.562500,1.000000
8.314000,-0.408870,0.617800,1.394530,366.197940,-368.679470,863712.875000,
8.316000,-0.408870,0.639590,1.476560,366.229490,-368.679470,863738.187500,
8.318000,-0.410160,0.661380,1.476560,366.261050,-368.679470,863763.437500,
8.320000,-0.408870,0.661380,2.204590,366.292630,-368.679470,863788.750000,1.000000
8.322000,-0.406310,0.640870,1.907230,366.324280,-368.679470,863814.062500,
8.324000,-0.406310,0.640870,1.948240,366.355870,-368.679470,863839.437500,
8.326000,-0.407590,0.670350,1.476560,366.387330,-368.679470,863864.625000,
8.328000,-0.408870,0.715210,1.527830,366.418700,-368.679470,863890.000000,1.000000
8.330000,-0.407590,0.737000,1.753420,366.450070,-368.679440,863915.312500,
8.332000,-0.406310,0.729310,1.620120,366.481570,-368.679470,863940.625000,
8.334000,-0.406310,0.706240,1.886720,366.513120,-368.679470,863965.875000,
8.336000,-0.406310,0.684450,1.640630,366.544800,-368.679470,863991.187500,1.000000
8.338000,-0.407590,0.665220,1.773930,366.576480,-368.679470,864016.500000,
8.340000,-0.407590,0.657530,1.579100,366.608180,-368.679470,864041.750000,
8.342000,-0.406310,0.663940,1.415040,366.639830,-368.679470,864067.062500,
8.344000,-0.403750,0.665220,1.855960,366.671510,-368.679470,864092.375000,1.000000
8.346000,-0.405030,0.666500,1.763670,366.703130,-368.679500,864117.687500,
8.348000,-0.406310,0.672910,2.184080,366.734770,-368.679470,864142.937500,
8.350000,-0.405030,0.680600,1.876460,366.766390,-368.679470,864168.250000,
8.352000,-0.405030,0.687010,1.753420,366.798000,-368.679470,864193.562500,1.000000
8.354000,-0.403750,0.697270,1.814940,366.829590,-368.679470,864218.812500,
8.356000,-0.402470,0.717770,1.732910,366.861050,-368.679470,864244.125000,
8.358000,-0.402470,0.731870,2.112300,366.892550,-368.679470,864269.437500,
8.360000,-0.403750,0.737000,1.876460,366.924070,-368.679470,864294.687500,1.000000
8.362000,-0.403750,0.715210,1.763670,366.955720,-368.679470,864320.000000,
8.364000,-0.402470,0.694700,1.466310,366.987400,-368.679470,864345.312500,
8.366000,-0.402470,0.687010,1.476560,367.019070,-368.679470,864370.562500,
8.368000,-0.402470,0.676760,1.681640,367.050750,-368.679470,864395.875000,1.000000
8.370000,-0.403750,0.652400,1.702150,367.082490,-368.679470,864421.187500,
8.372000,-0.402470,0.615230,1.896970,367.114290,-368.679470,864446.437500,
8.374000,-0.401180,0.598570,1.712400,367.146090,-368.679500,864471.750000,
8.376000,-0.403750,0.597290,1.702150,367.177760,-368.679470,864497.062500,1.000000
8.378000,-0.401180,0.626770,1.538090,367.209290,-368.679470,864522.312500,
8.380000,-0.401180,0.666500,1.784180,367.240720,-368.679470,864547.625000,
8.382000,-0.401180,0.694700,1.743160,367.272190,-368.679470,864572.937500,
8.384000,-0.401180,0.699830,1.958500,367.303650,-368.679470,864598.250000,1.000000
8.386000,-0.399900,0.697270,2.061040,367.335170,-368.679500,864623.500000,
8.388000,-0.398620,0.688290,1.743160,367.366760,-368.679470,864648.812500,
8.390000,-0.399900,0.681880,1.415040,367.398410,-368.679470,864674.125000,
8.392000,-0.401180,0.697270,1.650880,367.429960,-368.679470,864699.500000,1.000000
8.394000,-0.399900,0.711360,1.445800,367.461520,-368.679470,864724.812500,
8.396000,-0.398620,0.702390,1.763670,367.493160,-368.679500,864750.062500,
8.398000,-0.397340,0.678040,1.794430,367.524810,-368.679500,864775.375000,
8.400000,-0.398620,0.661380,1.671390,367.556520,-368.679500,864800.687500,1.000000
8.402000,-0.399900,0.648560,1.558590,367.588200,-368.679470,864825.937500,
8.404000,-0.399900,0.638310,1.722660,367.619900,-368.679470,864851.250000,
8.406000,-0.399900,0.633180,1.784180,367.651550,-368.679500,864876.562500,
8.408000,-0.397340,0.638310,2.132810,367.683200,-368.679500,864901.812500,1.000000
8.410000,-0.394780,0.640870,1.937990,367.714780,-368.679500,864927.125000,
8.412000,-0.399900,0.642150,1.773930,367.746400,-368.679500,864952.437500,
8.414000,-0.398620,0.637020,1.702150,367.778020,-368.679500,864977.687500,
8.416000,-0.397340,0.628050,1.753420,367.809660,-368.679500,865003.000000,1.000000
8.418000,-0.397340,0.626770,1.814940,367.841340,-368.679500,865028.312500,
8.420000,-0.396060,0.634460,1.702150,367.872920,-368.679500,865053.562500,
8.422000,-0.396060,0.640870,1.876460,367.904510,-368.679500,865078.875000,
8.424000,-0.397340,0.639590,1.712400,367.936130,-368.679500,865104.187500,1.000000
8.426000,-0.398620,0.639590,1.681640,367.967710,-368.679500,865129.500000,
8.428000,-0.396060,0.651120,1.374020,367.999240,-368.679500,865154.750000,
8.430000,-0.394780,0.674190,1.466310,368.030730,-368.679500,865180.062500,
8.432000,-0.394780,0.692140,1.732910,368.062190,-368.679500,865205.375000,1.000000
8.434000,-0.397340,0.701110,2.112300,368.093720,-368.679500,865230.625000,
8.436000,-0.397340,0.685730,1.948240,368.125270,-368.679500,865255.937500,
8.438000,-0.393490,0.657530,1.886720,368.156950,-368.679500,865281.250000,
8.440000,-0.396060,0.639590,1.599610,368.188630,-368.679500,865306.500000,1.000000
8.442000,-0.394780,0.647280,1.374020,368.220250,-368.679500,865331.812500,
8.444000,-0.396060,0.670350,1.763670,368.251800,-368.679470,865357.125000,
8.446000,-0.393490,0.683170,1.773930,368.283390,-368.679470,865382.375000,
8.448000,-0.396060,0.674190,1.794430,368.315060,-368.679500,865407.687500,1.000000
8.450000,-0.393490,0.661380,1.855960,368.346770,-368.679500,865433.000000,
8.452000,-0.393490,0.652400,1.630370,368.378480,-368.679500,865458.250000,
8.454000,-0.394780,0.652400,1.609860,368.410160,-368.679500,865483.687500,
8.456000,-0.394780,0.662660,1.302250,368.441770,-368.679470,865508.937500,1.000000
8.458000,-0.394780,0.672910,1.630370,368.473360,-368.679470,865534.250000,
8.460000,-0.392210,0.689580,1.794430,368.504910,-368.679500,865559.562500,
8.462000,-0.393490,0.690860,2.061040,368.536440,-368.679500,865584.875000,
8.464000,-0.393490,0.693420,1.999510,368.567960,-368.679500,865610.125000,1.000000
8.466000,-0.392210,0.683170,1.866210,368.599520,-368.679500,865635.437500,
8.468000,-0.392210,0.670350,1.794430,368.631160,-368.679500,865660.750000,
8.470000,-0.392210,0.654970,1.609860,368.662810,-368.679500,865686.000000,
8.472000,-0.392210,0.633180,1.825200,368.694520,-368.679500,865711.312500,1.000000
8.474000,-0.390930,0.621640,1.907230,368.726230,-368.679500,865736.625000,
8.476000,-0.393490,0.606260,1.794430,368.757970,-368.679500,865761.875000,
8.478000,-0.392210,0.608830,1.630370,368.789610,-368.679500,865787.187500,
8.480000,-0.390930,0.602420,1.548340,368.821320,-368.679500,865812.500000,1.000000
8.482000,-0.390930,0.604980,1.722660,368.852940,-368.679500,865837.750000,
8.484000,-0.392210,0.617800,1.640630,368.884520,-368.679500,865863.062500,
8.486000,-0.390930,0.643430,1.712400,368.916020,-368.679500,865888.375000,
8.488000,-0.390930,0.657530,1.784180,368.947510,-368.679500,865913.625000,1.000000
8.490000,-0.392210,0.657530,1.917480,368.979030,-368.679500,865938.937500,
8.492000,-0.389650,0.670350,1.722660,369.010530,-368.679500,865964.250000,
8.494000,-0.388370,0.688290,1.691890,369.041960,-368.679500,865989.500000,
8.496000,-0.389650,0.707520,1.866210,369.073460,-368.679500,866014.812500,1.000000
8.498000,-0.390930,0.704960,1.691890,369.105010,-368.679500,866040.125000,
8.500000,-0.390930,0.685730,2.112300,369.136660,-368.679500,866065.437500,
8.502000,-0.388370,0.666500,1.630370,369.168370,-368.679500,866090.687500,
8.504000,-0.387080,0.646000,1.681640,369.200070,-368.679500,866116.000000,1.000000
8.506000,-0.389650,0.642150,1.681640,369.231810,-368.679500,866141.312500,
8.508000,-0.390930,0.652400,1.394530,369.263430,-368.679500,866166.562500,
8.510000,-0.388370,0.663940,1.671390,369.295040,-368.679500,866191.875000,
8.512000,-0.389650,0.679320,1.753420,369.326660,-368.679500,866217.187500,1.000000
8.514000,-0.388370,0.690860,1.835450,369.358220,-368.679500,866242.437500,
8.516000,-0.387080,0.698550,1.579100,369.389800,-368.679500,866267.750000,
8.518000,-0.388370,0.707520,1.968750,369.421390,-368.679500,866293.125000,
8.520000,-0.389650,0.697270,1.691890,369.453060,-368.679500,866318.312500,1.000000
8.522000,-0.388370,0.687010,1.876460,369.484770,-368.679500,866343.750000,
8.524000,-0.385800,0.670350,2.122560,369.516510,-368.679500,866368.937500,
8.526000,-0.388370,0.667790,1.702150,369.548190,-368.679500,866394.312500,
8.528000,-0.388370,0.670350,2.030270,369.579860,-368.679500,866419.625000,1.000000
8.530000,-0.388370,0.670350,1.691890,369.611510,-368.679500,866444.875000,
8.532000,-0.388370,0.657530,1.876460,369.643190,-368.679500,866470.187500,
8.534000,-0.388370,0.639590,1.722660,369.674930,-368.679500,866495.500000,
8.536000,-0.387080,0.640870,1.732910,369.706540,-368.679500,866520.750000,1.000000
8.538000,-0.387080,0.640870,1.794430,369.738190,-368.679500,866546.062500,
8.540000,-0.388370,0.638310,1.681640,369.769840,-368.679500,866571.375000,
8.542000,-0.388370,0.651120,1.579100,369.801360,-368.679500,866596.687500,
8.544000,-0.385800,0.680600,1.497070,369.832860,-368.679500,866621.937500,1.000000
8.546000,-0.384520,0.703670,1.773930,369.864350,-368.679500,866647.250000,
8.548000,-0.387080,0.701110,2.112300,369.895940,-368.679500,866672.562500,
8.550000,-0.384520,0.689580,1.989260,369.927610,-368.679500,866697.812500,
8.552000,-0.387080,0.679320,1.825200,369.959320,-368.679500,866723.125000,1.000000
8.554000,-0.384520,0.671630,1.702150,369.991060,-368.679500,866748.437500,
8.556000,-0.384520,0.675480,1.558590,370.022740,-368.679500,866773.687500,
8.558000,-0.384520,0.667790,1.517580,370.054410,-368.679500,866799.000000,
8.560000,-0.384520,0.656250,1.896970,370.086150,-368.679500,866824.312500,1.000000
8.562000,-0.387080,0.648560,1.804690,370.117830,-368.679500,866849.562500,
8.564000,-0.387080,0.653690,1.937990,370.149440,-368.679500,866874.875000,
8.566000,-0.385800,0.657530,1.609860,370.181060,-368.679500,866900.187500,
8.568000,-0.384520,0.653690,1.476560,370.212650,-368.679500,866925.437500,1.000000
8.570000,-0.385800,0.648560,1.466310,370.244230,-368.679500,866950.750000,
8.572000,-0.385800,0.640870,1.476560,370.275850,-368.679500,866976.062500,
8.574000,-0.383240,0.631900,2.020020,370.307460,-368.679500,867001.375000,
8.576000,-0.384520,0.642150,2.112300,370.339080,-368.679500,867026.625000,1.000000
8.578000,-0.383240,0.656250,2.153320,370.370670,-368.679500,867051.937500,
8.580000,-0.383240,0.660100,1.835450,370.402310,-368.679500,867077.250000,
8.582000,-0.383240,0.654970,1.476560,370.433990,-368.679500,867102.500000,
8.584000,-0.384520,0.648560,1.753420,370.465700,-368.679500,867127.812500,1.000000
8.586000,-0.383240,0.643430,1.866210,370.497410,-368.679500,867153.125000,
8.588000,-0.383240,0.642150,2.071290,370.529110,-368.679500,867178.500000,
8.590000,-0.381960,0.658810,1.855960,370.560700,-368.679500,867203.687500,
8.592000,-0.385800,0.678040,1.640630,370.592250,-368.679500,867229.062500,1.000000
8.594000,-0.385800,0.711360,1.640630,370.623660,-368.679500,867254.375000,
8.596000,-0.384520,0.744690,1.620120,370.655060,-368.679500,867279.687500,
8.598000,-0.383240,0.745970,1.773930,370.686550,-368.679500,867304.937500,
8.600000,-0.381960,0.721620,1.743160,370.718170,-368.679500,867330.250000,1.000000
8.602000,-0.381960,0.703670,2.009770,370.749880,-368.679500,867355.562500,
8.604000,-0.384520,0.688290,1.804690,370.781590,-368.679500,867380.812500,
8.606000,-0.385800,0.667790,1.855960,370.813420,-368.679500,867406.125000,
8.608000,-0.383240,0.657530,1.517580,370.845210,-368.679500,867431.437500,1.000000
8.610000,-0.380680,0.649840,1.917480,370.876980,-368.679500,867456.687500,
8.612000,-0.380680,0.639590,1.855960,370.908720,-368.679530,867482.000000,
8.614000,-0.383240,0.629330,2.050780,370.940490,-368.679500,867507.312500,
8.616000,-0.383240,0.634460,1.886720,370.972200,-368.679500,867532.625000,1.000000
8.618000,-0.383240,0.654970,1.415040,371.003810,-368.679500,867557.875000,
8.620000,-0.381960,0.674190,1.753420,371.035340,-368.679500,867583.187500,
8.622000,-0.381960,0.697270,1.107420,371.066770,-368.679500,867608.500000,
8.624000,-0.380680,0.704960,1.855960,371.098300,-368.679500,867633.750000,1.000000
8.626000,-0.381960,0.695980,1.784180,371.129880,-368.679500,867659.062500,
8.628000,-0.383240,0.693420,1.896970,371.161470,-368.679500,867684.375000,
8.630000,-0.380680,0.708800,1.650880,371.193020,-368.679500,867709.625000,
8.632000,-0.380680,0.701110,1.702150,371.224670,-368.679500,867734.937500,1.000000
8.634000,-0.380680,0.669070,1.773930,371.256440,-368.679530,867760.250000,
8.636000,-0.379390,0.633180,1.825200,371.288240,-368.679530,867785.500000,
8.638000,-0.379390,0.606260,1.917480,371.320100,-368.679500,867810.812500,
8.640000,-0.378110,0.589600,1.866210,371.351900,-368.679500,867836.125000,1.000000
8.642000,-0.380680,0.592160,1.979000,371.383640,-368.679500,867861.375000,
8.644000,-0.380680,0.622920,1.866210,371.415160,-368.679500,867886.687500,
8.646000,-0.380680,0.658810,1.609860,371.446690,-368.679500,867912.000000,
8.648000,-0.380680,0.680600,1.732910,371.478150,-368.679500,867937.250000,1.000000
8.650000,-0.379390,0.688290,1.579100,371.509640,-368.679500,867962.562500,
8.652000,-0.376830,0.681880,1.691890,371.541200,-368.679500,867987.937500,
8.654000,-0.378110,0.680600,1.753420,371.572810,-368.679500,868013.250000,
8.656000,-0.381960,0.693420,1.661130,371.604370,-368.679500,868038.562500,1.000000
8.658000,-0.380680,0.713930,1.620120,371.635890,-368.679500,868063.875000,
8.660000,-0.378110,0.725460,1.640630,371.667450,-368.679500,868089.125000,
8.662000,-0.376830,0.729310,2.132810,371.699040,-368.679500,868114.437500,
8.664000,-0.378110,0.719060,1.896970,371.730710,-368.679500,868139.750000,1.000000
8.666000,-0.376830,0.697270,1.907230,371.762420,-368.679500,868165.000000,
8.668000,-0.379390,0.681880,1.661130,371.794190,-368.679500,868190.312500,
8.670000,-0.379390,0.688290,1.763670,371.825840,-368.679500,868215.625000,
8.672000,-0.379390,0.701110,1.784180,371.857420,-368.679500,868240.875000,1.000000
8.674000,-0.378110,0.708800,1.691890,371.888980,-368.679500,868266.187500,
8.676000,-0.378110,0.704960,1.876460,371.920620,-368.679500,868291.500000,
8.678000,-0.379390,0.698550,1.640630,371.952300,-368.679500,868316.750000,
8.680000,-0.379390,0.697270,1.661130,371.983950,-368.679500,868342.062500,1.000000
8.682000,-0.378110,0.703670,1.456050,372.015590,-368.679500,868367.375000,
8.684000,-0.379390,0.704960,1.456050,372.047300,-368.679500,868392.625000,
8.686000,-0.378110,0.685730,1.548340,372.079040,-368.679530,868417.937500,
8.688000,-0.376830,0.654970,1.609860,372.110840,-368.679530,868443.250000,1.000000
8.690000,-0.376830,0.640870,2.194340,372.142640,-368.679500,868468.500000,
8.692000,-0.378110,0.639590,2.091800,372.174350,-368.679500,868493.812500,
8.694000,-0.376830,0.658810,1.876460,372.205930,-368.679500,868519.125000,
8.696000,-0.375550,0.706240,1.517580,372.237340,-368.679500,868544.437500,1.000000
8.698000,-0.378110,0.743410,1.702150,372.268740,-368.679500,868569.687500,
8.700000,-0.379390,0.738280,1.907230,372.300170,-368.679500,868595.000000,
8.702000,-0.376830,0.740840,1.732910,372.331670,-368.679500,868620.312500,
8.704000,-0.376830,0.735720,1.979000,372.363220,-368.679500,868645.562500,1.000000
8.706000,-0.376830,0.717770,1.702150,372.394870,-368.679500,868670.875000,
8.708000,-0.376830,0.715210,1.866210,372.426540,-368.679500,868696.187500,
8.710000,-0.375550,0.706240,1.599610,372.458310,-368.679530,868721.437500,
8.712000,-0.378110,0.688290,1.599610,372.490080,-368.679530,868746.875000,1.000000
8.714000,-0.378110,0.676760,1.712400,372.521880,-368.679530,868772.125000,
8.716000,-0.375550,0.667790,2.071290,372.553650,-368.679530,868797.437500,
8.718000,-0.374270,0.646000,1.968750,372.585450,-368.679530,868822.750000,
8.720000,-0.376830,0.637020,1.917480,372.617190,-368.679500,868848.000000,1.000000
8.722000,-0.376830,0.663940,1.886720,372.648770,-368.679500,868873.312500,
8.724000,-0.376830,0.702390,1.702150,372.680240,-368.679500,868898.625000,
8.726000,-0.375550,0.724180,1.845700,372.711700,-368.679500,868923.875000,
8.728000,-0.375550,0.735720,1.948240,372.743160,-368.679500,868949.187500,1.000000
8.730000,-0.375550,0.730590,1.876460,372.774690,-368.679500,868974.500000,
8.732000,-0.374270,0.711360,1.527830,372.806300,-368.679500,868999.812500,
8.734000,-0.375550,0.698550,1.609860,372.837920,-368.679530,869025.062500,
8.736000,-0.376830,0.702390,1.404790,372.869540,-368.679500,869050.375000,1.000000
8.738000,-0.375550,0.684450,1.661130,372.901250,-368.679530,869075.687500,
8.740000,-0.371700,0.667790,1.825200,372.933010,-368.679530,869100.937500,
8.742000,-0.376830,0.642150,1.753420,372.964810,-368.679530,869126.250000,
8.744000,-0.374270,0.644710,1.784180,372.996520,-368.679530,869151.562500,1.000000
8.746000,-0.374270,0.674190,1.671390,373.028110,-368.679500,869176.812500,
8.748000,-0.375550,0.708800,1.507320,373.059630,-368.679500,869202.125000,
8.750000,-0.374270,0.735720,1.876460,373.091130,-368.679500,869227.437500,
8.752000,-0.374270,0.730590,1.958500,373.122710,-368.679530,869252.687500,1.000000
8.754000,-0.372990,0.737000,2.030270,373.154240,-368.679530,869278.000000,
8.756000,-0.376830,0.752380,2.020020,373.185730,-368.679500,869303.312500,
8.758000,-0.374270,0.769040,1.876460,373.217250,-368.679500,869328.562500,
8.760000,-0.372990,0.776730,1.476560,373.248810,-368.679500,869353.875000,1.000000
8.762000,-0.372990,0.775450,1.527830,373.280400,-368.679530,869379.187500,
8.764000,-0.372990,0.757510,1.630370,373.312100,-368.679530,869404.437500,
8.766000,-0.374270,0.735720,1.794430,373.343810,-368.679530,869429.750000,
8.768000,-0.371700,0.706240,1.876460,373.375610,-368.679530,869455.062500,1.000000
8.770000,-0.374270,0.679320,1.702150,373.407440,-368.679500,869480.375000,
8.772000,-0.374270,0.671630,1.640630,373.439180,-368.679530,869505.625000,
8.774000,-0.372990,0.689580,1.620120,373.470790,-368.679530,869530.937500,
8.776000,-0.374270,0.708800,1.907230,373.502380,-368.679530,869556.250000,1.000000
8.778000,-0.374270,0.720340,2.050780,373.533940,-368.679530,869581.500000,
8.780000,-0.374270,0.729310,2.050780,373.565460,-368.679500,869606.937500,
8.782000,-0.371700,0.735720,1.743160,373.597020,-368.679530,869632.187500,
8.784000,-0.372990,0.728030,1.722660,373.628660,-368.679530,869657.500000,1.000000
8.786000,-0.374270,0.725460,1.681640,373.660310,-368.679530,869682.812500,
8.788000,-0.372990,0.721620,1.661130,373.691960,-368.679530,869708.062500,
8.790000,-0.371700,0.716490,1.814940,373.723630,-368.679530,869733.375000,
8.792000,-0.372990,0.708800,1.794430,373.755310,-368.679530,869758.687500,1.000000
8.794000,-0.371700,0.687010,1.835450,373.787050,-368.679530,869783.937500,
8.796000,-0.371700,0.681880,1.640630,373.818730,-368.679530,869809.250000,
8.798000,-0.372990,0.689580,1.271480,373.850340,-368.679530,869834.562500,
8.800000,-0.374270,0.704960,1.497070,373.881870,-368.679530,869859.812500,1.000000
8.802000,-0.371700,0.717770,1.579100,373.913390,-368.679530,869885.125000,
8.804000,-0.371700,0.711360,2.214840,373.944980,-368.679530,869910.437500,
8.806000,-0.372990,0.706240,2.102050,373.976560,-368.679530,869935.687500,
8.808000,-0.372990,0.716490,1.763670,374.008090,-368.679530,869961.000000,1.000000
8.810000,-0.371700,0.728030,1.599610,374.039610,-368.679530,869986.312500,
8.812000,-0.371700,0.742130,1.517580,374.071170,-368.679530,870011.625000,
8.814000,-0.372990,0.744690,1.784180,374.102780,-368.679530,870036.875000,
8.816000,-0.370420,0.734440,1.784180,374.134460,-368.679530,870062.187500,1.000000
8.818000,-0.370420,0.719060,2.040530,374.166200,-368.679530,870087.500000,
8.820000,-0.371700,0.707520,1.753420,374.197940,-368.679530,870112.750000,
8.822000,-0.374270,0.725460,1.784180,374.229550,-368.679530,870138.062500,
8.824000,-0.371700,0.753660,1.609860,374.261080,-368.679530,870163.375000,1.000000
8.826000,-0.371700,0.775450,1.425290,374.292570,-368.679530,870188.625000,
8.828000,-0.372990,0.788270,1.866210,374.324100,-368.679530,870213.937500,
8.830000,-0.371700,0.804930,1.845700,374.355560,-368.679530,870239.250000,
8.832000,-0.371700,0.813900,2.184080,374.387050,-368.679530,870264.500000,1.000000
8.834000,-0.371700,0.810060,1.814940,374.418640,-368.679530,870289.812500,
8.836000,-0.371700,0.783140,1.968750,374.450320,-368.679530,870315.125000,
8.838000,-0.370420,0.740840,1.599610,374.482120,-368.679530,870340.375000,
8.840000,-0.370420,0.704960,1.691890,374.514010,-368.679530,870365.687500,1.000000
8.842000,-0.371700,0.685730,2.132810,374.545840,-368.679530,870391.000000,
8.844000,-0.370420,0.678040,1.763670,374.577610,-368.679530,870416.312500,
8.846000,-0.369140,0.675480,1.743160,374.609340,-368.679530,870441.562500,
8.848000,-0.370420,0.672910,1.466310,374.641080,-368.679530,870466.875000,1.000000
8.850000,-0.371700,0.679320,1.548340,374.672700,-368.679530,870492.250000,
8.852000,-0.371700,0.690860,1.702150,374.704280,-368.679530,870517.562500,
8.854000,-0.370420,0.726750,1.681640,374.735690,-368.679530,870542.875000,
8.856000,-0.371700,0.766480,1.866210,374.767060,-368.679530,870568.125000,1.000000
8.858000,-0.371700,0.795960,1.568850,374.798370,-368.679530,870593.437500,
8.860000,-0.369140,0.813900,1.958500,374.829740,-368.679530,870618.750000,
8.862000,-0.370420,0.817750,1.517580,374.861210,-368.679530,870644.000000,
8.864000,-0.370420,0.817750,1.763670,374.892730,-368.679530,870669.312500,1.000000
8.866000,-0.370420,0.802370,2.040530,374.924350,-368.679530,870694.625000,
8.868000,-0.367860,0.765200,1.732910,374.956120,-368.679530,870719.875000,
8.870000,-0.369140,0.708800,2.173830,374.988040,-368.679530,870745.187500,
8.872000,-0.369140,0.671630,1.794430,375.019960,-368.679530,870770.500000,1.000000
8.874000,-0.369140,0.663940,1.640630,375.051790,-368.679530,870795.750000,
8.876000,-0.369140,0.675480,1.476560,375.083440,-368.679530,870821.062500,
8.878000,-0.370420,0.681880,1.650880,375.115110,-368.679530,870846.375000,
8.880000,-0.369140,0.687010,1.722660,375.146730,-368.679530,870871.625000,1.000000
8.882000,-0.367860,0.698550,1.886720,375.178310,-368.679530,870896.937500,
8.884000,-0.370420,0.711360,1.876460,375.209810,-368.679530,870922.250000,
8.886000,-0.371700,0.739560,1.650880,375.241210,-368.679530,870947.562500,
8.888000,-0.369140,0.760070,1.896970,375.272640,-368.679530,870972.812500,1.000000
8.890000,-0.367860,0.758790,1.825200,375.304170,-368.679530,870998.125000,
8.892000,-0.367860,0.756230,1.968750,375.335720,-368.679530,871023.437500,
8.894000,-0.369140,0.751100,2.040530,375.367310,-368.679530,871048.687500,
8.896000,-0.369140,0.756230,1.948240,375.398860,-368.679530,871074.000000,1.000000
8.898000,-0.366580,0.760070,1.753420,375.430450,-368.679530,871099.312500,
8.900000,-0.369140,0.752380,1.876460,375.462100,-368.679530,871124.562500,
8.902000,-0.367860,0.724180,1.702150,375.493840,-368.679530,871149.875000,
8.904000,-0.367860,0.692140,1.661130,375.525630,-368.679530,871175.187500,1.000000
8.906000,-0.370420,0.679320,1.671390,375.557340,-368.679530,871200.437500,
8.908000,-0.369140,0.701110,1.794430,375.588960,-368.679530,871225.750000,
8.910000,-0.367860,0.728030,1.650880,375.620480,-368.679530,871251.125000,
8.912000,-0.366580,0.740840,1.517580,375.651980,-368.679530,871276.437500,1.000000
8.914000,-0.369140,0.745970,1.435550,375.683530,-368.679530,871301.750000,
8.916000,-0.366580,0.742130,1.743160,375.715120,-368.679530,871327.000000,
8.918000,-0.367860,0.737000,2.020020,375.746770,-368.679530,871352.312500,
8.920000,-0.369140,0.735720,2.061040,375.778380,-368.679530,871377.625000,1.000000
8.922000,-0.367860,0.745970,1.784180,375.809970,-368.679530,871402.875000,
8.924000,-0.366580,0.760070,1.691890,375.841580,-368.679530,871428.187500,
8.926000,-0.367860,0.765200,1.620120,375.873140,-368.679530,871453.500000,
8.928000,-0.367860,0.761350,1.527830,375.904790,-368.679530,871478.812500,1.000000
8.930000,-0.367860,0.761350,1.907230,375.936370,-368.679530,871504.062500,
8.932000,-0.366580,0.762630,1.958500,375.967960,-368.679530,871529.375000,
8.934000,-0.369140,0.754940,1.917480,375.999600,-368.679530,871554.687500,
8.936000,-0.366580,0.728030,1.722660,376.031310,-368.679530,871579.937500,1.000000
8.938000,-0.367860,0.710080,1.609860,376.062990,-368.679530,871605.250000,
8.940000,-0.367860,0.699830,1.466310,376.094670,-368.679530,871630.562500,
8.942000,-0.367860,0.688290,1.579100,376.126370,-368.679530,871655.812500,
8.944000,-0.366580,0.675480,1.927730,376.158110,-368.679530,871681.125000,1.000000
8.946000,-0.365300,0.666500,2.266110,376.189820,-368.679530,871706.437500,
8.948000,-0.366580,0.662660,2.173830,376.221500,-368.679530,871731.687500,
8.950000,-0.366580,0.670350,1.907230,376.253110,-368.679530,871757.000000,
8.952000,-0.365300,0.676760,1.456050,376.284700,-368.679530,871782.312500,1.000000
8.954000,-0.364010,0.683170,1.702150,376.316280,-368.679530,871807.562500,
8.956000,-0.366580,0.687010,1.979000,376.347840,-368.679530,871832.875000,
8.958000,-0.367860,0.706240,2.030270,376.379300,-368.679530,871858.187500,
8.960000,-0.366580,0.734440,1.866210,376.410710,-368.679530,871883.500000,1.000000
8.962000,-0.366580,0.771610,1.753420,376.442080,-368.679530,871908.750000,
8.964000,-0.369140,0.792110,1.486820,376.473420,-368.679530,871934.062500,
8.966000,-0.366580,0.793400,1.609860,376.504880,-368.679530,871959.375000,
8.968000,-0.364010,0.751100,1.599610,376.536560,-368.679530,871984.625000,1.000000
8.970000,-0.366580,0.697270,1.886720,376.568390,-368.679530,872010.062500,
8.972000,-0.367860,0.674190,1.948240,376.600190,-368.679530,872035.312500,
8.974000,-0.365300,0.672910,1.937990,376.631930,-368.679530,872060.625000,
8.976000,-0.364010,0.684450,1.753420,376.663600,-368.679530,872085.937500,1.000000
8.978000,-0.365300,0.672910,1.507320,376.695310,-368.679530,872111.187500,
8.980000,-0.365300,0.665220,1.948240,376.727020,-368.679530,872136.500000,
8.982000,-0.364010,0.669070,1.743160,376.758640,-368.679530,872161.812500,
8.984000,-0.365300,0.695980,2.194340,376.790130,-368.679530,872187.062500,1.000000
8.986000,-0.367860,0.737000,1.743160,376.821530,-368.679530,872212.375000,
8.988000,-0.366580,0.761350,1.568850,376.852970,-368.679530,872237.687500,
8.990000,-0.365300,0.763920,1.497070,376.884430,-368.679530,872262.937500,
8.992000,-0.366580,0.763920,1.404790,376.915990,-368.679530,872288.250000,1.000000
8.994000,-0.365300,0.760070,1.722660,376.947510,-368.679530,872313.562500,
8.996000,-0.366580,0.749820,1.845700,376.979160,-368.679530,872338.812500,
8.998000,-0.365300,0.740840,1.979000,377.010770,-368.679530,872364.125000,
9.000000,-0.367860,0.729310,1.630370,377.042480,-368.679530,872389.437500,1.000000
9.002000,-0.366580,0.695980,2.009770,377.074250,-368.679530,872414.750000,
9.004000,-0.365300,0.656250,1.732910,377.106110,-368.679530,872440.000000,
9.006000,-0.366580,0.628050,1.927730,377.137940,-368.679530,872465.312500,
9.008000,-0.365300,0.624210,2.091800,377.169680,-368.679530,872490.625000,1.000000
9.010000,-0.364010,0.634460,2.040530,377.201320,-368.679530,872515.875000,
9.012000,-0.365300,0.651120,1.968750,377.232910,-368.679530,872541.187500,
9.014000,-0.366580,0.672910,1.835450,377.264430,-368.679530,872566.500000,
9.016000,-0.367860,0.693420,1.743160,377.295840,-368.679530,872591.750000,1.000000
9.018000,-0.364010,0.711360,1.743160,377.327270,-368.679530,872617.062500,
9.020000,-0.364010,0.711360,1.712400,377.358760,-368.679530,872642.375000,
9.022000,-0.364010,0.707520,1.855960,377.390320,-368.679530,872667.625000,
9.024000,-0.362730,0.722900,1.702150,377.421810,-368.679530,872692.937500,1.000000
9.026000,-0.365300,0.748540,1.558590,377.453280,-368.679530,872718.250000,
9.028000,-0.366580,0.762630,1.579100,377.484770,-368.679530,872743.500000,
9.030000,-0.364010,0.757510,1.681640,377.516360,-368.679530,872768.812500,
9.032000,-0.362730,0.731870,2.112300,377.548070,-368.679530,872794.125000,1.000000
9.034000,-0.364010,0.689580,2.040530,377.579860,-368.679530,872819.375000,
9.036000,-0.365300,0.653690,1.855960,377.611690,-368.679530,872844.687500,
9.038000,-0.365300,0.640870,1.661130,377.643460,-368.679530,872870.000000,
9.040000,-0.364010,0.653690,1.620120,377.675110,-368.679530,872895.312500,1.000000
9.042000,-0.364010,0.658810,1.568850,377.706760,-368.679530,872920.562500,
9.044000,-0.364010,0.658810,1.825200,377.738370,-368.679530,872946.000000,
9.046000,-0.361450,0.651120,1.979000,377.770020,-368.679570,872971.250000,
9.048000,-0.362730,0.644710,1.804690,377.801640,-368.679530,872996.562500,1.000000
9.050000,-0.366580,0.662660,1.671390,377.833220,-368.679530,873021.875000,
9.052000,-0.364010,0.685730,1.609860,377.864750,-368.679530,873047.125000,
9.054000,-0.362730,0.688290,1.456050,377.896300,-368.679530,873072.437500,
9.056000,-0.364010,0.679320,1.476560,377.927950,-368.679530,873097.750000,1.000000
9.058000,-0.364010,0.670350,1.845700,377.959560,-368.679530,873123.000000,
9.060000,-0.361450,0.678040,2.286620,377.991180,-368.679530,873148.312500,
9.062000,-0.362730,0.701110,2.143070,378.022670,-368.679530,873173.625000,
9.064000,-0.365300,0.722900,1.866210,378.054140,-368.679530,873198.875000,1.000000
9.066000,-0.362730,0.738280,1.497070,378.085660,-368.679530,873224.187500,
9.068000,-0.362730,0.717770,1.763670,378.117250,-368.679530,873249.500000,
9.070000,-0.364010,0.692140,1.979000,378.148900,-368.679530,873274.750000,
9.072000,-0.364010,0.687010,1.825200,378.180540,-368.679530,873300.062500,1.000000
9.074000,-0.362730,0.689580,1.896970,378.212190,-368.679530,873325.375000,
9.076000,-0.364010,0.703670,1.845700,378.243840,-368.679530,873350.625000,
9.078000,-0.364010,0.701110,1.579100,378.275510,-368.679530,873375.937500,
9.080000,-0.364010,0.688290,1.558590,378.307250,-368.679570,873401.250000,1.000000
9.082000,-0.362730,0.681880,1.763670,378.338960,-368.679570,873426.562500,
9.084000,-0.364010,0.689580,1.599610,378.370610,-368.679530,873451.812500,
9.086000,-0.364010,0.702390,1.999510,378.402160,-368.679530,873477.125000,
9.088000,-0.364010,0.713930,1.866210,378.433780,-368.679530,873502.437500,1.000000
9.090000,-0.362730,0.722900,1.866210,378.465360,-368.679530,873527.687500,
9.092000,-0.365300,0.737000,1.794430,378.496890,-368.679530,873553.000000,
9.094000,-0.364010,0.749820,1.671390,378.528410,-368.679530,873578.312500,
9.096000,-0.361450,0.753660,1.794430,378.559940,-368.679530,873603.562500,1.000000
9.098000,-0.364010,0.735720,1.958500,378.591550,-368.679530,873628.875000,
9.100000,-0.362730,0.711360,1.876460,378.623260,-368.679530,873654.187500,
9.102000,-0.364010,0.681880,1.476560,378.655000,-368.679530,873679.562500,
9.104000,-0.362730,0.657530,1.630370,378.686740,-368.679530,873704.875000,1.000000
9.106000,-0.365300,0.644710,1.466310,378.718510,-368.679530,873730.125000,
9.108000,-0.362730,0.635740,1.599610,378.750210,-368.679530,873755.437500,
9.110000,-0.360170,0.628050,1.855960,378.781920,-368.679530,873780.750000,
9.112000,-0.364010,0.628050,1.937990,378.813600,-368.679530,873806.000000,1.000000
9.114000,-0.362730,0.637020,1.763670,378.845210,-368.679530,873831.312500,
9.116000,-0.364010,0.658810,1.681640,378.876740,-368.679530,873856.625000,
9.118000,-0.361450,0.685730,1.825200,378.908230,-368.679530,873881.937500,
9.120000,-0.362730,0.694700,1.876460,378.939760,-368.679530,873907.187500,1.000000
9.122000,-0.364010,0.690860,1.773930,378.971280,-368.679530,873932.500000,
9.124000,-0.361450,0.699830,2.143070,379.002780,-368.679530,873957.812500,
9.126000,-0.361450,0.724180,1.989260,379.034210,-368.679530,873983.062500,
9.128000,-0.362730,0.748540,2.091800,379.065640,-368.679530,874008.375000,1.000000
9.130000,-0.364010,0.757510,1.445800,379.097140,-368.679530,874033.687500,
9.132000,-0.362730,0.740840,1.517580,379.128810,-368.679570,874058.937500,
9.134000,-0.362730,0.710080,1.538090,379.160520,-368.679570,874084.250000,
9.136000,-0.364010,0.688290,1.804690,379.192260,-368.679530,874109.562500,1.000000
9.138000,-0.362730,0.671630,1.907230,379.224030,-368.679530,874134.812500,
9.140000,-0.361450,0.662660,1.661130,379.255770,-368.679530,874160.125000,
9.142000,-0.364010,0.665220,1.917480,379.287480,-368.679530,874185.437500,
9.144000,-0.362730,0.681880,1.445800,379.319090,-368.679530,874210.687500,1.000000
9.146000,-0.361450,0.698550,1.937990,379.350680,-368.679530,874236.000000,
9.148000,-0.362730,0.702390,1.845700,379.382260,-368.679530,874261.312500,
9.150000,-0.362730,0.722900,2.050780,379.413790,-368.679530,874286.562500,
9.152000,-0.362730,0.740840,1.599610,379.445310,-368.679530,874311.875000,1.000000
9.154000,-0.360170,0.749820,1.763670,379.476870,-368.679530,874337.187500,
9.156000,-0.364010,0.745970,1.702150,379.508510,-368.679530,874362.500000,
9.158000,-0.362730,0.745970,1.507320,379.540160,-368.679530,874387.750000,
9.160000,-0.361450,0.743410,1.866210,379.571840,-368.679530,874413.062500,1.000000
9.162000,-0.362730,0.739560,1.579100,379.603520,-368.679530,874438.375000,
9.164000,-0.361450,0.725460,1.784180,379.635250,-368.679570,874463.750000,
9.166000,-0.361450,0.699830,1.630370,379.667050,-368.679570,874489.062500,
9.168000,-0.361450,0.672910,1.394530,379.698850,-368.679530,874514.312500,1.000000
9.170000,-0.362730,0.653690,1.538090,379.730650,-368.679530,874539.625000,
9.172000,-0.362730,0.660100,1.579100,379.762360,-368.679530,874564.937500,
9.174000,-0.361450,0.665220,2.255860,379.793980,-368.679530,874590.187500,
9.176000,-0.361450,0.687010,1.937990,379.825500,-368.679530,874615.500000,1.000000
9.178000,-0.362730,0.703670,1.958500,379.857060,-368.679570,874640.812500,
9.180000,-0.360170,0.704960,1.497070,379.888610,-368.679570,874666.062500,
9.182000,-0.361450,0.707520,1.671390,379.920260,-368.679570,874691.375000,
9.184000,-0.361450,0.710080,1.948240,379.951870,-368.679530,874716.687500,1.000000
9.186000,-0.361450,0.710080,1.691890,379.983520,-368.679530,874741.937500,
9.188000,-0.358890,0.702390,2.143070,380.015200,-368.679570,874767.250000,
9.190000,-0.361450,0.695980,1.732910,380.046940,-368.679570,874792.562500,
9.192000,-0.362730,0.693420,1.784180,380.078580,-368.679530,874817.812500,1.000000
9.194000,-0.361450,0.703670,1.517580,380.110200,-368.679570,874843.125000,
9.196000,-0.361450,0.719060,1.579100,380.141780,-368.679530,874868.437500,
9.198000,-0.361450,0.710080,1.773930,380.173460,-368.679530,874893.750000,
9.200000,-0.361450,0.693420,1.886720,380.205110,-368.679570,874919.000000,1.000000
9.202000,-0.360170,0.679320,2.255860,380.236790,-368.679570,874944.312500,
9.204000,-0.361450,0.666500,1.712400,380.268460,-368.679570,874969.625000,
9.206000,-0.364010,0.654970,1.958500,380.300170,-368.679570,874994.875000,
9.208000,-0.361450,0.640870,1.579100,380.331940,-368.679570,875020.187500,1.000000
9.210000,-0.360170,0.640870,1.814940,380.363620,-368.679570,875045.500000,
9.212000,-0.362730,0.639590,2.061040,380.395290,-368.679570,875070.750000,
9.214000,-0.360170,0.649840,1.804690,380.426940,-368.679570,875096.062500,
9.216000,-0.361450,0.656250,1.620120,380.458560,-368.679570,875121.375000,1.000000
9.218000,-0.361450,0.663940,1.466310,380.490170,-368.679570,875146.625000,
9.220000,-0.362730,0.669070,1.620120,380.521790,-368.679570,875171.937500,
9.222000,-0.362730,0.684450,1.620120,380.553310,-368.679570,875197.250000,
9.224000,-0.360170,0.715210,1.814940,380.584810,-368.679530,875222.625000,1.000000
9.226000,-0.361450,0.756230,1.968750,380.616210,-368.679570,875247.937500,
9.228000,-0.362730,0.793400,1.671390,380.647550,-368.679570,875273.187500,
9.230000,-0.361450,0.801090,1.835450,380.679020,-368.679570,875298.500000,
9.232000,-0.360170,0.774170,1.691890,380.710690,-368.679570,875323.812500,1.000000
9.234000,-0.361450,0.739560,1.886720,380.742460,-368.679570,875349.125000,
9.236000,-0.362730,0.719060,1.968750,380.774260,-368.679570,875374.375000,
9.238000,-0.358890,0.704960,2.061040,380.806060,-368.679570,875399.687500,
9.240000,-0.360170,0.695980,2.071290,380.837860,-368.679570,875425.000000,1.000000
9.242000,-0.361450,0.676760,2.009770,380.869690,-368.679570,875450.250000,
9.244000,-0.361450,0.665220,1.404790,380.901520,-368.679570,875475.562500,
9.246000,-0.361450,0.652400,1.548340,380.933290,-368.679570,875500.875000,
9.248000,-0.362730,0.653690,1.681640,380.965060,-368.679570,875526.125000,1.000000
9.250000,-0.362730,0.679320,1.855960,380.996640,-368.679530,875551.437500,
9.252000,-0.361450,0.711360,1.773930,381.028140,-368.679570,875576.750000,
9.254000,-0.361450,0.735720,1.804690,381.059570,-368.679570,875602.000000,
9.256000,-0.364010,0.751100,1.753420,381.091060,-368.679570,875627.312500,1.000000
9.258000,-0.362730,0.749820,1.773930,381.122620,-368.679570,875652.625000,
9.260000,-0.360170,0.756230,1.784180,381.154170,-368.679570,875677.875000,
9.262000,-0.361450,0.760070,2.204590,381.185760,-368.679570,875703.187500,
9.264000,-0.360170,0.751100,1.937990,381.217440,-368.679570,875728.500000,1.000000
9.266000,-0.358890,0.717770,1.835450,381.249240,-368.679600,875753.750000,
9.268000,-0.360170,0.666500,1.773930,381.281160,-368.679570,875779.062500,
9.270000,-0.361450,0.625490,1.753420,381.313080,-368.679570,875804.375000,
9.272000,-0.361450,0.604980,1.732910,381.344940,-368.679570,875829.687500,1.000000
9.274000,-0.358890,0.604980,1.732910,381.376680,-368.679570,875854.937500,
9.276000,-0.361450,0.621640,1.640630,381.408330,-368.679570,875880.250000,
9.278000,-0.362730,0.662660,1.845700,381.439790,-368.679570,875905.562500,
9.280000,-0.362730,0.701110,1.743160,381.471190,-368.679570,875930.812500,1.000000
9.282000,-0.361450,0.724180,1.240720,381.502590,-368.679570,875956.125000,
9.284000,-0.361450,0.731870,1.661130,381.534090,-368.679570,875981.437500,
9.286000,-0.361450,0.740840,1.620120,381.565580,-368.679570,876006.687500,
9.288000,-0.358890,0.752380,2.184080,381.597110,-368.679570,876032.000000,1.000000
9.290000,-0.360170,0.757510,2.071290,381.628690,-368.679570,876057.312500,
9.292000,-0.360170,0.765200,1.948240,381.660310,-368.679570,876082.562500,
9.294000,-0.360170,0.772890,1.712400,381.691890,-368.679600,876107.875000,
9.296000,-0.358890,0.770320,1.486820,381.723540,-368.679570,876133.250000,1.000000
9.298000,-0.360170,0.745970,1.825200,381.755310,-368.679570,876158.562500,
9.300000,-0.361450,0.716490,1.702150,381.787110,-368.679570,876183.750000,
9.302000,-0.360170,0.708800,2.030270,381.818850,-368.679570,876209.125000,
9.304000,-0.358890,0.720340,1.937990,381.850520,-368.679570,876234.437500,1.000000
9.306000,-0.362730,0.734440,1.763670,381.882110,-368.679570,876259.750000,
9.308000,-0.360170,0.734440,1.753420,381.913760,-368.679570,876285.000000,
9.310000,-0.357600,0.721620,1.568850,381.945470,-368.679570,876310.312500,
9.312000,-0.360170,0.711360,1.445800,381.977170,-368.679570,876335.625000,1.000000
9.314000,-0.361450,0.719060,1.907230,382.008850,-368.679570,876360.937500,
9.316000,-0.360170,0.729310,2.245610,382.040470,-368.679570,876386.187500,
9.318000,-0.358890,0.725460,2.020020,382.072140,-368.679570,876411.500000,
9.320000,-0.358890,0.704960,1.968750,382.103910,-368.679600,876436.812500,1.000000
9.322000,-0.358890,0.683170,1.691890,382.135710,-368.679570,876462.062500,
9.324000,-0.357600,0.674190,1.609860,382.167420,-368.679570,876487.375000,
9.326000,-0.361450,0.689580,1.866210,382.199040,-368.679570,876512.687500,
9.328000,-0.360170,0.735720,1.866210,382.230500,-368.679570,876537.937500,1.000000
9.330000,-0.360170,0.779300,1.753420,382.261900,-368.679570,876563.250000,
9.332000,-0.358890,0.775450,1.599610,382.293370,-368.679570,876588.562500,
9.334000,-0.361450,0.752380,1.579100,382.324950,-368.679570,876613.812500,
9.336000,-0.360170,0.733150,1.589360,382.356600,-368.679570,876639.125000,1.000000
9.338000,-0.358890,0.726750,1.517580,382.388210,-368.679570,876664.437500,
9.340000,-0.360170,0.730590,1.855960,382.419860,-368.679570,876689.687500,
9.342000,-0.360170,0.734440,1.732910,382.451540,-368.679570,876715.000000,
9.344000,-0.358890,0.725460,1.979000,382.483280,-368.679600,876740.312500,1.000000
9.346000,-0.356320,0.712650,1.753420,382.515050,-368.679600,876765.562500,
9.348000,-0.358890,0.690860,1.630370,382.546840,-368.679600,876790.875000,
9.350000,-0.358890,0.674190,1.948240,382.578640,-368.679570,876816.187500,
9.352000,-0.357600,0.669070,1.794430,382.610380,-368.679570,876841.500000,1.000000
9.354000,-0.358890,0.690860,2.204590,382.641970,-368.679570,876866.750000,
9.356000,-0.358890,0.728030,1.773930,382.673460,-368.679570,876892.062500,
9.358000,-0.360170,0.742130,1.671390,382.704960,-368.679570,876917.375000,
9.360000,-0.358890,0.752380,1.650880,382.736450,-368.679570,876942.750000,1.000000
9.362000,-0.360170,0.754940,1.486820,382.767940,-368.679570,876968.062500,
9.364000,-0.360170,0.757510,1.855960,382.799500,-368.679570,876993.312500,
9.366000,-0.358890,0.747250,1.835450,382.831090,-368.679570,877018.625000,
9.368000,-0.360170,0.724180,2.050780,382.862790,-368.679570,877043.937500,1.000000
9.370000,-0.360170,0.692140,1.620120,382.894590,-368.679600,877069.187500,
9.372000,-0.360170,0.674190,1.948240,382.926390,-368.679600,877094.500000,
9.374000,-0.356320,0.661380,1.630370,382.958160,-368.679600,877119.812500,
9.376000,-0.358890,0.647280,2.081540,382.989960,-368.679570,877145.062500,1.000000
9.378000,-0.358890,0.654970,2.040530,383.021640,-368.679600,877170.375000,
9.380000,-0.358890,0.681880,1.907230,383.053220,-368.679570,877195.687500,
9.382000,-0.358890,0.722900,1.999510,383.084690,-368.679570,877220.937500,
9.384000,-0.360170,0.748540,1.650880,383.116120,-368.679570,877246.250000,1.000000
9.386000,-0.360170,0.763920,1.804690,383.147550,-368.679570,877271.562500,
9.388000,-0.357600,0.776730,1.661130,383.179020,-368.679570,877296.875000,
9.390000,-0.358890,0.779300,1.589360,383.210540,-368.679570,877322.125000,
9.392000,-0.360170,0.789550,1.835450,383.242070,-368.679570,877347.437500,1.000000
9.394000,-0.360170,0.795960,1.640630,383.273680,-368.679600,877372.750000,
9.396000,-0.358890,0.792110,1.507320,383.305270,-368.679600,877398.000000,
9.398000,-0.360170,0.757510,1.445800,383.337070,-368.679600,877423.312500,
9.400000,-0.360170,0.712650,1.814940,383.368930,-368.679600,877448.625000,1.000000
9.402000,-0.357600,0.667790,1.937990,383.400820,-368.679600,877473.875000,
9.404000,-0.358890,0.654970,2.009770,383.432620,-368.679570,877499.187500,
9.406000,-0.361450,0.676760,1.958500,383.464260,-368.679570,877524.500000,
9.408000,-0.360170,0.703670,1.517580,383.495850,-368.679600,877549.750000,1.000000
9.410000,-0.358890,0.717770,1.681640,383.527400,-368.679600,877575.062500,
9.412000,-0.360170,0.720340,1.702150,383.558930,-368.679570,877600.375000,
9.414000,-0.360170,0.735720,1.907230,383.590450,-368.679600,877625.625000,
9.416000,-0.358890,0.742130,1.958500,383.622010,-368.679600,877650.937500,1.000000
9.418000,-0.358890,0.739560,1.876460,383.653590,-368.679600,877676.312500,
9.420000,-0.360170,0.734440,1.630370,383.685240,-368.679600,877701.625000,
9.422000,-0.360170,0.725460,1.599610,383.716920,-368.679600,877726.937500,
9.424000,-0.358890,0.704960,1.538090,383.748660,-368.679600,877752.187500,1.000000
9.426000,-0.360170,0.683170,1.456050,383.780360,-368.679600,877777.500000,
9.428000,-0.358890,0.681880,2.081540,383.812040,-368.679600,877802.812500,
9.430000,-0.356320,0.693420,2.194340,383.843630,-368.679600,877828.125000,
9.432000,-0.357600,0.704960,2.153320,383.875180,-368.679600,877853.375000,1.000000
9.434000,-0.358890,0.703670,1.855960,383.906740,-368.679600,877878.687500,
9.436000,-0.360170,0.703670,1.650880,383.938320,-368.679600,877904.000000,
9.438000,-0.358890,0.703670,1.671390,383.969850,-368.679600,877929.250000,
9.440000,-0.358890,0.715210,2.061040,384.001370,-368.679570,877954.562500,1.000000
9.442000,-0.358890,0.733150,1.937990,384.032870,-368.679600,877979.875000,
9.444000,-0.358890,0.740840,1.876460,384.064420,-368.679600,878005.125000,
9.446000,-0.357600,0.743410,1.712400,384.096040,-368.679600,878030.437500,
9.448000,-0.360170,0.742130,1.579100,384.127690,-368.679600,878055.750000,1.000000
9.450000,-0.360170,0.739560,1.650880,384.159330,-368.679600,878081.000000,
9.452000,-0.356320,0.733150,1.650880,384.191040,-368.679600,878106.312500,
9.454000,-0.356320,0.731870,1.732910,384.222690,-368.679600,878131.625000,
9.456000,-0.358890,0.747250,1.989260,384.254270,-368.679600,878156.875000,1.000000
9.458000,-0.358890,0.760070,1.958500,384.285860,-368.679600,878182.187500,
9.460000,-0.358890,0.772890,1.845700,384.317380,-368.679600,878207.500000,
9.462000,-0.360170,0.788270,1.650880,384.348910,-368.679600,878232.750000,
9.464000,-0.358890,0.785710,1.845700,384.380400,-368.679600,878258.062500,1.000000
9.466000,-0.357600,0.783140,1.907230,384.411990,-368.679600,878283.375000,
9.468000,-0.356320,0.753660,1.979000,384.443660,-368.679600,878308.687500,
9.470000,-0.358890,0.719060,1.896970,384.475430,-368.679600,878333.937500,
9.472000,-0.360170,0.698550,1.630370,384.507170,-368.679600,878359.250000,1.000000
9.474000,-0.357600,0.689580,1.640630,384.538910,-368.679600,878384.562500,
9.476000,-0.357600,0.672910,1.507320,384.570680,-368.679600,878409.812500,
9.478000,-0.357600,0.660100,1.630370,384.602450,-368.679600,878435.125000,
9.480000,-0.357600,0.657530,1.927730,384.634160,-368.679600,878460.437500,1.000000
9.482000,-0.357600,0.674190,1.917480,384.665740,-368.679600,878485.687500,
9.484000,-0.360170,0.690860,1.794430,384.697300,-368.679600,878511.125000,
9.486000,-0.360170,0.713930,1.845700,384.728760,-368.679600,878536.375000,
9.488000,-0.356320,0.744690,1.855960,384.760160,-368.679600,878561.687500,1.000000
9.490000,-0.358890,0.762630,1.876460,384.791560,-368.679600,878586.875000,
9.492000,-0.357600,0.784420,1.814940,384.822940,-368.679600,878612.250000,
9.494000,-0.357600,0.804930,2.009770,384.854340,-368.679600,878637.562500,
9.496000,-0.357600,0.802370,2.040530,384.885860,-368.679600,878662.875000,1.000000
9.498000,-0.357600,0.781860,1.825200,384.917480,-368.679600,878688.125000,
9.500000,-0.358890,0.743410,1.630370,384.949250,-368.679600,878713.437500,
9.502000,-0.356320,0.685730,1.732910,384.981140,-368.679600,878738.750000,
9.504000,-0.356320,0.654970,1.456050,385.013030,-368.679600,878764.062500,1.000000
9.506000,-0.360170,0.653690,1.691890,385.044770,-368.679600,878789.312500,
9.508000,-0.357600,0.661380,1.712400,385.076450,-368.679600,878814.625000,
9.510000,-0.357600,0.651120,1.671390,385.108030,-368.679600,878839.937500,
9.512000,-0.360170,0.616520,1.691890,385.139530,-368.679600,878865.187500,1.000000
9.514000,-0.360170,0.578060,1.527830,385.170650,-368.679600,878890.500000,
9.516000,-0.356320,0.529360,2.040530,385.201320,-368.679600,878915.812500,
9.518000,-0.357600,0.456300,1.753420,385.231410,-368.679600,878941.062500,
9.520000,-0.357600,0.357600,1.989260,385.260830,-368.679600,878966.375000,1.000000
9.522000,-0.356320,0.244810,1.609860,385.289340,-368.679630,878991.687500,
9.524000,-0.356320,0.130740,1.732910,385.316710,-368.679600,879016.937500,
9.526000,-0.357600,0.030760,2.030270,385.342740,-368.679600,879042.250000,
9.528000,-0.358890,-0.066650,1.527830,385.367280,-368.679600,879067.562500,1.000000
9.530000,-0.356320,-0.167910,2.009770,385.390110,-368.679600,879092.812500,
9.532000,-0.357600,-0.274290,1.732910,385.411100,-368.679600,879118.125000,
9.534000,-0.357600,-0.376830,1.794430,385.430110,-368.679600,879143.437500,
9.536000,-0.356320,-0.462710,1.620120,385.446960,-368.679600,879168.687500,1.000000
9.538000,-0.355040,-0.524230,1.620120,385.461610,-368.679600,879194.000000,
9.540000,-0.356320,-0.556270,1.558590,385.474060,-368.679600,879219.312500,
9.542000,-0.356320,-0.542180,1.722660,385.484380,-368.679600,879244.625000,
9.544000,-0.355040,-0.485780,2.430180,385.492710,-368.679600,879269.875000,1.000000
9.546000,-0.353760,-0.405030,2.071290,385.499300,-368.679600,879295.187500,
9.548000,-0.355040,-0.314030,2.112300,385.504360,-368.679600,879320.500000,
9.550000,-0.355040,-0.210210,1.548340,385.508150,-368.679600,879345.750000,
9.552000,-0.353760,-0.105100,1.845700,385.510860,-368.679600,879371.062500,1.000000
9.554000,-0.353760,-0.011540,1.907230,385.512700,-368.679600,879396.375000,
9.556000,-0.353760,0.079470,2.020020,385.513920,-368.679600,879421.625000,
9.558000,-0.353760,0.167910,1.855960,385.514740,-368.679600,879446.937500,
9.560000,-0.353760,0.230710,1.948240,385.515290,-368.679600,879472.312500,1.000000
9.562000,-0.355040,0.296080,1.712400,385.515630,-368.679600,879497.625000,
9.564000,-0.356320,0.362730,1.558590,385.515870,-368.679600,879522.937500,
9.566000,-0.355040,0.422970,1.681640,385.516200,-368.679600,879548.187500,
9.568000,-0.356320,0.463990,1.630370,385.516600,-368.679600,879573.500000,1.000000
9.570000,-0.357600,0.496030,2.050780,385.517090,-368.679600,879598.812500,
9.572000,-0.357600,0.530640,2.020020,385.517610,-368.679600,879624.062500,
9.574000,-0.356320,0.567810,1.958500,385.518130,-368.679600,879649.375000,
9.576000,-0.357600,0.608830,1.804690,385.518650,-368.679600,879674.687500,1.000000
9.578000,-0.357600,0.644710,1.732910,385.519170,-368.679600,879699.937500,
9.580000,-0.356320,0.680600,1.855960,385.519710,-368.679600,879725.250000,
9.582000,-0.356320,0.715210,1.937990,385.520230,-368.679600,879750.562500,
9.584000,-0.357600,0.753660,2.030270,385.520720,-368.679600,879775.875000,1.000000
9.586000,-0.357600,0.789550,1.558590,385.521240,-368.679600,879801.125000,
9.588000,-0.356320,0.813900,1.568850,385.521790,-368.679600,879826.437500,
9.590000,-0.357600,0.828000,1.507320,385.522340,-368.679600,879851.750000,
9.592000,-0.357600,0.842100,1.855960,385.522920,-368.679600,879877.000000,1.000000
9.594000,-0.356320,0.848510,1.937990,385.523530,-368.679600,879902.312500,
9.596000,-0.356320,0.852360,1.855960,385.524140,-368.679600,879927.625000,
9.598000,-0.356320,0.848510,1.886720,385.524720,-368.679600,879952.875000,
9.600000,-0.355040,0.830570,1.794430,385.525360,-368.679600,879978.187500,1.000000
9.602000,-0.353760,0.812620,1.681640,385.525970,-368.679600,880003.500000,
9.604000,-0.353760,0.789550,1.937990,385.526580,-368.679600,880028.750000,
9.606000,-0.352480,0.763920,1.999510,385.527130,-368.679600,880054.062500,
9.608000,-0.352480,0.734440,2.143070,385.527680,-368.679600,880079.375000,0.000000
